,Unnamed: 0,Generation,Intertwine_two,Add_vertex,Delete_vertex,Invert_path_vertices,Insert_inside_vertex,Delete_inside_vertex,Replace_inside_vertex,Donate_between_routes,Trim_one_terminal_cb,Grow_one_terminal_cb
0,0.0,0.0,0.1,0.1,0.1,0.1,0.1,0.1,0.1,0.1,0.1,0.1
1,1.0,1.0,0.11449298713976079,0.07648633353690146,0.09860751622122063,0.1098840977019778,0.0856686872620525,0.08960594782541284,0.09445011442830904,0.07737582532349968,0.1357786474791219,0.11764984308174276
2,2.0,2.0,0.11586099459791202,0.09210072697141405,0.1101141244759343,0.09032786988665545,0.08433643591975229,0.0900168505496588,0.07061915361710056,0.07946649181784998,0.1547786746812025,0.11237867748251959
3,3.0,3.0,0.1082743196081258,0.09610774388072679,0.09880499790828949,0.08304740941818714,0.0992734856768034,0.11002837838719345,0.08732580848043359,0.06914745907358366,0.1250251517337225,0.12296524583293374
4,4.0,4.0,0.09841961724005639,0.08655875198680682,0.11055947936023221,0.09818430741479636,0.09497956687821438,0.09788140777728178,0.09162800721247344,0.08225687598150846,0.12427001721879014,0.11526196892983946
5,5.0,5.0,0.10129829059216641,0.08868923268344857,0.1079869767328695,0.08985120108136449,0.07807718876266695,0.09881722991308331,0.08530297901644712,0.07216227344294726,0.14350665655048062,0.13430797122452526
6,6.0,6.0,0.09910221622175501,0.09356249017009184,0.10695703521151331,0.09247012825772481,0.08337212727503328,0.08099988297762513,0.0888606444137909,0.09181070890832539,0.13079787411266144,0.13206689245147835
7,7.0,7.0,0.107039615850457,0.10994725878151415,0.08980861275359683,0.06645075842633634,0.08993958023301422,0.10877415722846773,0.06918076534509329,0.09860689759038159,0.14559565898691623,0.11465669480422191
8,8.0,8.0,0.10761137612550822,0.09772940069847834,0.12250353594440493,0.07548704032387646,0.08377692960834322,0.09401234568728592,0.08682458878616074,0.06672610133085374,0.1383564004337326,0.12697228106135539
9,9.0,9.0,0.12431396979360247,0.0824445448250533,0.10876074011865995,0.07753152205518694,0.08430087475559041,0.09415542661369707,0.07705463498259425,0.06523786808899502,0.14435600440084653,0.1418444143657737
10,10.0,10.0,0.13382373732119449,0.11143360279356998,0.09921145422980607,0.07923283967784636,0.06621692691935495,0.09753200151632042,0.06774652990297636,0.06401020093727663,0.14260240652589481,0.13819030017575945
11,11.0,11.0,0.11077102189928816,0.11582568770046882,0.11610097377876964,0.09067360951946224,0.09429143638815551,0.07600240812581746,0.045314003185368115,0.07776838255011195,0.12700233150312729,0.14625014534943037
12,12.0,12.0,0.12384331753923303,0.13129915060477595,0.11162693277625754,0.085151816352621,0.0699132714521282,0.0733722681978334,0.061633430451868434,0.07796416805954991,0.12078493629796824,0.14441070826776387
13,13.0,13.0,0.13256912858247097,0.12307296164270087,0.10618984860129617,0.08749717072212986,0.07004182685594759,0.0825592211386338,0.0525957028454766,0.0662481594116167,0.11870468292980714,0.16052129726991984
14,14.0,14.0,0.11703620702431425,0.13133594882358393,0.09988799125843625,0.06375562877060872,0.07020932405733882,0.09444367350915292,0.06745285139622263,0.08079063590661359,0.12271465435369884,0.15237308490002954
15,15.0,15.0,0.11174440197907556,0.11358154309789174,0.1150900730847205,0.06627487987721636,0.0832364215926267,0.08169679676932304,0.049558801539616344,0.07844245768828462,0.12424169261883033,0.17613293175241435
16,16.0,16.0,0.15031532873663261,0.10935811875077368,0.11344903540514713,0.07569765177549773,0.07866227417126939,0.0762598779566011,0.045952020257331486,0.06334549354769436,0.12118151996103428,0.16577867943801786
17,17.0,17.0,0.12376857576195957,0.12237879642869406,0.11632195316112741,0.06560997655810494,0.07198670055868188,0.09435834015054119,0.06957882446979621,0.07457097973538081,0.11031633760125197,0.15110951557446153
18,18.0,18.0,0.15324292958443192,0.10381056353251972,0.09948570211137511,0.09281004333148132,0.04854692707653368,0.0804518133905763,0.050432049712203345,0.09372011806991144,0.11967502280458062,0.15782483038638598
19,19.0,19.0,0.13163352504628784,0.11189298427975794,0.10948948271285659,0.08135938251772465,0.06115801679443883,0.10018913146800146,0.04898302176246332,0.05917497890245512,0.12632959979265718,0.1697898767233567
20,20.0,20.0,0.142287414398416,0.11647466543987695,0.11632474308749181,0.10305889902696017,0.07164683339540717,0.09744173304732336,0.05269125580105725,0.03634916126714524,0.11713782414656966,0.14658747038975192
21,21.0,21.0,0.15019987741069313,0.12441148303892262,0.11460451581281002,0.07222976356533048,0.05553616291887777,0.07297308380318218,0.06586309466055262,0.08549757778489223,0.10894024187105278,0.14974419913368578
22,22.0,22.0,0.15622793363081228,0.1168849940487096,0.11442270796529948,0.059221166548167434,0.045712855130105,0.08364610839295107,0.07119747397886236,0.07106076516090876,0.12025787810477384,0.16136811703940976
23,23.0,23.0,0.134698848479013,0.1568909241044313,0.13886691108658095,0.04190915309611656,0.06918028278422479,0.06620810050954337,0.05776328983399979,0.04619536486759482,0.09881190598096358,0.1894752192575314
24,24.0,24.0,0.17811006849077274,0.11173698282614153,0.11051043377711763,0.048674513931511634,0.0463187049667253,0.048181527529769605,0.0518378503704762,0.0778310980541522,0.1470979193161536,0.17970090073717918
25,25.0,25.0,0.1507137499115656,0.128329474230191,0.14938850764368872,0.05166477122577038,0.04640936084824366,0.05620085310330194,0.08401044209644895,0.04824290180200052,0.11221152627947237,0.17282841285931655
26,26.0,26.0,0.1490720918803346,0.10220495165841872,0.10949930181724762,0.056309198079976294,0.059938150569984916,0.07158347654406808,0.07203040367704153,0.07051962667989428,0.12711104809111504,0.18173175100191857
27,27.0,27.0,0.17295362919895219,0.09680257698355943,0.13810413641128852,0.055282189862790695,0.054237720541133336,0.06550304356840898,0.0632412465038709,0.0483225903671345,0.12728290832317204,0.178269958239689
28,28.0,28.0,0.172661799282474,0.11424599048501427,0.11457255974686187,0.063794943419903,0.044296586091104095,0.07578468967902076,0.03537002808508588,0.052739599087820735,0.1372897948522736,0.18924400927044144
29,29.0,29.0,0.13187619857095545,0.11785351789930457,0.14854546381095465,0.049409561460052605,0.08159689988376734,0.08986476622329673,0.043917434745541224,0.052879079445383906,0.10210007627054256,0.1819570016902006
30,30.0,30.0,0.1465985509352346,0.14096012919914222,0.12220720402060133,0.03,0.08117563432175726,0.06382522651005584,0.05343860629639714,0.04369262496357236,0.13533181119101909,0.18277021256221979
31,31.0,31.0,0.20902168782799557,0.11808092905844696,0.10704503734268182,0.0612036725762934,0.049439420103314334,0.05909675458980033,0.03,0.04272960127803644,0.09125455312369954,0.23212834409973127
32,32.0,32.0,0.17796492549821258,0.10157321361604439,0.1101648195888875,0.0871013712396003,0.05761453730353814,0.06889011902862144,0.0420294105740179,0.045691223692965736,0.11713551663719497,0.19183486282091666
33,33.0,33.0,0.1636529097956689,0.11519707330526496,0.12239560317851209,0.08264875168167159,0.04239351788122851,0.0664188615433275,0.06895984442324876,0.06072957943915094,0.11431303003832638,0.16329082871359996
34,34.0,34.0,0.17507319630084478,0.09758010272854203,0.1098199651689264,0.05082726914492134,0.09755342708750467,0.08395414648040356,0.05064112842340977,0.03,0.11378997045382071,0.1907607942116263
35,35.0,35.0,0.20440050187707218,0.1050505629946347,0.1327770432290534,0.0603211239604798,0.05329531192037984,0.0711943084124682,0.06535679325252573,0.03,0.1149070066562988,0.16269734769708702
36,36.0,36.0,0.20282221532533887,0.10288517158537411,0.1269421772117062,0.04985113661324298,0.037723451849081616,0.05740321005601392,0.05727965708940338,0.03,0.1384379072934889,0.1966550729763497
37,37.0,37.0,0.16493222669641414,0.08252754622653774,0.13752581846329093,0.05206910199929846,0.06189357342060264,0.08304196932536871,0.060491473721990915,0.05777039104308994,0.11013216247542368,0.1896157366279826
38,38.0,38.0,0.18377072728713437,0.08053533988624631,0.0906128148868189,0.0938002775253318,0.04251580168552416,0.08316463268833947,0.08852741954137378,0.04793370778428074,0.10369574005865383,0.1854435386562963
39,39.0,39.0,0.1942078454464143,0.11060668674185967,0.12636261985619232,0.04404875555254722,0.054656403229327,0.04525233653507854,0.056209659107948465,0.03,0.15698693103034594,0.18166876250028624
40,40.0,40.0,0.2262214788881117,0.1217977599910471,0.15000151429455183,0.0407637901731005,0.04148137618464052,0.04470070707641544,0.03386378345152074,0.03,0.14565919115089232,0.16551039878971957
41,41.0,41.0,0.22448913656635874,0.10920851674444702,0.10968901315714594,0.03453204475607286,0.03539988311361872,0.05244421040892862,0.05168496127902046,0.06920738896062424,0.1261996780177504,0.18714516699603262
42,42.0,42.0,0.21388530368879,0.10609880206607154,0.14276240772833942,0.061074625941330486,0.03,0.056282034484683094,0.0385235682828794,0.04023437721229682,0.16376022520568206,0.14737865538992678
43,43.0,43.0,0.2206706183940054,0.09007811018432132,0.15045314873663357,0.0604895643625744,0.03,0.04256444295650192,0.07899337221274302,0.038238227745580854,0.09645316742607066,0.19205934798156862
44,44.0,44.0,0.24977991347136075,0.0902582220326992,0.1516138717626117,0.07522008621975933,0.04942194033633316,0.04699419779429152,0.059031316758342854,0.03,0.0754036550895811,0.17227679653501998
45,45.0,45.0,0.22245902753601773,0.10525275297837836,0.14883078145908643,0.03888876420126654,0.04386875434871264,0.04880545131729892,0.06775621150022634,0.04063165914269134,0.11433551124082642,0.16917108627549496
46,46.0,46.0,0.32644048021005806,0.09063913644803338,0.07674101288026254,0.03,0.07156985939127909,0.0435184279201684,0.03767868899041926,0.038114999892340795,0.12578727611489243,0.1595101181525458
47,47.0,47.0,0.19506210431374643,0.1971315046878614,0.13224074099056243,0.04518133538023558,0.0350362511889274,0.04863605092367828,0.03,0.04695826305202272,0.11505895893472717,0.15469479052823826
48,48.0,48.0,0.2004689247316415,0.12401529683353676,0.1931798573336998,0.03,0.04904607147297996,0.048135983525613976,0.04183977640804218,0.04374868025685123,0.09868350229425113,0.1708819071433832
49,49.0,49.0,0.17672927159192767,0.07005863769890827,0.2351915565012272,0.0425865333708787,0.03,0.0748349537864392,0.034060172055122157,0.06579506739765098,0.13476093549427337,0.1359828721035723
50,50.0,50.0,0.21152642676928388,0.12958957631632564,0.16700126069288473,0.03,0.03,0.038963158029480284,0.03,0.051410023571731675,0.11659943981578666,0.19491011480450693
51,51.0,51.0,0.2249090743952995,0.08520306162283983,0.10574736384737624,0.09768635820720176,0.03,0.03,0.06394280280319095,0.033670882642933296,0.12232048756336311,0.2065199689177951
52,52.0,52.0,0.18011346418804192,0.13630300790643196,0.09291148320679694,0.03569470336561008,0.044067525638415664,0.047964410206699656,0.10010215975381058,0.03,0.14986879979189743,0.18297444594229548
53,53.0,53.0,0.24199511774384658,0.1394825587518045,0.08289807356306307,0.07172564295392476,0.03,0.04807690774576094,0.04471457658089568,0.03,0.11359384607285276,0.19751327658785148
54,54.0,54.0,0.3036312657413163,0.10357256870412579,0.12501833126633427,0.0349559604240327,0.03,0.03,0.03,0.03,0.12803451110317254,0.18478736276101812
55,55.0,55.0,0.25776322494380893,0.09931735010016937,0.1631712037819298,0.03,0.05749360675124966,0.04562815909305108,0.04802426769163852,0.03,0.09426415450259415,0.17433803313555832
56,56.0,56.0,0.3057425254126769,0.0910410675321423,0.1092342590488214,0.03,0.03402299191071646,0.03,0.04075272129445406,0.03,0.0929365636269895,0.23626987117419912
57,57.0,57.0,0.2928213639317394,0.1036305417877531,0.10207467657445302,0.05751838085677852,0.03884160320650738,0.03,0.046322959765859775,0.03,0.08030093888116711,0.21848953499574147
58,58.0,58.0,0.32669901517149064,0.08666697563259125,0.11593640748062697,0.05349360663418926,0.03,0.03,0.03,0.03,0.0950409491535106,0.2021630459275911
59,59.0,59.0,0.3413706103811953,0.0981501990803492,0.09075332442110785,0.03,0.03,0.04124746306082636,0.03,0.04349695567299164,0.08720869524688864,0.20777275213664076
60,60.0,60.0,0.2735773732438147,0.11846777086712663,0.12160536209251475,0.03,0.03,0.06192692197131814,0.09235045357280618,0.03,0.10663301583528292,0.13543910241713636
61,61.0,61.0,0.33369582455175406,0.13102325564735334,0.08573186116320466,0.03,0.03,0.09255537012277494,0.0405062432859779,0.03,0.10154585427189407,0.12494159095704076
62,62.0,62.0,0.35742873389632057,0.054100499435491355,0.09767918949828211,0.03,0.03,0.05684510707292154,0.05403450127301381,0.03,0.10674328264727131,0.1831686861766991
63,63.0,63.0,0.2764471651703092,0.10218348996868934,0.12441800308763051,0.03,0.03,0.04508810803566356,0.03573978645760452,0.07353383860632301,0.09375178824892022,0.1888378204248594
64,64.0,64.0,0.3554590208386258,0.10525304609380201,0.09600978842347727,0.03,0.03,0.03,0.03,0.03,0.09095345132146329,0.20232469332263153
65,65.0,65.0,0.34941280470522956,0.07712944164656008,0.10759573060871841,0.03,0.05684873312092246,0.05699588043131918,0.0467182640057124,0.03,0.11559451860220507,0.12970462687933276
66,66.0,66.0,0.3517309959020315,0.11251584116647369,0.06347924714941858,0.03,0.03,0.03,0.06451663609644168,0.055769710873452304,0.10712083159039978,0.15486673722178237
67,67.0,67.0,0.3278940462691941,0.06264665562710606,0.1050497618031075,0.03,0.05224249866590476,0.06809683074933255,0.03988555496262434,0.03,0.12291794727208054,0.16126670465064996
68,68.0,68.0,0.33923567992058157,0.12714197994247217,0.08796568573987626,0.03,0.03,0.035717903621607525,0.06686008280789364,0.03,0.16111186910238473,0.09196679886518395
69,69.0,69.0,0.3479335228128528,0.08744206352959194,0.06546641527726307,0.03,0.03,0.03,0.06220990474068298,0.03,0.20700268994902898,0.10994540369058006
70,70.0,70.0,0.357585161088824,0.09766399948968026,0.11383790865453788,0.03,0.03,0.03,0.044950012656675274,0.047540217066664656,0.12695847350055772,0.1214642275430601
71,71.0,71.0,0.3502872377997122,0.07050013698406679,0.1274806648092171,0.03,0.03,0.03,0.05340568877556806,0.03,0.14033387043321552,0.13799240119822018
72,72.0,72.0,0.3786350754207673,0.11786133267583516,0.12625441446900793,0.03,0.03,0.03,0.03620328960067118,0.03,0.12926112279806098,0.09178476503565729
73,73.0,73.0,0.3346816721085636,0.07722986165326531,0.1476671014251249,0.03,0.03,0.03,0.054650753938738236,0.03,0.19459184262171111,0.07117876825259666
74,74.0,74.0,0.3833995118358797,0.04528534003159432,0.07565628588771252,0.03,0.06531071096401564,0.03,0.03934992764936936,0.03,0.19612909289637134,0.10486913073505695
75,75.0,75.0,0.4111659007610843,0.04663222205394048,0.07272064933705849,0.03,0.03,0.03,0.03,0.03,0.16871100832640304,0.1507702195215135
76,76.0,76.0,0.38268296449681544,0.058232714850709064,0.07562665958203227,0.03,0.03,0.03,0.050964241904180495,0.03,0.1900194121875124,0.12247400697875019
77,77.0,77.0,0.3997981910845497,0.07371996624318453,0.07420107527403638,0.03,0.03,0.04682889769970156,0.0412234556691368,0.044772220454060416,0.18841091175722585,0.07104528181810459
78,78.0,78.0,0.4019028968692557,0.07873752609127979,0.0697199615869292,0.03,0.03,0.03872113551302872,0.0519618970409404,0.03,0.18357894424804563,0.08537763865052042
79,79.0,79.0,0.39059697075709876,0.05426708748766888,0.10275622714425577,0.03,0.03,0.04228979778079312,0.0339327352898538,0.03,0.18724060833073647,0.09891657320959306
80,80.0,80.0,0.40401297530146973,0.03,0.0728200063619912,0.03,0.03,0.03,0.04154208640080216,0.03,0.20482759564390324,0.1267973362918336
81,81.0,81.0,0.3681078833250705,0.04789269453004358,0.0499299783136785,0.03,0.03,0.04968085358475752,0.03,0.03,0.2326537692115509,0.13173482103489895
