,Unnamed: 0,Generation,Intertwine_two,Add_vertex,Delete_vertex,Invert_path_vertices,Insert_inside_vertex,Delete_inside_vertex,Replace_inside_vertex,Donate_between_routes,Trim_one_terminal_cb,Grow_one_terminal_cb
0,0.0,0.0,0.1,0.1,0.1,0.1,0.1,0.1,0.1,0.1,0.1,0.1
1,1.0,0.10900000000000001,0.10157973559823394,0.09743701035552227,0.09984821926811305,0.10107736664951558,0.09843788691156373,0.09886704831297001,0.09939506247268569,0.09753396496026147,0.10389987257522429,0.10192383289590998
2,2.0,0.31601,0.10326743089787488,0.09648225225075735,0.10084987040441724,0.100179441163072,0.09677106800124594,0.09779587106219204,0.09641807313653819,0.09532201867756421,0.10962854836217317,0.10328542604416495
3,3.0,0.6191589000000001,0.10415362480557347,0.09597985639460677,0.1007130863110417,0.09854474646566176,0.0966402896368501,0.09875517411511998,0.09515145902514437,0.09214080848011288,0.11226050553886947,0.10566044922701939
4,4.0,1.015801321,0.10400693603372078,0.09457407980954044,0.10174634788817047,0.09843223766717873,0.09611952918943449,0.09851658184448471,0.0943634696926468,0.09035872749913389,0.11468140000835145,0.10720069036733812
5,5.0,1.50262148669,0.10410691028632772,0.0934417756744176,0.1025071643595707,0.09749518981267699,0.09394920735209349,0.0983890792738211,0.09299442184899463,0.08766437584722041,0.11887975513615864,0.11057212040871857
6,6.0,2.0757334209441005,0.10394919347969121,0.09286250227156166,0.10314370315542828,0.09683729957394833,0.09236669136382897,0.09649687377307065,0.09204113090111658,0.08704928188299338,0.12163366552154643,0.11361965807681434
7,7.0,2.7307768275633495,0.1045525185440092,0.09398663294911885,0.10203987914646932,0.09359958966279146,0.09150922662930104,0.09741634633952503,0.08918337627628332,0.08722293045364798,0.12568360544173207,0.11480589455712154
8,8.0,3.4630081252450404,0.10517755810246497,0.09393617100894071,0.10419361719355832,0.09131779062013974,0.09010554684179592,0.09688126860410523,0.08817575334872824,0.08430497421265166,0.1288037460500326,0.11710357401758235
9,9.0,4.2673862119061114,0.10743469125211502,0.09240020197233324,0.10494080104087239,0.0893103121519216,0.0888313433754315,0.09638531750570034,0.08627838568794634,0.08135420154275114,0.1323073595380515,0.12075738593287666
10,10.0,5.138652627782014,0.11058588062497415,0.09381717906476539,0.10469653730534753,0.08755592539182387,0.08583086078588158,0.09625432009847824,0.08354770677822733,0.07841457609013125,0.13540573833840128,0.12389127552196909
11,11.0,6.071405875792507,0.11134905808531895,0.09570783117593226,0.10611080106751611,0.08703782343475773,0.08574173806350144,0.09399623990710648,0.07868883131896688,0.07700068759252836,0.13670623843831425,0.12766075091605725
12,12.0,7.060169740244025,0.11333736700176344,0.09915794293165853,0.10703613608032916,0.08605571021756113,0.08330920810300312,0.0915210154242606,0.07561403785094652,0.07575544344520538,0.13715790993836816,0.1310552290069037
13,13.0,8.099455520847952,0.11610448563626198,0.10176183669233584,0.10737113714132406,0.08539730482038567,0.08099882731242783,0.09003052121151506,0.07180314489509822,0.07348521009396482,0.13719265921519658,0.13585487298148968
14,14.0,9.183818168183006,0.11720624668095708,0.10514475104453735,0.10703063947653318,0.08245158442679308,0.07882666431648438,0.08980280865636718,0.06966698166941314,0.07282387722052452,0.13744005094387743,0.13960639556451235
15,15.0,10.307906369102724,0.11766695072009237,0.10667584536673998,0.10817297327866887,0.07986540162665869,0.07808825397107261,0.08836958833127896,0.06593288847790404,0.07207352739945626,0.13766815336030155,0.1454864174678264
16,16.0,11.466506686239443,0.12187945154365967,0.10770054479932203,0.10910614093069415,0.07834420907887144,0.07701775159428181,0.08646927024180781,0.062047785607934496,0.06995220544932407,0.13743316366188896,0.15004947709221528
17,17.0,12.654581904800096,0.12330038575933266,0.10994141779595244,0.11027671253785946,0.07593990269108988,0.07540318731968124,0.08646673625782572,0.06075291579270234,0.06909949719395744,0.13597263826033085,0.15284660639126765
18,18.0,13.867303782456686,0.12753134383571185,0.11022575398962979,0.10970705428556571,0.07639273435809428,0.0715719372567159,0.08515271903517249,0.057761114570005045,0.07030168842299478,0.13533747091267062,0.1560181833334392
19,19.0,15.100080434523047,0.12943538150812592,0.11122574673409213,0.11009252639690756,0.07581938986675645,0.0691546710700358,0.08589682628608114,0.054850300026025464,0.06816333090885192,0.13527465351750317,0.1600871736856201
20,20.0,16.348578617037543,0.13223638578389302,0.11259058069557681,0.11111694689773824,0.07752873140198563,0.06794804661936456,0.08643470602165032,0.052542717557667616,0.0638663438625284,0.13420948975999525,0.1615260513995998
21,21.0,17.608741195130214,0.13564904621945634,0.11465145386826057,0.11191898058291522,0.07623952691377867,0.06528800543386794,0.0845820031295052,0.05178456260452898,0.0646387253466581,0.13226036749455217,0.16298732840647645
22,22.0,18.876800103462312,0.1394687545453876,0.11585119111636129,0.11264948546712238,0.07373828553919162,0.061814119162893796,0.08386578379228826,0.05177644639909543,0.06409877594435882,0.1314047198227905,0.1653324382105099
23,23.0,20.14928511992658,0.14092117531440007,0.12094188567454758,0.11576909240001876,0.06961079576694795,0.06087335164410116,0.08147518884645887,0.050619933675516635,0.06119590134512358,0.1283785712886438,0.1702141040442412
24,24.0,21.423028783545156,0.1465072527393334,0.12136760703338512,0.11597206909554478,0.06629557462875985,0.05782357240683908,0.07736832521386589,0.049057961839528194,0.06159688215969231,0.130187972288354,0.17382278259469705
25,25.0,22.695167792966423,0.1491111187213671,0.1233136991546714,0.11998793915499104,0.06343469072684393,0.0549727880070539,0.07418221252504446,0.05089724524504535,0.05916128742653359,0.12849689335470305,0.17644212568374587
26,26.0,23.963141223515898,0.15130645861397626,0.12250288755740703,0.11990730731073554,0.061206638705529476,0.05367432674783326,0.07267315985496436,0.05168572843658409,0.0590877407982348,0.12830202082482914,0.17965373114990574
27,27.0,25.224685898775267,0.1556480745818499,0.12102994029339327,0.1225911420553748,0.05904971665837236,0.05199830684987105,0.07069607232121741,0.051719894344056466,0.0569161640603065,0.12813191184381117,0.18221877699174677
28,28.0,26.477829247520948,0.15969940150745934,0.12120635547282804,0.12280856560266662,0.05792208690368637,0.04951816963361475,0.06989292786437826,0.04907873534050125,0.05531751013130793,0.1289710123785988,0.18558523516495837
29,29.0,27.720879968916847,0.15939665964710614,0.12165627822587023,0.12631917714308047,0.055527410493646116,0.0509638616828253,0.07063702312579703,0.047419345830792936,0.05386689052053066,0.12629041882647127,0.18792293450387956
30,30.0,28.95241681848399,0.1603212225984547,0.1243338422303263,0.12706716441709637,0.05137006708826869,0.05252918835292321,0.06889503232072483,0.04684299331628852,0.0516328093118985,0.12695915469604485,0.19004852566797376
31,31.0,30.17127581490958,0.16725841622731225,0.1246219926899554,0.12617553669195378,0.05053512461017566,0.05105082539385537,0.06680369534602762,0.04404637155339593,0.0494464320120927,0.12323701773687888,0.19682458773835212
32,32.0,31.376536153543515,0.1708138469763126,0.12316514592306625,0.12549374497045326,0.052480131725883804,0.05052169639781129,0.06582375910511996,0.042591889308660424,0.04770768637641985,0.12215536617884727,0.19924673303742502
33,33.0,32.567505096778625,0.17265404386537758,0.12300045047871785,0.12594992152624962,0.054131588569365424,0.048594306768197926,0.0647253543390087,0.04397027388597513,0.04762648625209827,0.12084943262131542,0.19849814169369387
34,34.0,33.74370209472243,0.17536223837535653,0.12101249374939747,0.1250673734420304,0.05272092310594692,0.05231363913330382,0.06550725361525934,0.0436288441109472,0.04461147912816427,0.11955642243525631,0.20021933290433752
35,35.0,34.90484237192463,0.18072945357121523,0.11973605480940984,0.12641631388951474,0.05238177313081585,0.051687624624728645,0.06511944808574284,0.04486324663945829,0.041751857925342035,0.11844675236823657,0.19886747495553578
36,36.0,36.05082019768737,0.1856388290753733,0.11822386570434716,0.12711048098391134,0.05110893292677085,0.04958310243283768,0.06345206187679982,0.04537143076493671,0.0390606802635486,0.11976574191451843,0.20068487405695598
37,37.0,37.18169203889697,0.18644010202872274,0.11467374603271739,0.1287919124563047,0.05017259531860062,0.04998744811145035,0.0644548016974787,0.046269060404370704,0.03932505266960802,0.11830897967815528,0.20157630160259138
38,38.0,38.29765977559663,0.18883001899248616,0.11095795569615965,0.12570123948388137,0.053521974090657724,0.04853264330178543,0.0655554055486657,0.05002274579497579,0.038763772892915396,0.11627248325172414,0.20184176094674852
39,39.0,39.399054140870355,0.19197406315874774,0.11031665292071989,0.12614373005966711,0.051964045822577395,0.04837721071130467,0.06293081167080462,0.05055433334064181,0.036556949664377614,0.11964298813317463,0.20153921451798443
40,40.0,40.48631852820801,0.19802740407542954,0.11086148808595424,0.12890804991967547,0.05015426094066013,0.04698261060058357,0.06033672948350609,0.04885472782377153,0.03450523926204984,0.12191710796750643,0.1994523818408631
41,41.0,41.55999329152982,0.2035841174163947,0.11020227812905609,0.12757562232369116,0.04780837529755623,0.04506430884967297,0.058620045624117816,0.048957291197615736,0.03653438640339676,0.12225528533692473,0.19939828942157378
42,42.0,42.62070064560415,0.20773382632700613,0.1092880800861641,0.12950491085275917,0.04821857303187365,0.04270120470513101,0.057397054206091924,0.04776073563527547,0.035790047681348525,0.1263551436150026,0.1952504238593474
43,43.0,43.669130257815,0.2122086105906958,0.10683133987918537,0.1321429195985056,0.04865780536397829,0.040447398927991936,0.054913452579836416,0.05063844434863163,0.034964971180142995,0.12368836110321835,0.19550669642781363
44,44.0,44.70602560622662,0.2192314660137851,0.10447075258079366,0.1348163020636565,0.05064448423857692,0.04025669377292017,0.05299769650375208,0.05151572592385327,0.033431312120154315,0.11891095367219208,0.1937246131103159
45,45.0,45.73217116373481,0.22312543177560692,0.10370355180132809,0.13711201294892933,0.04904511904367823,0.03962139300022765,0.0513946064004823,0.05325292472408599,0.03307987175923209,0.11806939961356687,0.19159568893286252
46,46.0,46.748380453854836,0.23702148218625474,0.10156720145854509,0.13208636357289405,0.046615250399718644,0.041862206422545886,0.049397231416994626,0.05195368426107614,0.03258742738320163,0.11841983856448338,0.18848931433428587
47,47.0,47.755485010424316,0.23728427994644463,0.11018444232391808,0.132559798438566,0.04578034965418139,0.04052265421208446,0.04805256819723844,0.049873748992618774,0.0330838294858338,0.11773607627779578,0.18492225247131874
48,48.0,48.7543242612326,0.23763925821607806,0.11149780894096073,0.13907661087750442,0.04350481530243484,0.04066317522084286,0.04679819938691584,0.04898704740188518,0.033348377434347494,0.11545637338229867,0.183028333836732
49,49.0,49.745736344347726,0.2352130700099324,0.10740934786176204,0.1496839444538637,0.04258043956992647,0.0389688659439488,0.048352542325095005,0.04733958282499451,0.035895112330314824,0.116844655385473,0.17771243929468936
50,50.0,50.730549855707864,0.23592437815795686,0.10930931965059643,0.15326659121222647,0.040489909011590594,0.037354298935304654,0.046429095508373805,0.04531805339258197,0.037047668904766864,0.11645712242156925,0.17840356280503328
51,51.0,51.70957651737491,0.2376588407398937,0.10678344535785607,0.1505029303050087,0.045272168239692566,0.035827645638171875,0.04372701819558777,0.04673977664980396,0.036454679275563506,0.1166818707027557,0.18035162489566636
52,52.0,52.68360474770151,0.2346127983794652,0.1094043492853988,0.14628449175987843,0.04390117796050027,0.03580213377821222,0.04295431945279441,0.05180729353789958,0.03552606237866085,0.119695361547283,0.18001201191990746
53,53.0,53.65339410751842,0.23751453226874575,0.11235010449093484,0.140952826019357,0.04618831592210977,0.034455074459009,0.04232024124572557,0.051312249082053264,0.034635046547661856,0.11908174231789924,0.18118986764650394
54,54.0,54.61967059027847,0.24633451342359625,0.11168160971375811,0.13978580509865188,0.04482514510488727,0.03319817032713601,0.03999944674978788,0.04932927468869043,0.03378678183428614,0.11991867255203537,0.18114058050717088
55,55.0,55.58312271885972,0.2502586599063881,0.11057335214380709,0.14240309878325363,0.0430040034801752,0.03478433558030393,0.039373553145251185,0.04915373175694082,0.03298547577390514,0.11737603248821143,0.18008775694176365
56,56.0,56.544398407394254,0.2586633674381618,0.10863573205361209,0.13957264967607114,0.04123493598313258,0.034091915535811194,0.037309979051341056,0.04825729383799471,0.032234445561823186,0.11472377856335325,0.18527590229869917
57,57.0,57.504102543001395,0.26540627964840957,0.10797487475278296,0.13600590332589754,0.042282263961640754,0.033949909389095874,0.03537966257630853,0.047932477832648375,0.03153617391533119,0.11085531540703501,0.18867713919085038
58,58.0,58.462795239617805,0.27513681660444095,0.10564030323687026,0.13384269243384428,0.04297474288899056,0.03298686047457546,0.033588581123016166,0.04599175227058281,0.030892367694335086,0.10854215582832427,0.19040372744502035
59,59.0,59.42099071417639,0.2858770813715102,0.10449777794128184,0.12919843147551224,0.041353801897638445,0.032090247846761344,0.03306546830990551,0.044085181742017976,0.031653713985794404,0.10554207475007427,0.19263622067950398
60,60.0,60.379156734137354,0.28931893123823127,0.10543778656532068,0.12771934930961007,0.03978141698644516,0.03126239400326102,0.03474443261666431,0.04846346180617007,0.031107662497680596,0.10460110004345684,0.18756346493316017
61,61.0,61.337714584760846,0.29827102566913,0.10766964264799637,0.12273968539519615,0.03826845639650676,0.03050470160407812,0.03959017020143944,0.04765836275289048,0.030605139533401365,0.10326582580908053,0.18142698999028095
62,62.0,62.29703950447439,0.30905544958022174,0.10221957363121187,0.11908264246341146,0.036824107301597124,0.029817731428772726,0.04090995972196508,0.04821507820897332,0.03014681747021604,0.1025666221203077,0.18116201807332308
63,63.0,63.257461537171835,0.3111470070707642,0.1016416198274684,0.11825115065408878,0.03545595204316248,0.029201280956710145,0.04108142186022192,0.046944844868547345,0.03408624329927939,0.1006799559658467,0.1815105234539108
64,64.0,64.21926675122782,0.3205835959600795,0.10143383571802275,0.11472365508361847,0.034170052790139675,0.02865446272228672,0.039766993842841145,0.045115605632294095,0.03367281863787454,0.09863284105691682,0.18324613855592647
65,65.0,65.18269877636592,0.32882065859590914,0.09847266167855527,0.11252036462211788,0.032971042934517754,0.030860654996175012,0.04118592673190195,0.04498996066391447,0.03326400825623143,0.09917775046959958,0.17773697105107772
66,66.0,66.14796061122655,0.3366717555489292,0.09913281279470594,0.10607650852070338,0.031862223635112846,0.030421235511829705,0.039921477825918934,0.04667400043486371,0.03544040991753555,0.0989849679211596,0.17481460788924136
67,67.0,67.11521665648885,0.34150464024689453,0.09487386052902246,0.10400811688108637,0.0308456640292973,0.03224579548739111,0.04249394210720828,0.04590495447195207,0.03502549333492319,0.10047253383242408,0.1726249990798008
68,68.0,68.08459493066005,0.34685229390042505,0.09716806387242478,0.10044857324832814,0.029922303743770334,0.031863616630591035,0.04182729613401743,0.04785007189476525,0.03460181347722284,0.10585518946998909,0.1636107776284662
69,69.0,69.05618942810752,0.35245880033803123,0.09556259440089931,0.0948702280574999,0.029092056449358365,0.03150101949316506,0.040594430470860816,0.04932575987770732,0.034174483470520295,0.115841228424786,0.15657939901717183
70,70.0,70.03006258152917,0.3584245671842221,0.09505866016382215,0.0943928285956796,0.02835391331989401,0.03115967187455003,0.039378907069311256,0.04905673130258418,0.03550216333644926,0.11773585645449851,0.15093670069898896
71,71.0,71.00624779379335,0.3630555709559288,0.09191478649314994,0.09552189549609784,0.027706045370177144,0.030840862299051,0.03819114693722354,0.04961910601040354,0.03506343404642103,0.12087078754496615,0.14721636484658113
72,72.0,71.98475200689319,0.3699305747810081,0.09360727326363096,0.09673501836558453,0.027145903761730195,0.030545525058111363,0.03704025134897236,0.04844286915760292,0.034617943344931415,0.12277958159175406,0.13915505932667419
73,73.0,72.96555827861411,0.37180978289875677,0.09130990484892892,0.10026329160476848,0.026670317276510643,0.030274266290684575,0.035934042806056575,0.049106606628319754,0.03417082228014144,0.13109538362829126,0.1293655817375417
74,74.0,73.94862834037681,0.3780015730695602,0.08590702068157337,0.09671169406449634,0.026275586267047936,0.03355846183349519,0.034879114689371805,0.0482293291961322,0.03372670509902905,0.13936829507857498,0.12334222002071904
75,75.0,74.93390511255946,0.386404802503467,0.08077289632668819,0.0930111385414182,0.02595757249586102,0.03330068921692838,0.03388088823746179,0.046415992726758844,0.03328973258503761,0.14463971490501148,0.12232657246136767
76,76.0,75.92131515639825,0.3913670263501324,0.07697082694424091,0.08976833470310164,0.025711784376834187,0.03303568696984897,0.03294367554836816,0.04671625416747328,0.03286355999659494,0.15175554606912917,0.11886730487427657
77,77.0,76.91077104428919,0.3974577098523715,0.0749103085183506,0.08656583606660646,0.025533457225941695,0.03276682807777901,0.033753637142670365,0.046054890717978976,0.033928591112436624,0.15838158273499023,0.11064715855087476
78,78.0,77.90217363294813,0.40317320039517907,0.07354569449710717,0.08311182831712438,0.025417628217879035,0.03249718679413825,0.03380257896444538,0.04648519340012604,0.03351833336470434,0.16416211227356955,0.10428624377572701
79,79.0,78.89541422641172,0.40717384623723096,0.06992241633356872,0.08317292923102121,0.025359205828443854,0.03222953777092019,0.034252678396305164,0.04512431667535787,0.03311391805809824,0.1699249235863048,0.09972622788274924
80,80.0,79.89037661826481,0.41195025919471345,0.06407820394915822,0.08043013095443424,0.025353033619667748,0.03196635827231474,0.03350915930074454,0.04454854692030632,0.03271880510157177,0.1770433093465275,0.09840219334056173
81,81.0,80.88693900474995,0.41257914881987534,0.06026690021670156,0.07559650845475027,0.025393948295572576,0.03170983314084668,0.03477298588020828,0.04284608089548467,0.03233601538968223,0.18651031675046648,0.09798826215641224
