,Unnamed: 0,Generation,Intertwine_two,Add_vertex,Delete_vertex,Invert_path_vertices,Insert_inside_vertex,Delete_inside_vertex,Replace_inside_vertex,Donate_between_routes,Trim_one_terminal_cb,Grow_one_terminal_cb
0,0.0,0.0,0.10000000000000002,0.10000000000000002,0.10000000000000002,0.10000000000000002,0.10000000000000002,0.10000000000000002,0.10000000000000002,0.10000000000000002,0.10000000000000002,0.10000000000000002
1,1.0,1.0,0.1091072191066895,0.08851364850667669,0.09748760443250329,0.09666962719517744,0.08667660187485227,0.1031861593102382,0.09165676159279101,0.06664229504065912,0.14071062497361322,0.11934945796679886
2,2.0,2.0,0.11505181008843449,0.08588763935950042,0.10688386759804294,0.0892486339447566,0.09056381664739394,0.10099606188539856,0.08888004162717829,0.06532236071009581,0.13727099507234677,0.11989477306685177
3,3.0,3.0,0.10862217833216485,0.09187886600852471,0.10147129507957897,0.0892043233110389,0.09282779705003924,0.10035575535484778,0.08300102231236933,0.07337274366895082,0.14160760812747358,0.11765841075501135
4,4.0,4.0,0.10782853101118942,0.09021045237876872,0.11577483411368464,0.08687503715557413,0.08800888724173855,0.09959121812210676,0.08287846698364125,0.06629684898420285,0.14549146018900078,0.11704426382009252
5,5.0,5.0,0.10987650812295666,0.09543611323441864,0.10574569445908866,0.09407468084086555,0.08948057138148949,0.09829696269047176,0.07401415943650584,0.0714110846027782,0.14148937447140475,0.12017485076001999
6,6.0,6.0,0.10955986296926515,0.10274103109002768,0.10947760031003591,0.08522052210561337,0.08472139745493097,0.0987549743001824,0.07837518360168372,0.0721431507238428,0.13325412808614243,0.12575214935827517
7,7.0,7.0,0.1108239438259108,0.09374814076583082,0.10652620533405206,0.08606810157804246,0.08116952021189992,0.0981422434249841,0.07557147073484663,0.0788461291731821,0.1406828441211497,0.1284214008301009
8,8.0,8.0,0.11224009283351633,0.10523762053933479,0.11415389188729974,0.08384456667762644,0.07493382762614835,0.09715249168091858,0.07102321921173241,0.06720267208672868,0.1418212875088915,0.1323903299478027
9,9.0,9.0,0.11329684222065015,0.0957677399758988,0.10855209726225357,0.08051561497012563,0.07997235895096058,0.0934666504895846,0.08057184629972931,0.06785506037193298,0.14415196460546803,0.13584982485339586
10,10.0,10.0,0.1146853323907524,0.10751110046641736,0.11359063685111985,0.08223551857142222,0.0781610003140642,0.08568532941214191,0.06584723409864537,0.07906413695881562,0.13666855938630398,0.13655115155031664
11,11.0,11.0,0.11100046772854714,0.10511748903049718,0.09868727100380374,0.08315047434520792,0.08362591905773845,0.09223325417719677,0.06766903161439163,0.07454639310775037,0.1424371975464339,0.14153250238843246
12,12.0,12.0,0.11790592101947475,0.10731458359750526,0.10654236089111105,0.08238211848039244,0.08232007599813007,0.07510132379555268,0.06376129247661813,0.07405037839970326,0.13986918096762527,0.15075276437388677
13,13.0,13.0,0.11581377179155425,0.11614772782556979,0.11169610680068967,0.07543834893515605,0.0749523334097387,0.09687645218723868,0.061680879756106574,0.0632076818304866,0.13200859878167592,0.1521780986817834
14,14.0,14.0,0.12970002389987706,0.11888250039669608,0.11103951652536422,0.07028110965728304,0.0657320472494257,0.08405214206390899,0.06078282695377964,0.08053958669904795,0.12980913693920842,0.14918110961540842
15,15.0,15.0,0.14328365877065175,0.11250342846194047,0.11101382510864292,0.07001287666059239,0.05765512001904621,0.08542421852281226,0.05424506110265346,0.07320397058806791,0.1394177315874999,0.15324010917809233
16,16.0,16.0,0.13243775822858275,0.12126909611229238,0.11102379427553537,0.06890673916996436,0.06502670162814592,0.07851801209168414,0.06089323260979971,0.06676605615544304,0.13472129751330486,0.16043731221524707
17,17.0,17.0,0.13576123572686477,0.12768915096074926,0.11110879353415086,0.07265139312199381,0.06846129637766248,0.07074435039336316,0.055956982366871556,0.06914329936184586,0.1358864636207367,0.15259703453576112
18,18.0,18.0,0.1356337921647624,0.1250034207893816,0.11404139614825977,0.06171066565136783,0.06433494256004227,0.07115991014823518,0.06292267314927795,0.07913379263914241,0.12880895260638084,0.15725045414314937
19,19.0,19.0,0.14673685864948544,0.13186461096517946,0.11315234429435442,0.06658879824732047,0.057165368556371075,0.07355375116710548,0.04441424539156992,0.06610373895059811,0.13640970424958818,0.164010579528427
20,20.0,20.0,0.14203637566199062,0.11661968229848005,0.11279501248832328,0.06690469890932094,0.0655605260465025,0.07295197122817736,0.06869794284491065,0.06466718011336212,0.134302523514994,0.15546408689393815
21,21.0,21.0,0.14480659486613504,0.11629144381542733,0.1139087926838763,0.06586756677101804,0.05343520740577029,0.07106684224877798,0.0636169627374478,0.0719897401304687,0.12879399632283697,0.17022285301824125
22,22.0,22.0,0.14933064960948156,0.10602616226400245,0.1154196894767997,0.07555836208467907,0.05429520873565548,0.07980601074770009,0.06447595009022439,0.04941470504121569,0.133381599325551,0.17229166262469028
23,23.0,23.0,0.1477644273784367,0.111306175629411,0.1129043957323895,0.07247509078155558,0.06784615030397384,0.06153063818338513,0.05285819556376568,0.07029742401626213,0.13821032751915335,0.1648071748916667
24,24.0,24.0,0.13922178483299472,0.11942728729269711,0.12147253878984335,0.07017998456289984,0.07310934046881454,0.06418706726790888,0.06699098128954292,0.05361405888161626,0.1381106902198164,0.1536862663938658
25,25.0,25.0,0.15943886663381596,0.11280894552992271,0.11496095072002437,0.061708308823293326,0.05960983221426075,0.08219144450129826,0.05843327493381778,0.06783622315005707,0.12063239824929994,0.16237975524420958
26,26.0,26.0,0.1555037709302411,0.10664988357769001,0.1424823449900236,0.0739011440324657,0.05365762127557655,0.060865159933890814,0.048252016447024856,0.06823317927820996,0.13316096983820627,0.15729390969667084
27,27.0,27.0,0.1517802005001257,0.10213319788048036,0.10967349553698377,0.06671634993351505,0.06265673695254634,0.07626258397501984,0.06045790618242913,0.054436425675816004,0.14002092058304644,0.17586218278003696
28,28.0,28.0,0.14833743329120602,0.11373351894796495,0.12408639888011426,0.07860375421037624,0.05195852486748494,0.0736180755976065,0.04967567065224336,0.06809038649855362,0.1351352736726872,0.15676096338176249
29,29.0,29.0,0.17313927486361244,0.10805863622549979,0.13001726101300576,0.05837168392377192,0.049047718784881116,0.05186526086691744,0.06079170124975545,0.06848568590131479,0.1274083016407134,0.17281447553052756
30,30.0,30.0,0.16875153639992926,0.10952811770102008,0.11063826934829604,0.057638812854811164,0.06061373859731565,0.07053678366711201,0.05197248520186939,0.05803655334688999,0.11996943706226057,0.19231426582049546
31,31.0,31.0,0.16002289565821817,0.11350500752236603,0.10947487612293291,0.07460966130866946,0.04394442788022749,0.08876074722505892,0.05284431837024767,0.06429646527793767,0.12150884538851217,0.17103275524582917
32,32.0,32.0,0.16015616588905,0.12915084802942203,0.11439448002836879,0.0498347764637105,0.05855233063299925,0.0658783343462577,0.047027007365763325,0.05435952945289256,0.1400708230294187,0.18057570476211687
33,33.0,33.0,0.17420910857914096,0.11967523971462177,0.11950302629141578,0.06465414887086626,0.054048777441138784,0.06465417292107256,0.04329339234704706,0.056082050999643474,0.12873603424531693,0.17514404858973615
34,34.0,34.0,0.17682517493988142,0.11258267853654783,0.12307986119459083,0.04935776362688512,0.07400893101484494,0.06138431092571657,0.04792952475599944,0.04635856244474156,0.12808937740475032,0.18038381515604163
35,35.0,35.0,0.19157088926851382,0.1034664216200241,0.12729632997642365,0.06635406490483056,0.05223174687305474,0.05711685739305357,0.044962842682857516,0.04989820353749641,0.13119815628842052,0.1759044874553249
36,36.0,36.0,0.17257986796187336,0.10559282162405273,0.12463118509415931,0.05584211193734847,0.05937283513168531,0.07924229736513334,0.050968162555818354,0.06261609924343492,0.11413462327670695,0.17501999580978697
37,37.0,37.0,0.18874188194401365,0.10608819975013747,0.12728878094439083,0.05672823805363283,0.05330313496975603,0.05346084049231993,0.04526549459718658,0.03843075643392254,0.13756206442367486,0.19313060839096496
38,38.0,38.0,0.19528943171352026,0.13033497161612956,0.1266535291196464,0.06479067585718691,0.05108183652695736,0.04788077114846993,0.03459574059135743,0.048739349202800264,0.12982832666858174,0.17080536755534992
39,39.0,39.0,0.19264670326031808,0.11243595624291884,0.11576029393064043,0.07751160041218115,0.04506087854912055,0.04441105267405651,0.047156948960146175,0.05032809153744174,0.12538958829593785,0.1892988861372383
40,40.0,40.0,0.1911851386449176,0.1251591434076209,0.12604507179839566,0.048483172009756784,0.04432162772735832,0.06479627984051142,0.0446420112029654,0.04503630326227713,0.13160946227580397,0.17872178983039264
41,41.0,41.0,0.1971667179332152,0.10643699514198704,0.11043850067750619,0.06716023887899505,0.0712470593242389,0.05270945763027601,0.05203802579160758,0.0582871267901363,0.12389164592652313,0.1606242319055144
42,42.0,42.0,0.1945753550403401,0.11013945990998893,0.12838018587573058,0.05968162412249077,0.04972363000821455,0.05447295665203644,0.05384926336026863,0.053619579919465685,0.12906465057926542,0.1664932945321986
43,43.0,43.0,0.20551732477070414,0.09272574054349256,0.11272115464212082,0.054548359049909144,0.04484696465474492,0.05875366346683068,0.050297009197055285,0.06458101069349574,0.12770741649730047,0.18830135648434593
44,44.0,44.0,0.18799832668967448,0.10741177341029022,0.12594212146011224,0.06799395955060723,0.06380417201026849,0.050152863956794316,0.0530663746502299,0.0499443077379575,0.1356369436203786,0.1580491569136868
45,45.0,45.0,0.19531345609816655,0.11519027846838914,0.1165858890322582,0.050578748914543205,0.04332475757274568,0.04798184413765015,0.05572697459851163,0.05969399380062025,0.1460779978216347,0.16952605955548028
46,46.0,46.0,0.20473273995713176,0.09053334367542451,0.10293970559725252,0.05466561393422187,0.06486652097737454,0.07292101901651511,0.04788654302473286,0.04089275596796308,0.15371453233483,0.16684722551455347
47,47.0,47.0,0.21116375400060314,0.09253404865097843,0.1278714066167576,0.05649869642235894,0.03890419093350903,0.05619769441783366,0.04513870640954599,0.03295165634588324,0.14258220795429694,0.1961576382482328
48,48.0,48.0,0.22166016401236738,0.09609384062761969,0.13426317751062905,0.0509572321646418,0.040329000479710275,0.05801973173200842,0.038510167210099526,0.04892528117595789,0.1416867722080557,0.16955463287890998
49,49.0,49.0,0.20838475063207093,0.08432224260154328,0.13265691631605914,0.03766878246041159,0.06288662718657431,0.06614217493470376,0.05457938461857609,0.03833803257080653,0.1445360527094835,0.17048503596977063
50,50.0,50.0,0.21812923529122422,0.09156823497726174,0.13511306585742067,0.048018296976612286,0.04572784231664895,0.07469379730052175,0.03900440696581335,0.04318322404928116,0.14590411917537183,0.1586577770898438
51,51.0,51.0,0.19326958230615263,0.07517595636217583,0.12779293961741653,0.04425113645095737,0.03788065143915392,0.045897817763988526,0.05571370167118604,0.04332325357746121,0.19375324908088523,0.18294171173062243
52,52.0,52.0,0.21349754153230957,0.0952244716441318,0.12158394950709875,0.04436219908518937,0.03667867992338458,0.04518236595106347,0.04718039768616166,0.03950573225180483,0.18270133981761044,0.17408332260124537
53,53.0,53.0,0.20039028251171312,0.09362801586467338,0.14147101060937473,0.03871354310603972,0.03479698045049871,0.05010229174811186,0.06426282903763139,0.0358919957524217,0.16498725265464304,0.17575579826489213
54,54.0,54.0,0.18762961061834674,0.11406361387741448,0.14859700930283326,0.043412096136665974,0.04776108504888751,0.04457544542745553,0.03548547491419911,0.038633476248526734,0.1418443712531782,0.19799781717249232
55,55.0,55.0,0.2073595178634393,0.11204874366496025,0.12315962914881899,0.034564665184502255,0.03791678080768865,0.061988812248521985,0.03605592838731218,0.035977165115432926,0.17318197880363154,0.17774677877569184
56,56.0,56.0,0.2097505605992258,0.12168211642140629,0.13493869510856402,0.03609755662257328,0.0671104328336441,0.04250022467617528,0.03808818066708919,0.030000000000000016,0.16574463718425375,0.15408759588706814
57,57.0,57.0,0.20600128627360773,0.08196247633574381,0.11792054954306622,0.03859691336466099,0.07022495965186884,0.03619695525868087,0.03894301239286132,0.030000000000000016,0.20660308455268095,0.17355076262682922
58,58.0,58.0,0.221528312625828,0.09620761260956934,0.0939223510237615,0.03612902337930713,0.041359950335212795,0.05321683542607782,0.042806465247753736,0.04066617393871241,0.22077322371823227,0.15339005169554482
59,59.0,59.0,0.22896852872514678,0.07108967849669427,0.1342480328231443,0.0424084419677281,0.04722216728623059,0.04176479773407437,0.03508361422199261,0.043106391852279394,0.20206769637869165,0.15404065051401786
60,60.0,60.0,0.24948078759420356,0.09368352379374568,0.12065638086854184,0.044915694665204134,0.0410541940357526,0.0314413076819844,0.030000000000000016,0.033823488720947106,0.2153403872003409,0.13960423543927972
61,61.0,61.0,0.2382722474400555,0.07532490282936755,0.13024263520031593,0.037870577532158965,0.030000000000000016,0.036004168401696915,0.04548030051894088,0.03790648147474641,0.18385763929808105,0.18504104730463672
62,62.0,62.0,0.20338841056667553,0.09740205897118674,0.1464333231119456,0.04144901268917484,0.043291818323943056,0.042925901344602176,0.04815656606118133,0.04124508585366904,0.17323558161626693,0.1624722414613547
63,63.0,63.0,0.2439160430669772,0.11493308464417207,0.12268047612764146,0.030000000000000016,0.041273120450984205,0.03475811537535404,0.03594856464181087,0.031779833949995104,0.17681939115728124,0.16789137058578366
64,64.0,64.0,0.21201101496281,0.0940985867556273,0.1328945307354017,0.0375681614842487,0.031405515704217624,0.030000000000000016,0.06592796566039175,0.04604046320515816,0.1629619244538126,0.18709183703833213
65,65.0,65.0,0.24199228720948912,0.04600762174235537,0.1114040761749081,0.037959571295727176,0.04769268479982163,0.05175220574896855,0.05944699825056506,0.030000000000000016,0.1899814486912256,0.18376310608693924
66,66.0,66.0,0.22100662719683878,0.0672346181461701,0.13060502958047707,0.030000000000000016,0.043702436478622556,0.03130242101516538,0.031107986537070254,0.04872458573736582,0.2038267893741587,0.1924895059341311
67,67.0,67.0,0.2298060292795508,0.10043820677087992,0.1135864801998356,0.030000000000000016,0.030000000000000016,0.035186321712739436,0.065223294190874,0.030000000000000016,0.18171742522660655,0.18404224261951357
68,68.0,68.0,0.23661561208273013,0.10829884173711624,0.10356098298710828,0.030000000000000016,0.0708842073266653,0.03122396956895563,0.034851087789473004,0.030000000000000016,0.19207040632926903,0.16249489217868215
69,69.0,69.0,0.2776106062918018,0.06807252163574258,0.10736329037836172,0.030000000000000016,0.04128325397351917,0.030000000000000016,0.032504266225368325,0.04627408993576019,0.1947170333552247,0.1721749382042214
70,70.0,70.0,0.3212218859847872,0.09703757630315217,0.10401521520133261,0.030000000000000016,0.03690033612066032,0.030000000000000016,0.03485052475529946,0.030000000000000016,0.14138202949803008,0.17459243213673803
71,71.0,71.0,0.2620922415795089,0.08172485074240629,0.09302372399002037,0.030000000000000016,0.04028463810634272,0.03551328084314768,0.03361584579472557,0.030000000000000016,0.22866552008053787,0.16507989886331054
72,72.0,72.0,0.27478216252375925,0.07898242717285324,0.11628705305145745,0.04090199897029527,0.03209315025146485,0.030789220586617906,0.03914943195855703,0.030000000000000016,0.1796941089344822,0.17732044655051274
73,73.0,73.0,0.2806082320487659,0.08391557566013594,0.13624242055102367,0.030000000000000016,0.037083392021824715,0.03244879262148258,0.031408055757352484,0.030000000000000016,0.1833723110735282,0.1549212202658864
74,74.0,74.0,0.2922322362772142,0.1016900759203672,0.10248013327141395,0.03413418823724622,0.030000000000000016,0.030000000000000016,0.04037921823788735,0.030000000000000016,0.22844445555248236,0.11063969250338865
75,75.0,75.0,0.29461251219166923,0.08471598367257321,0.10163256936671479,0.03099512525955329,0.030000000000000016,0.04471258607659253,0.04142235880728905,0.03261220380632736,0.2037198736055382,0.1355767872137422
76,76.0,76.0,0.34587644871024753,0.07019928523054389,0.08108656985749141,0.032683631043264334,0.030000000000000016,0.032249133365592604,0.03138843470255966,0.030000000000000016,0.20207976991491616,0.1444367271753843
77,77.0,77.0,0.33282404273581706,0.07363617701847529,0.1042206967847344,0.030000000000000016,0.037580643676984146,0.030000000000000016,0.030000000000000016,0.030000000000000016,0.2100978711744863,0.12164056860950259
78,78.0,78.0,0.27138164063580356,0.08355211161102391,0.11950212207793628,0.03411535333227368,0.030000000000000016,0.03265326232174056,0.04495748021956409,0.04130800554485593,0.23166949389031175,0.1108605303664901
79,79.0,79.0,0.33023625471283263,0.046805549703092954,0.12795381838269687,0.030000000000000016,0.03412710605822965,0.030000000000000016,0.031227101383865297,0.031242639152315576,0.2285185134646876,0.10988901714227942
80,80.0,80.0,0.3390533750947402,0.06926221900586774,0.11619739396252919,0.030000000000000016,0.03273487848671304,0.030000000000000016,0.03597734841604052,0.034070771446979724,0.17336568528733026,0.1393383282997992
81,81.0,81.0,0.3500819482878571,0.04618174863388906,0.08645528162188558,0.030000000000000016,0.05072078888457041,0.030000000000000016,0.042709349014948474,0.030000000000000016,0.2157011288075318,0.1181497547493175
82,82.0,82.0,0.3317377940724052,0.05029737973327079,0.08867632004195564,0.030000000000000016,0.030000000000000016,0.04607953551106213,0.03548611360774665,0.04280745107303988,0.21729234915120704,0.1276230568093124
83,83.0,83.0,0.3597597986408906,0.05976405480101762,0.08410638067227187,0.030000000000000016,0.030000000000000016,0.030000000000000016,0.050545665741450974,0.03128663110795715,0.19986874378757205,0.12466872524883965
