,Unnamed: 0,Generation,Intertwine_two,Add_vertex,Delete_vertex,Invert_path_vertices,Insert_inside_vertex,Delete_inside_vertex,Replace_inside_vertex,Donate_between_routes,Trim_one_terminal_cb,Grow_one_terminal_cb
0,0.0,0.0,0.10000000000000002,0.10000000000000002,0.10000000000000002,0.10000000000000002,0.10000000000000002,0.10000000000000002,0.10000000000000002,0.10000000000000002,0.10000000000000002,0.10000000000000002
1,1.0,0.10900000000000001,0.10099268688262918,0.09874798768722778,0.09972614888314288,0.09963698936427437,0.09854774960435891,0.10034729136481597,0.09909058701361424,0.09636401015943186,0.10443745812212388,0.10210909091838109
2,2.0,0.31601,0.1025617094974105,0.09725623229920963,0.10039692375001902,0.09853850684538823,0.09751073424824101,0.1004692325301206,0.09792010507509755,0.09266240871867645,0.10844993911042358,0.10423420792541352
3,3.0,0.6191589000000001,0.10345576768099699,0.09639908918549862,0.10052423331684139,0.09745254278601262,0.09673434929199097,0.10052021721939247,0.09618836876447243,0.0898626052377963,0.11278304386502525,0.10607978265197304
4,4.0,1.015801321,0.10423271942063896,0.09541561678841338,0.10207863644801947,0.09615976432227835,0.09551464632811633,0.1004880050978176,0.09448567708751598,0.08647029402084089,0.11735946899294393,0.10779517149341512
5,5.0,1.50262148669,0.10517273181339896,0.09500100607250521,0.1026116472772768,0.09562338080177961,0.0944890244837405,0.10032062077547961,0.09195075172250289,0.08372690303707218,0.12135936294827171,0.10974457106797252
6,6.0,2.0757334209441005,0.10603411621460938,0.0953626992853679,0.10349588808052122,0.09423973276019638,0.09303996290012388,0.1001955394654964,0.08992605538764892,0.08120789957944387,0.12433704298477181,0.11216106334182016
7,7.0,2.7307768275633495,0.10697102772890989,0.09486271746257123,0.10405638242813799,0.09298901536346856,0.09129743409611389,0.10000728754733855,0.087707948681737,0.0795204468239563,0.12784899747213635,0.11473874239563017
8,8.0,3.4630081252450404,0.10799439215351089,0.09555053603243722,0.10534829422537698,0.09157180707851766,0.08900430977508761,0.09972023520536638,0.08513546271463593,0.07683065045886442,0.13125193931602874,0.11759237304017406
9,9.0,4.2673862119061114,0.10906355208116524,0.095319455534042,0.10603889135700668,0.08988615204730285,0.08730364619715578,0.09906762654321355,0.08363396561801563,0.07437879277508079,0.1346533481671182,0.12065456967989917
10,10.0,5.138652627782014,0.11020697793445924,0.09629030197895672,0.10718941479341251,0.08844734750856742,0.08551860024086554,0.09764613687899544,0.08077953581776609,0.07322779119433231,0.13706126177556577,0.1236326318770788
11,11.0,6.071405875792507,0.11091235828076625,0.09703691062066254,0.10679856152202322,0.08718180071171264,0.08438497475530374,0.0969019805830361,0.07824340573192493,0.07179847884419699,0.13980132081528895,0.12694020813508444
12,12.0,7.060169740244025,0.11223862701601313,0.09800937363899695,0.10715118966132138,0.08592565974439674,0.08322653695536163,0.09447235961444989,0.0754643709997152,0.07048997540090601,0.1420369310604704,0.1309849759083684
13,13.0,8.099455520847952,0.11327972689497788,0.09986095687788946,0.10797784128994549,0.08406532050664876,0.08143810406700226,0.09426950322370192,0.07263816768344433,0.06826365667501044,0.14324124456161036,0.13496547821976884
14,14.0,9.183818168183006,0.1156306824458442,0.10196372675948213,0.1086933513832821,0.08178902154917335,0.07884162814487491,0.09283057094933116,0.06989520653929449,0.06794260056011533,0.1439928540705902,0.13842035759801188
15,15.0,10.307906369102724,0.11924559934324168,0.10338750019581214,0.10935820297703372,0.0795984500688575,0.07556601128296785,0.09158495525943357,0.06668164112859185,0.06704605830700106,0.14548832492218738,0.14204325651487298
16,16.0,11.466506686239443,0.12165481509096662,0.1056366223362056,0.10997412254941552,0.07742046625342779,0.07317600535552225,0.08971167312804672,0.0643298836094147,0.06565695795874638,0.14630389934785848,0.14613555437039566
17,17.0,12.654581904800096,0.12426328644512342,0.10845916248516628,0.11054744680768189,0.07574960894390935,0.07128696645849911,0.08713641642960283,0.06168531030786632,0.06465558294792442,0.1470386069233601,0.14917761225086595
18,18.0,13.867303782456686,0.12671314580047172,0.11092317548684995,0.1113623123687972,0.07312078246006101,0.06914593936860788,0.08469632071612813,0.059944480135303464,0.06479827193005352,0.14688057120684977,0.152415000526877
19,19.0,15.100080434523047,0.1301175323324004,0.11396770865897035,0.11203357702620509,0.07112855071610585,0.06645394761925301,0.08260425457020901,0.05655667213436583,0.06376704185220618,0.1473176980403065,0.15605301704997745
20,20.0,16.348578617037543,0.13287762517555757,0.11536226467027087,0.11261316970995056,0.0693217346880584,0.06477778500321794,0.08057071201095795,0.05581459041142808,0.06271864586940389,0.14739131417905096,0.15855215828210345
21,21.0,17.608741195130214,0.13573031815967782,0.11659711540841816,0.11324799957266052,0.06756771669119802,0.062064534195146015,0.07847582340186425,0.05476745237437265,0.06252683082903207,0.14677582807806472,0.1622463812895655
22,22.0,18.876800103462312,0.13884091008678526,0.11667889620167832,0.11397704405950397,0.06694117852618797,0.05962231533297604,0.07739025069204128,0.05399942197993117,0.060191322876786496,0.1465008325698962,0.16585782767421303
23,23.0,20.14928511992658,0.14158871799330444,0.11717397291277656,0.11439608117739503,0.06615513888295149,0.05872614144788169,0.07460985559732569,0.05225118445339089,0.060069871438914416,0.14660501709946136,0.1684240189965982
24,24.0,21.423028783545156,0.14326923794847882,0.11837297514625994,0.11561511203479231,0.06528139210115913,0.05853710405634177,0.07224235074639462,0.052097119363186124,0.058394504157138434,0.14660487255033322,0.16958533189591543
25,25.0,22.695167792966423,0.14676293955706304,0.11880078610158191,0.11611965526701848,0.06369683834820276,0.05716274194262519,0.07183148126911075,0.05125162876569288,0.058261085577628914,0.14477197143576107,0.17134087173531487
26,26.0,23.963141223515898,0.1496405207051989,0.11850999136043183,0.119314296557552,0.06347013819621017,0.0553550658491282,0.06943266991513639,0.049544377840950914,0.058276455844609915,0.14413382185967216,0.1723226618711094
27,27.0,25.224685898775267,0.15191661919776006,0.11767800644584837,0.11914026925805292,0.06265193870788432,0.054611094486942374,0.06872780700085991,0.04921551736828432,0.05701018095898942,0.14413575379546148,0.17491281277991672
28,28.0,26.477829247520948,0.15361946693319678,0.11793380404381804,0.1203302672856061,0.06314494370833348,0.052952155477125035,0.06790432731001135,0.047953743278007256,0.057210192091373006,0.1436077795145118,0.17534332035801703
29,29.0,27.720879968916847,0.15757939371591054,0.11755453075878569,0.1220319130396382,0.06172002928509773,0.05115809345393264,0.0650450515980547,0.047946968930251466,0.05753853399486615,0.14227518040004147,0.17715030482342128
30,30.0,28.95241681848399,0.16086015278546165,0.11726517400447575,0.12170534853152978,0.060330835743676224,0.05067893586761243,0.06420705783000179,0.047187397735677684,0.056898599971631984,0.1401832859515796,0.180683211578353
31,31.0,30.17127581490958,0.1630188857100312,0.11732507134469684,0.12118443035986357,0.060750726172894044,0.04868011099551245,0.06533855705291997,0.04663881785206103,0.05696003007757859,0.1382523832916959,0.1818509871427463
32,32.0,31.376536153543515,0.16494511246470886,0.1189053623633781,0.12109046885353823,0.05878972842605194,0.048294602054746796,0.06430288696738759,0.04562541986153948,0.05609498794242962,0.1382033332828594,0.18374809778335988
33,33.0,32.567505096778625,0.16803612134717127,0.11948251830537167,0.12144979823589845,0.05841721817498622,0.04759986597465418,0.06326412222167864,0.04435401604324069,0.055471347590575266,0.13704438429396193,0.18488060781246163
34,34.0,33.74370209472243,0.17114136584978118,0.11929462974945097,0.12211141045089534,0.05661468973158775,0.04903510797460629,0.06201614825799893,0.043662759610705086,0.053943829452506836,0.1358535810194111,0.18632647790305648
35,35.0,34.90484237192463,0.17546749542589432,0.11814678484534094,0.12313819283001276,0.05661947499927665,0.04839884559078656,0.06045990796409806,0.04278662826556179,0.052847174567443075,0.13501509392453578,0.18712040158705
36,36.0,36.05082019768737,0.17762294385215832,0.11717956079979161,0.12383736385445611,0.05566993234250398,0.04857864728403454,0.06123840519108481,0.04262040418640187,0.05310248503118008,0.13251593286161548,0.18763432459677318
37,37.0,37.18169203889697,0.18112861807510708,0.11624272957964829,0.1247403155738753,0.05490567835898546,0.0482414406702413,0.059540945929832036,0.04198401330298892,0.0510088663097147,0.13242561892383492,0.18978177327577195
38,38.0,38.29765977559663,0.18501461249140072,0.1177227133698234,0.1255149315925833,0.05504231915112068,0.047766441816542674,0.05739442460594441,0.04037710092027633,0.05002968763852571,0.1316223270593215,0.18951544135446127
39,39.0,39.399054140870355,0.18835048281296596,0.11739091982612301,0.12513414846579055,0.05653487188660246,0.04677000099753437,0.05502044703242947,0.04012918700942469,0.04929439768356251,0.13043755054008763,0.1909379937454794
40,40.0,40.48631852820801,0.19124957184530816,0.11831507471743082,0.12572618289310108,0.05518509379354941,0.04578218795376653,0.05481629598932778,0.03972484833344734,0.048113794835117955,0.12994275944832226,0.19114419019062873
41,41.0,41.55999329152982,0.194456265571242,0.11734303997994636,0.12470154565464457,0.05577098097888757,0.04757109377179946,0.05352367766802456,0.04014971661262713,0.04834555970857537,0.12874233285908018,0.18939578719517292
42,42.0,42.62070064560415,0.19711025815891464,0.11672939474463094,0.12543091021008476,0.05566431054904257,0.04726552573195105,0.05252852888065022,0.04083210491254485,0.04818680907843559,0.12813074252471096,0.18812141520903455
43,43.0,43.669130257815,0.20056769942967068,0.114369842747851,0.12455092794327642,0.05509515379065838,0.04652742900350315,0.0520804099312066,0.04122120055062671,0.049194404297123094,0.1274539268961277,0.1889390054099564
44,44.0,44.70602560622662,0.20197699301865848,0.11349840821538523,0.1249627428519365,0.055922004810774924,0.04774205803996482,0.05088375546105994,0.04193908125668212,0.048791435762351745,0.1276402804387223,0.18664324014446404
45,45.0,45.73217116373481,0.20383708352630686,0.113431101293925,0.1244075468130269,0.05504536921267174,0.04694790386873107,0.049582355540970874,0.04296250682089565,0.049415261407079865,0.12893207067899962,0.1854388008373925
46,46.0,46.748380453854836,0.20636785709480554,0.11092242335705896,0.12246503545670002,0.05462041747336545,0.048351109992123734,0.050889007986744006,0.043227191349086105,0.04819936802800487,0.13102979461799508,0.1839277946441163
47,47.0,47.755485010424316,0.20927230353942475,0.10866079291461857,0.12301469203936187,0.05442172112141205,0.04718291660864309,0.05061298283836939,0.043237217279695296,0.04623788790402896,0.13203136110220604,0.18532812465224
48,48.0,48.7543242612326,0.21295486084537027,0.10682003727144994,0.12419712719891862,0.053709517731891754,0.0461912362613793,0.05060261105204436,0.042602401588597426,0.045937055959876655,0.13294873583189268,0.18403641625857897
49,49.0,49.745736344347726,0.21502867411436155,0.10387893542355224,0.1252013532261798,0.051712166855227976,0.047495864261711596,0.051479691971421,0.04359706686367203,0.044637464601785255,0.13414668150251507,0.18282210117957345
50,50.0,50.730549855707864,0.21780311528754612,0.10176097606979606,0.12642532723574984,0.050809068673902474,0.04710805860426675,0.05327085186507461,0.04304459102351193,0.04388935720704067,0.13546553296473376,0.18042312106837774
51,51.0,51.70957651737491,0.21781740824494186,0.09811365737898156,0.12688176860657915,0.04959165654117113,0.04596051226194071,0.052217527270064,0.04417789039732812,0.04322300217301096,0.1415417981333883,0.18047477899259418
52,52.0,52.68360474770151,0.21960758956982582,0.09660654507527607,0.12668077853940213,0.048453686684233985,0.04472672479404247,0.051134792858201196,0.04445988754799883,0.04224253302386309,0.14642736036832488,0.17966010153883152
53,53.0,53.65339410751842,0.2198469263797866,0.09507667768968382,0.12843762529884736,0.04682373333908514,0.04334766567693889,0.05059280019815813,0.04644913322013108,0.0409713691319711,0.14941569745796393,0.17903837160743394
54,54.0,54.61967059027847,0.21859169588073388,0.09572887022567482,0.1308617211047992,0.04574552872918335,0.043317416079120145,0.049547417087553274,0.04553985587088187,0.040050675945083325,0.14994662825045935,0.1806701908265107
55,55.0,55.58312271885972,0.21912535830347185,0.0962977039233387,0.13067702219673477,0.0438670671591302,0.04235019770666106,0.05029818925351458,0.04467800779430207,0.038942248966609375,0.15347720414877777,0.18028700054745955
56,56.0,56.544398407394254,0.21972710035311435,0.097930501924297,0.13161352584497213,0.04223671687014319,0.04435473220505371,0.049141931675595156,0.04401934895928805,0.03731729733592777,0.15610803604187512,0.1775508087897335
57,57.0,57.504102543001395,0.2197939753676919,0.09566557226156432,0.1307878162644719,0.04095794568178795,0.04669782294171547,0.047404555843724036,0.04345272749743065,0.03578166789495505,0.16265799549392923,0.17679992075272952
58,58.0,58.462795239617805,0.2212689386250929,0.09491461823322925,0.12751618512287716,0.03953665229056157,0.04615537504014699,0.04743082960592929,0.043284016316202545,0.035408402113001294,0.17040942380792057,0.17407555884503845
59,59.0,59.42099071417639,0.223343020906693,0.09173989614020357,0.12826834693438902,0.03885135380818739,0.04620543937678779,0.04636713228091516,0.04235511563983665,0.03536906241885672,0.17601879455566183,0.17148183793846888
60,60.0,60.379156734137354,0.22731717592522332,0.09093552860975052,0.127645924228177,0.038520881325393636,0.04564386723381114,0.04433143233772503,0.04093802859472964,0.0344827396753276,0.1826549863290242,0.16752943574083795
61,61.0,61.337714584760846,0.2299946975431756,0.08840321568774491,0.12797447379216723,0.03758289251097285,0.043987136169576314,0.042826687214267765,0.041101300020080125,0.034086755971987515,0.18580613814353747,0.16823670294649024
62,62.0,62.29703950447439,0.2289988588109635,0.088201066543538,0.1299119188050029,0.037099422943907584,0.04368538868246351,0.042096364709321044,0.041559660862108216,0.034102428331901295,0.18756048401996347,0.16678440629083055
63,63.0,63.257461537171835,0.23189926271955985,0.0898642448053268,0.12944554866119404,0.035562894962084035,0.043208010453180894,0.04063059122429699,0.040817354529987186,0.033241434840673975,0.18935452723881135,0.16597613056488497
64,64.0,64.21926675122782,0.231439291230354,0.0895283438504707,0.12997957026720655,0.03488120697724687,0.04177226067212792,0.03877685879175051,0.04309853103405459,0.033877987615178906,0.18945806810461224,0.16718788145699776
65,65.0,65.18269877636592,0.23382916135206128,0.08446263891882458,0.1283402938612504,0.03433369831711129,0.04200513532906154,0.039195951589438026,0.044731787492995945,0.03296846354761732,0.1919882458710664,0.16814462372057337
66,66.0,66.14796061122655,0.23396310971890705,0.08164165394895986,0.12861567825958334,0.03308124212320271,0.041872573182889485,0.037653719175571775,0.04351496924226938,0.03399266582507231,0.19562987195737003,0.17003451656617424
67,67.0,67.11521665648885,0.23483403863211874,0.08227905598052469,0.1271815627932278,0.03192321912745296,0.04040132223642972,0.03659058709124549,0.045707293754943853,0.033189308500168144,0.19677836819445596,0.17111524368943284
68,68.0,68.08459493066005,0.2362485528408015,0.08382037281346023,0.12475235832630112,0.030861766240003658,0.04306160389491816,0.0352234903471884,0.044838325180570085,0.03243439382275272,0.19869670348842108,0.17006243304558327
69,69.0,69.05618942810752,0.24162478564194248,0.08142971064220142,0.12273439129180054,0.02989784097889925,0.04277398808656061,0.03383071111285913,0.04372169893331226,0.03335803566842732,0.2006216049839937,0.17000723266000356
70,70.0,70.03006258152917,0.25118438133876647,0.08204104826474484,0.12042970243391272,0.029031329834116288,0.04206193473262252,0.0325389026908342,0.04283918683669388,0.03269106487863178,0.1969614702280019,0.17022097876167566
71,71.0,71.00624779379335,0.2545754280718404,0.08120994484934342,0.11709218846835666,0.028261156505470463,0.041707900926526854,0.03190221416841818,0.04184157143286601,0.032063880519029475,0.20183990359856036,0.16950581145958843
72,72.0,71.98475200689319,0.25897153036110876,0.08019285847745745,0.11617407416071654,0.02867558884166404,0.04055588908735113,0.030892899139338084,0.04141481892942266,0.0314787757901971,0.20160160868227717,0.17004195653046736
73,73.0,72.96555827861411,0.26366873569557736,0.07975869127844232,0.11734443782270448,0.028080642148495046,0.0399334752207701,0.03014943603112526,0.040233950186494546,0.030937393776346002,0.20153588847404896,0.16835734936599622
74,74.0,73.94862834037681,0.26922801588297585,0.08118695966916877,0.11521051621781585,0.02797780252688262,0.03863646270667525,0.029258433537489036,0.0399800256216213,0.03044077602611655,0.20580231896053378,0.16227868885072133
75,75.0,74.93390511255946,0.2746994378470224,0.08098002315855514,0.11307792655348214,0.02763290442676578,0.037382786816923134,0.02993520556550079,0.039859799496338215,0.03025063267128161,0.2073960695695952,0.15878521389453595
76,76.0,75.92131515639825,0.28494924200996863,0.07937947005994013,0.10898954233279179,0.0275249689233596,0.036180650647977,0.029445728924722296,0.03876382916622,0.02984189898264789,0.2086296727890477,0.15629499616332537
77,77.0,76.91077104428919,0.2934780972261799,0.0781908596016858,0.10734437950214176,0.02721105048716666,0.035794985957144115,0.0288083206558711,0.03756485845422105,0.02947561967305106,0.21047622678377068,0.15165560165876826
78,78.0,77.90217363294813,0.2954032861658651,0.07806715682267966,0.10736063865670285,0.027367948722948714,0.034707679944894515,0.028511896239520364,0.037905884250836186,0.030282012652168996,0.21429150409451103,0.14610199244987296
79,79.0,78.89541422641172,0.3027812011639841,0.07433601767866448,0.10834185636049623,0.027165095848018447,0.03409473834024389,0.02802120169345285,0.03691028554390721,0.030111489623047973,0.21758393552957295,0.1406541782186123
80,80.0,79.89037661826481,0.3105775872359704,0.07294835469957257,0.1082454294721155,0.02701087730210102,0.033404191816086524,0.02759936458505756,0.03643243956928824,0.030252143621598143,0.21514118678274408,0.13838842491546635
81,81.0,80.88693900474995,0.3189819498986574,0.06935454962425494,0.10526395368341263,0.026901971837754328,0.0345745978508369,0.02724371754165122,0.03667102734048948,0.030009841353849143,0.21675850224766413,0.13423988862143016
82,82.0,81.88497576253909,0.3250224608574226,0.06629996015650359,0.10261464259497177,0.02683493720146476,0.03371734630399253,0.028559151578275217,0.036223816010595,0.031072416006640537,0.21836263446605836,0.13129263482407594
83,83.0,82.88435908692391,0.33332827450930963,0.06433747133806973,0.09963388545287646,0.026806256656789505,0.03290864644879267,0.028310292499458472,0.03731990400303192,0.03099400154830851,0.21805329007310117,0.12830797747026224
