,Unnamed: 0,Total_iterations,Intertwine_two,Add_vertex,Delete_vertex,Invert_path_vertices,Insert_inside_vertex,Delete_inside_vertex,Replace_inside_vertex,Donate_between_routes
0,0.0,0.0,0.125,0.125,0.125,0.125,0.125,0.125,0.125,0.125
1,1.0,1.0,0.125,0.125,0.125,0.125,0.125,0.125,0.125,0.125
2,2.0,2.0,0.125,0.125,0.125,0.125,0.125,0.125,0.125,0.125
3,3.0,3.0,0.125,0.125,0.125,0.125,0.125,0.125,0.125,0.125
4,4.0,4.0,0.125,0.125,0.125,0.125,0.125,0.125,0.125,0.125
5,5.0,5.0,0.125,0.125,0.125,0.125,0.125,0.125,0.125,0.125
6,6.0,6.0,0.125,0.125,0.125,0.125,0.125,0.125,0.125,0.125
7,7.0,7.0,0.125,0.125,0.125,0.125,0.125,0.125,0.125,0.125
8,8.0,8.0,0.125,0.125,0.125,0.125,0.125,0.125,0.125,0.125
9,9.0,9.0,0.125,0.125,0.125,0.125,0.125,0.125,0.125,0.125
10,10.0,10.0,0.125,0.125,0.125,0.125,0.125,0.125,0.125,0.125
11,11.0,11.0,0.125,0.125,0.125,0.125,0.125,0.125,0.125,0.125
12,12.0,12.0,0.125,0.125,0.125,0.125,0.125,0.125,0.125,0.125
13,13.0,13.0,0.125,0.125,0.125,0.125,0.125,0.125,0.125,0.125
14,14.0,14.0,0.125,0.125,0.125,0.125,0.125,0.125,0.125,0.125
15,15.0,15.0,0.125,0.125,0.125,0.125,0.125,0.125,0.125,0.125
16,16.0,16.0,0.125,0.125,0.125,0.125,0.125,0.125,0.125,0.125
17,17.0,17.0,0.125,0.125,0.125,0.125,0.125,0.125,0.125,0.125
18,18.0,18.0,0.125,0.125,0.125,0.125,0.125,0.125,0.125,0.125
19,19.0,19.0,0.125,0.125,0.125,0.125,0.125,0.125,0.125,0.125
20,20.0,20.0,0.125,0.125,0.125,0.125,0.125,0.125,0.125,0.125
21,21.0,21.0,0.125,0.125,0.125,0.125,0.125,0.125,0.125,0.125
22,22.0,22.0,0.125,0.125,0.125,0.125,0.125,0.125,0.125,0.125
23,23.0,23.0,0.125,0.125,0.125,0.125,0.125,0.125,0.125,0.125
24,24.0,24.0,0.125,0.125,0.125,0.125,0.125,0.125,0.125,0.125
25,25.0,25.0,0.125,0.125,0.125,0.125,0.125,0.125,0.125,0.125
26,26.0,26.0,0.125,0.125,0.125,0.125,0.125,0.125,0.125,0.125
27,27.0,27.0,0.125,0.125,0.125,0.125,0.125,0.125,0.125,0.125
28,28.0,28.0,0.125,0.125,0.125,0.125,0.125,0.125,0.125,0.125
29,29.0,29.0,0.125,0.125,0.125,0.125,0.125,0.125,0.125,0.125
30,30.0,30.0,0.125,0.125,0.125,0.125,0.125,0.125,0.125,0.125
31,31.0,31.0,0.125,0.125,0.125,0.125,0.125,0.125,0.125,0.125
32,32.0,32.0,0.125,0.125,0.125,0.125,0.125,0.125,0.125,0.125
33,33.0,33.0,0.125,0.125,0.125,0.125,0.125,0.125,0.125,0.125
34,34.0,34.0,0.125,0.125,0.125,0.125,0.125,0.125,0.125,0.125
35,35.0,35.0,0.125,0.125,0.125,0.125,0.125,0.125,0.125,0.125
36,36.0,36.0,0.125,0.125,0.125,0.125,0.125,0.125,0.125,0.125
37,37.0,37.0,0.125,0.125,0.125,0.125,0.125,0.125,0.125,0.125
38,38.0,38.0,0.125,0.125,0.125,0.125,0.125,0.125,0.125,0.125
39,39.0,39.0,0.125,0.125,0.125,0.125,0.125,0.125,0.125,0.125
40,40.0,40.0,0.125,0.125,0.125,0.125,0.125,0.125,0.125,0.125
41,41.0,41.0,0.125,0.125,0.125,0.125,0.125,0.125,0.125,0.125
42,42.0,42.0,0.125,0.125,0.125,0.125,0.125,0.125,0.125,0.125
43,43.0,43.0,0.125,0.125,0.125,0.125,0.125,0.125,0.125,0.125
44,44.0,44.0,0.125,0.125,0.125,0.125,0.125,0.125,0.125,0.125
45,45.0,45.0,0.125,0.125,0.125,0.125,0.125,0.125,0.125,0.125
46,46.0,46.0,0.125,0.125,0.125,0.125,0.125,0.125,0.125,0.125
47,47.0,47.0,0.125,0.125,0.125,0.125,0.125,0.125,0.125,0.125
48,48.0,48.0,0.125,0.125,0.125,0.125,0.125,0.125,0.125,0.125
49,49.0,49.0,0.125,0.125,0.125,0.125,0.125,0.125,0.125,0.125
50,50.0,50.0,0.125,0.125,0.125,0.125,0.125,0.125,0.125,0.125
51,51.0,51.0,0.125,0.125,0.125,0.125,0.125,0.125,0.125,0.125
52,52.0,52.0,0.125,0.125,0.125,0.125,0.125,0.125,0.125,0.125
53,53.0,53.0,0.125,0.125,0.125,0.125,0.125,0.125,0.125,0.125
54,54.0,54.0,0.125,0.125,0.125,0.125,0.125,0.125,0.125,0.125
55,55.0,55.0,0.125,0.125,0.125,0.125,0.125,0.125,0.125,0.125
56,56.0,56.0,0.125,0.125,0.125,0.125,0.125,0.125,0.125,0.125
57,57.0,57.0,0.125,0.125,0.125,0.125,0.125,0.125,0.125,0.125
58,58.0,58.0,0.125,0.125,0.125,0.125,0.125,0.125,0.125,0.125
59,59.0,59.0,0.125,0.125,0.125,0.125,0.125,0.125,0.125,0.125
60,60.0,60.0,0.125,0.125,0.125,0.125,0.125,0.125,0.125,0.125
61,61.0,61.0,0.125,0.125,0.125,0.125,0.125,0.125,0.125,0.125
62,62.0,62.0,0.125,0.125,0.125,0.125,0.125,0.125,0.125,0.125
63,63.0,63.0,0.125,0.125,0.125,0.125,0.125,0.125,0.125,0.125
64,64.0,64.0,0.125,0.125,0.125,0.125,0.125,0.125,0.125,0.125
65,65.0,65.0,0.125,0.125,0.125,0.125,0.125,0.125,0.125,0.125
66,66.0,66.0,0.125,0.125,0.125,0.125,0.125,0.125,0.125,0.125
67,67.0,67.0,0.125,0.125,0.125,0.125,0.125,0.125,0.125,0.125
68,68.0,68.0,0.125,0.125,0.125,0.125,0.125,0.125,0.125,0.125
69,69.0,69.0,0.125,0.125,0.125,0.125,0.125,0.125,0.125,0.125
70,70.0,70.0,0.125,0.125,0.125,0.125,0.125,0.125,0.125,0.125
71,71.0,71.0,0.125,0.125,0.125,0.125,0.125,0.125,0.125,0.125
72,72.0,72.0,0.125,0.125,0.125,0.125,0.125,0.125,0.125,0.125
73,73.0,73.0,0.125,0.125,0.125,0.125,0.125,0.125,0.125,0.125
74,74.0,74.0,0.125,0.125,0.125,0.125,0.125,0.125,0.125,0.125
75,75.0,75.0,0.125,0.125,0.125,0.125,0.125,0.125,0.125,0.125
76,76.0,76.0,0.125,0.125,0.125,0.125,0.125,0.125,0.125,0.125
77,77.0,77.0,0.125,0.125,0.125,0.125,0.125,0.125,0.125,0.125
78,78.0,78.0,0.125,0.125,0.125,0.125,0.125,0.125,0.125,0.125
79,79.0,79.0,0.125,0.125,0.125,0.125,0.125,0.125,0.125,0.125
80,80.0,80.0,0.125,0.125,0.125,0.125,0.125,0.125,0.125,0.125
81,81.0,81.0,0.125,0.125,0.125,0.125,0.125,0.125,0.125,0.125
82,82.0,82.0,0.125,0.125,0.125,0.125,0.125,0.125,0.125,0.125
83,83.0,83.0,0.125,0.125,0.125,0.125,0.125,0.125,0.125,0.125
84,84.0,84.0,0.125,0.125,0.125,0.125,0.125,0.125,0.125,0.125
85,85.0,85.0,0.125,0.125,0.125,0.125,0.125,0.125,0.125,0.125
86,86.0,86.0,0.125,0.125,0.125,0.125,0.125,0.125,0.125,0.125
87,87.0,87.0,0.125,0.125,0.125,0.125,0.125,0.125,0.125,0.125
88,88.0,88.0,0.125,0.125,0.125,0.125,0.125,0.125,0.125,0.125
89,89.0,89.0,0.125,0.125,0.125,0.125,0.125,0.125,0.125,0.125
90,90.0,90.0,0.125,0.125,0.125,0.125,0.125,0.125,0.125,0.125
91,91.0,91.0,0.125,0.125,0.125,0.125,0.125,0.125,0.125,0.125
92,92.0,92.0,0.125,0.125,0.125,0.125,0.125,0.125,0.125,0.125
93,93.0,93.0,0.125,0.125,0.125,0.125,0.125,0.125,0.125,0.125
94,94.0,94.0,0.125,0.125,0.125,0.125,0.125,0.125,0.125,0.125
95,95.0,95.0,0.125,0.125,0.125,0.125,0.125,0.125,0.125,0.125
96,96.0,96.0,0.125,0.125,0.125,0.125,0.125,0.125,0.125,0.125
97,97.0,97.0,0.125,0.125,0.125,0.125,0.125,0.125,0.125,0.125
98,98.0,98.0,0.125,0.125,0.125,0.125,0.125,0.125,0.125,0.125
99,99.0,99.0,0.125,0.125,0.125,0.125,0.125,0.125,0.125,0.125
100,100.0,100.0,0.125,0.125,0.125,0.125,0.125,0.125,0.125,0.125
101,101.0,101.0,0.125,0.125,0.125,0.125,0.125,0.125,0.125,0.125
102,102.0,102.0,0.125,0.125,0.125,0.125,0.125,0.125,0.125,0.125
103,103.0,103.0,0.125,0.125,0.125,0.125,0.125,0.125,0.125,0.125
104,104.0,104.0,0.125,0.125,0.125,0.125,0.125,0.125,0.125,0.125
105,105.0,105.0,0.125,0.125,0.125,0.125,0.125,0.125,0.125,0.125
106,106.0,106.0,0.125,0.125,0.125,0.125,0.125,0.125,0.125,0.125
107,107.0,107.0,0.125,0.125,0.125,0.125,0.125,0.125,0.125,0.125
108,108.0,108.0,0.125,0.125,0.125,0.125,0.125,0.125,0.125,0.125
109,109.0,109.0,0.125,0.125,0.125,0.125,0.125,0.125,0.125,0.125
110,110.0,110.0,0.125,0.125,0.125,0.125,0.125,0.125,0.125,0.125
111,111.0,111.0,0.125,0.125,0.125,0.125,0.125,0.125,0.125,0.125
112,112.0,112.0,0.125,0.125,0.125,0.125,0.125,0.125,0.125,0.125
113,113.0,113.0,0.125,0.125,0.125,0.125,0.125,0.125,0.125,0.125
114,114.0,114.0,0.125,0.125,0.125,0.125,0.125,0.125,0.125,0.125
115,115.0,115.0,0.125,0.125,0.125,0.125,0.125,0.125,0.125,0.125
116,116.0,116.0,0.125,0.125,0.125,0.125,0.125,0.125,0.125,0.125
117,117.0,117.0,0.125,0.125,0.125,0.125,0.125,0.125,0.125,0.125
118,118.0,118.0,0.125,0.125,0.125,0.125,0.125,0.125,0.125,0.125
119,119.0,119.0,0.125,0.125,0.125,0.125,0.125,0.125,0.125,0.125
120,120.0,120.0,0.125,0.125,0.125,0.125,0.125,0.125,0.125,0.125
121,121.0,121.0,0.125,0.125,0.125,0.125,0.125,0.125,0.125,0.125
122,122.0,122.0,0.125,0.125,0.125,0.125,0.125,0.125,0.125,0.125
123,123.0,123.0,0.125,0.125,0.125,0.125,0.125,0.125,0.125,0.125
124,124.0,124.0,0.125,0.125,0.125,0.125,0.125,0.125,0.125,0.125
125,125.0,125.0,0.125,0.125,0.125,0.125,0.125,0.125,0.125,0.125
126,126.0,126.0,0.125,0.125,0.125,0.125,0.125,0.125,0.125,0.125
127,127.0,127.0,0.125,0.125,0.125,0.125,0.125,0.125,0.125,0.125
128,128.0,128.0,0.125,0.125,0.125,0.125,0.125,0.125,0.125,0.125
129,129.0,129.0,0.125,0.125,0.125,0.125,0.125,0.125,0.125,0.125
130,130.0,130.0,0.125,0.125,0.125,0.125,0.125,0.125,0.125,0.125
131,131.0,131.0,0.125,0.125,0.125,0.125,0.125,0.125,0.125,0.125
132,132.0,132.0,0.125,0.125,0.125,0.125,0.125,0.125,0.125,0.125
133,133.0,133.0,0.125,0.125,0.125,0.125,0.125,0.125,0.125,0.125
134,134.0,134.0,0.125,0.125,0.125,0.125,0.125,0.125,0.125,0.125
135,135.0,135.0,0.125,0.125,0.125,0.125,0.125,0.125,0.125,0.125
136,136.0,136.0,0.125,0.125,0.125,0.125,0.125,0.125,0.125,0.125
137,137.0,137.0,0.125,0.125,0.125,0.125,0.125,0.125,0.125,0.125
138,138.0,138.0,0.125,0.125,0.125,0.125,0.125,0.125,0.125,0.125
139,139.0,139.0,0.125,0.125,0.125,0.125,0.125,0.125,0.125,0.125
140,140.0,140.0,0.125,0.125,0.125,0.125,0.125,0.125,0.125,0.125
141,141.0,141.0,0.125,0.125,0.125,0.125,0.125,0.125,0.125,0.125
142,142.0,142.0,0.125,0.125,0.125,0.125,0.125,0.125,0.125,0.125
143,143.0,143.0,0.125,0.125,0.125,0.125,0.125,0.125,0.125,0.125
144,144.0,144.0,0.125,0.125,0.125,0.125,0.125,0.125,0.125,0.125
145,145.0,145.0,0.125,0.125,0.125,0.125,0.125,0.125,0.125,0.125
146,146.0,146.0,0.125,0.125,0.125,0.125,0.125,0.125,0.125,0.125
147,147.0,147.0,0.125,0.125,0.125,0.125,0.125,0.125,0.125,0.125
148,148.0,148.0,0.125,0.125,0.125,0.125,0.125,0.125,0.125,0.125
149,149.0,149.0,0.125,0.125,0.125,0.125,0.125,0.125,0.125,0.125
150,150.0,150.0,0.125,0.125,0.125,0.125,0.125,0.125,0.125,0.125
151,151.0,151.0,0.125,0.125,0.125,0.125,0.125,0.125,0.125,0.125
152,152.0,152.0,0.125,0.125,0.125,0.125,0.125,0.125,0.125,0.125
153,153.0,153.0,0.125,0.125,0.125,0.125,0.125,0.125,0.125,0.125
154,154.0,154.0,0.125,0.125,0.125,0.125,0.125,0.125,0.125,0.125
155,155.0,155.0,0.125,0.125,0.125,0.125,0.125,0.125,0.125,0.125
156,156.0,156.0,0.125,0.125,0.125,0.125,0.125,0.125,0.125,0.125
157,157.0,157.0,0.125,0.125,0.125,0.125,0.125,0.125,0.125,0.125
158,158.0,158.0,0.125,0.125,0.125,0.125,0.125,0.125,0.125,0.125
159,159.0,159.0,0.125,0.125,0.125,0.125,0.125,0.125,0.125,0.125
160,160.0,160.0,0.125,0.125,0.125,0.125,0.125,0.125,0.125,0.125
161,161.0,161.0,0.125,0.125,0.125,0.125,0.125,0.125,0.125,0.125
162,162.0,162.0,0.125,0.125,0.125,0.125,0.125,0.125,0.125,0.125
163,163.0,163.0,0.125,0.125,0.125,0.125,0.125,0.125,0.125,0.125
164,164.0,164.0,0.125,0.125,0.125,0.125,0.125,0.125,0.125,0.125
165,165.0,165.0,0.125,0.125,0.125,0.125,0.125,0.125,0.125,0.125
166,166.0,166.0,0.125,0.125,0.125,0.125,0.125,0.125,0.125,0.125
167,167.0,167.0,0.125,0.125,0.125,0.125,0.125,0.125,0.125,0.125
168,168.0,168.0,0.125,0.125,0.125,0.125,0.125,0.125,0.125,0.125
169,169.0,169.0,0.125,0.125,0.125,0.125,0.125,0.125,0.125,0.125
170,170.0,170.0,0.125,0.125,0.125,0.125,0.125,0.125,0.125,0.125
171,171.0,171.0,0.125,0.125,0.125,0.125,0.125,0.125,0.125,0.125
172,172.0,172.0,0.125,0.125,0.125,0.125,0.125,0.125,0.125,0.125
173,173.0,173.0,0.125,0.125,0.125,0.125,0.125,0.125,0.125,0.125
174,174.0,174.0,0.125,0.125,0.125,0.125,0.125,0.125,0.125,0.125
175,175.0,175.0,0.125,0.125,0.125,0.125,0.125,0.125,0.125,0.125
176,176.0,176.0,0.125,0.125,0.125,0.125,0.125,0.125,0.125,0.125
177,177.0,177.0,0.125,0.125,0.125,0.125,0.125,0.125,0.125,0.125
178,178.0,178.0,0.125,0.125,0.125,0.125,0.125,0.125,0.125,0.125
179,179.0,179.0,0.125,0.125,0.125,0.125,0.125,0.125,0.125,0.125
180,180.0,180.0,0.125,0.125,0.125,0.125,0.125,0.125,0.125,0.125
181,181.0,181.0,0.125,0.125,0.125,0.125,0.125,0.125,0.125,0.125
182,182.0,182.0,0.125,0.125,0.125,0.125,0.125,0.125,0.125,0.125
183,183.0,183.0,0.125,0.125,0.125,0.125,0.125,0.125,0.125,0.125
184,184.0,184.0,0.125,0.125,0.125,0.125,0.125,0.125,0.125,0.125
185,185.0,185.0,0.125,0.125,0.125,0.125,0.125,0.125,0.125,0.125
186,186.0,186.0,0.125,0.125,0.125,0.125,0.125,0.125,0.125,0.125
187,187.0,187.0,0.125,0.125,0.125,0.125,0.125,0.125,0.125,0.125
188,188.0,188.0,0.125,0.125,0.125,0.125,0.125,0.125,0.125,0.125
189,189.0,189.0,0.125,0.125,0.125,0.125,0.125,0.125,0.125,0.125
190,190.0,190.0,0.125,0.125,0.125,0.125,0.125,0.125,0.125,0.125
191,191.0,191.0,0.125,0.125,0.125,0.125,0.125,0.125,0.125,0.125
192,192.0,192.0,0.125,0.125,0.125,0.125,0.125,0.125,0.125,0.125
193,193.0,193.0,0.125,0.125,0.125,0.125,0.125,0.125,0.125,0.125
194,194.0,194.0,0.125,0.125,0.125,0.125,0.125,0.125,0.125,0.125
195,195.0,195.0,0.125,0.125,0.125,0.125,0.125,0.125,0.125,0.125
196,196.0,196.0,0.125,0.125,0.125,0.125,0.125,0.125,0.125,0.125
197,197.0,197.0,0.125,0.125,0.125,0.125,0.125,0.125,0.125,0.125
198,198.0,198.0,0.125,0.125,0.125,0.125,0.125,0.125,0.125,0.125
199,199.0,199.0,0.125,0.125,0.125,0.125,0.125,0.125,0.125,0.125
200,200.0,200.0,0.12690148911798396,0.1376422298587247,0.1198377243222604,0.11949408171057656,0.1265311187476136,0.12690148911798396,0.11949408171057656,0.12319778541428027
201,201.0,201.0,0.12900586622236107,0.13877017598667088,0.1260161755007116,0.11567253288902775,0.13314728036377524,0.12270956992606478,0.11567253288902775,0.11900586622236108
202,202.0,202.0,0.12808835780485267,0.1513206810371759,0.12839138810788298,0.11233078204727691,0.13246546218195704,0.11971146169599778,0.11233078204727691,0.11536108507757993
203,203.0,203.0,0.12661530268673127,0.15434257541400404,0.12751099429670862,0.11111025218168076,0.13668264275407133,0.11848742527313959,0.11111025218168076,0.1141405552119838
204,204.0,204.0,0.1221456057170343,0.16529375386518244,0.12674500103071534,0.11064728921871782,0.14145537002679862,0.11679550608122038,0.10694358551501411,0.10997388854531714
205,205.0,205.0,0.11952452309595166,0.17045433402576257,0.13346735275306704,0.10827873185016043,0.13796404653547512,0.11442694871266301,0.10457502814645674,0.11130903488046348
206,206.0,206.0,0.1235248657413606,0.18202895424544913,0.13666312114765725,0.10149772144617505,0.13454218175867663,0.11169679118132728,0.1018413640578589,0.10820500042149529
207,207.0,207.0,0.12035784757434244,0.20105326326975806,0.13584653033106645,0.10186605681451043,0.1278429550594499,0.10810889759343367,0.0994319216484165,0.10549252770902257
208,208.0,208.0,0.11668189866643476,0.2140009637174585,0.137942119926656,0.10062424307269666,0.1178626575791524,0.11036358734812343,0.0980601405085941,0.104464389180884
209,209.0,209.0,0.11538139361592968,0.22787301758951237,0.13293791117244724,0.09895336765182124,0.11697881919531403,0.108692711927248,0.09638926508771868,0.10279351376000859
210,210.0,210.0,0.11648279221732828,0.23918420640070123,0.1278893486238847,0.09693510813356172,0.1109538256703205,0.10970475543929151,0.09437100556945917,0.10447895794545278
211,211.0,211.0,0.11654728208299635,0.24047468404611258,0.1256927662284805,0.10153652564366848,0.10918810025952883,0.10793552347123776,0.09594212004926289,0.10268299821871249
212,212.0,212.0,0.1188478650978651,0.24228271728271725,0.12462634587634588,0.10350727975727975,0.10787259037259037,0.10661657786657788,0.09488257113257112,0.10136405261405261
213,213.0,213.0,0.11770559505853624,0.2478437140201846,0.11820546555840675,0.10184830420124538,0.11394654365242601,0.10495760231054348,0.09322359557653674,0.1022691796221208
214,214.0,214.0,0.1173829873829874,0.25535575535575533,0.10932548932548931,0.09982017982017981,0.11746290746290745,0.1054042254042254,0.09484866984866984,0.10039978539978538
215,215.0,215.0,0.11563240609293238,0.2658889867442499,0.10831361377414005,0.098252748713275,0.11459888551993812,0.10579417171522433,0.09302871348923979,0.09849047395100025
216,216.0,216.0,0.12093396999743748,0.27284231391816527,0.10324480730827476,0.09623829530176278,0.11396715069702686,0.1041233697503047,0.09166361072707822,0.09698648229994977
217,217.0,217.0,0.11758921290268037,0.27939092326089227,0.09882471351318098,0.09778571982712846,0.11297880081161812,0.1066313805303743,0.09125025093871843,0.0955489982154069
218,218.0,218.0,0.11679756446397312,0.282070833220214,0.09560882265023131,0.0999810843754342,0.11526893170469019,0.10082086207279703,0.09085098789239657,0.09860091362026348
219,219.0,219.0,0.11340820872167619,0.29291603241100145,0.0933305780190455,0.10046618750759616,0.11475114883396613,0.09782502484901866,0.08857274326121074,0.09873007639648507
220,220.0,220.0,0.10417351840339455,0.30046018173146655,0.09323730184217799,0.10310018405800138,0.11274189919700753,0.09457468786803151,0.09120673981161596,0.10050548708830442
221,221.0,221.0,0.09446807478154226,0.308257034002003,0.09218061686908435,0.10269876974017841,0.11511407294689024,0.09483357185756565,0.09157455626302374,0.1008733035397122
222,222.0,222.0,0.09449404439729518,0.3096645819207738,0.09435050372743871,0.1042784704975107,0.11408158648483722,0.09596666534360034,0.0914353876544279,0.09572875997411599
223,223.0,223.0,0.09305255216632924,0.31756257001226035,0.09290901149647278,0.10255378923335574,0.11391302740373943,0.09900328759074888,0.08696359239315893,0.09404216970393439
224,224.0,224.0,0.09733382644760352,0.3265922070991731,0.09380910555446158,0.1007655447980525,0.11120536612796669,0.09259432618178746,0.08518426061382714,0.09251536317712786
225,225.0,225.0,0.09389992921196647,0.3276160991178995,0.09461504742708467,0.10496429560241978,0.10718079594871556,0.0955736630867873,0.08418191574395299,0.09196825386117348
226,226.0,226.0,0.09550619069580527,0.33039050421981175,0.09336673221614061,0.10329389496599908,0.10788418847217049,0.09391051285404943,0.0871592455447364,0.08848873103128677
227,227.0,227.0,0.09652673731671575,0.32449168895429215,0.09307777608579965,0.10263242864511056,0.11238710827162456,0.09596847751687373,0.08660708025420155,0.08830870295538197
228,228.0,228.0,0.09174749021935721,0.32812411961845656,0.09349003339047181,0.10296372932470846,0.11654210775557142,0.09479343323424433,0.08520542778443763,0.08713365867275255
229,229.0,229.0,0.0940807578501077,0.3362067673141314,0.0905042049126525,0.09775919659157163,0.11096677222395931,0.08925867517088215,0.085436353312846,0.09578727262384935
230,230.0,230.0,0.09571002478947692,0.34160840112734714,0.09284342988340831,0.10020868540706339,0.10999371423957505,0.08461289526843437,0.079774108853561,0.09524874043113375
231,231.0,231.0,0.09451863920567646,0.33521859769033,0.09610647875404234,0.09815777536079731,0.11398898023948503,0.08382832509144933,0.08358380062377908,0.09459740303444032
232,232.0,232.0,0.09379063226249926,0.33785339151707433,0.09779425391317974,0.09274171137662186,0.11011769844250666,0.08300919195420474,0.08813707285893987,0.09655604767497353
233,233.0,233.0,0.09576962205495652,0.33707077715860856,0.09643991037230368,0.0941252732052301,0.11376335490163059,0.0814716982301785,0.0867827293180638,0.09457663475902807
234,234.0,234.0,0.101783897910045,0.3386960296700441,0.09555022954669676,0.09342606314308877,0.10914342221544561,0.08097743085749996,0.0865836256736903,0.09383930098348932
235,235.0,235.0,0.10104628169642262,0.34169782692106737,0.10001648010040862,0.09079341113737176,0.10331896201792042,0.08026830467236759,0.08750633643386237,0.09535239702057918
236,236.0,236.0,0.10349222747003696,0.35009034306243936,0.09957143141956103,0.08877767728626301,0.10507037356758878,0.07683038438308776,0.08502221571394274,0.09114534709708019
237,237.0,237.0,0.09719535808156708,0.36560648844246274,0.09886098340698624,0.08832005875302865,0.10075062836212542,0.07639152976567613,0.08226936222242995,0.09060559096572356
238,238.0,238.0,0.09602519678033164,0.37065971219133864,0.097928917343846,0.0874673577692535,0.09958046706088997,0.07760232084539306,0.08129411221904695,0.08944191578990006
239,239.0,239.0,0.09062307367697013,0.3765376412586271,0.10414392462359955,0.08494485752953021,0.10038222449964432,0.07981488129661281,0.07788272985642619,0.08567066725858961
240,240.0,240.0,0.08899026343993995,0.38131979598290056,0.1061140743706035,0.08518382566892235,0.0984463839595838,0.07805436543187699,0.07637246863900386,0.08551882250716886
241,241.0,241.0,0.08284335387662173,0.3939701699679091,0.1066247342909417,0.08402334488150659,0.09590184968981735,0.07694275390385678,0.07335135484854022,0.08634243854080645
242,242.0,242.0,0.08147205096403058,0.4030230866787716,0.0980142612402562,0.080437284406033,0.09664974941908805,0.07781911506471786,0.07670575149521394,0.08587870073188868
243,243.0,243.0,0.07763719689755046,0.4054453205112558,0.10316394726189673,0.08031850291432109,0.09639517011541059,0.07752746899796749,0.07442580731148056,0.08508658599011719
244,244.0,244.0,0.07507296248501882,0.4082521526540012,0.10702566744172838,0.07978947349287681,0.09586868791168382,0.07735464872685,0.07196773960805682,0.08466866767978402
245,245.0,245.0,0.07584835416881001,0.4090656296801582,0.11050505542909185,0.07736995387881554,0.09604658103280615,0.07589149627503824,0.07182231626809181,0.08345061326718795
246,246.0,246.0,0.0796877612158493,0.4122697897135012,0.1041843528594998,0.07665992485467962,0.09796254919988481,0.07755843810613405,0.07118612644822989,0.08049105760222106
247,247.0,247.0,0.08181738764219579,0.41656317822558225,0.10774863346687727,0.07567416291201455,0.09520612127602747,0.07475434199219363,0.07034281464801496,0.07789335983709383
248,248.0,248.0,0.07803653905226568,0.4193410163336578,0.10685008775925003,0.07445747855291533,0.09931207723956856,0.07351120260663938,0.06880385996664541,0.07968773848905762
249,249.0,249.0,0.0803189164976866,0.41764714553795623,0.10607149839370414,0.07373841299689324,0.09676209749969113,0.0746140324754539,0.06821466454049346,0.08263323205812098
250,250.0,250.0,0.07948510754030785,0.4175835286086778,0.10938864469022182,0.07119218247415174,0.09808120098934249,0.07427233761313043,0.06733506803732717,0.08266193004684051
251,251.0,251.0,0.07931873687393719,0.4192814726399552,0.1091667184682956,0.07111399522929784,0.09763985838133321,0.07406187523600138,0.06696587550146796,0.08245146766971147
252,252.0,252.0,0.0759338112157805,0.42756667650337726,0.10892734056225102,0.06818045346242275,0.09731225871315383,0.07302085815576861,0.06670415198612127,0.08235444940112457
253,253.0,253.0,0.07759497888831748,0.43304303788189796,0.09867778074435041,0.06850552640806043,0.09787655589726613,0.07322398577155022,0.06708650148828586,0.08399163292027154
254,254.0,254.0,0.07685361273578926,0.434687714656054,0.09784712244505875,0.06779749976663282,0.09694483391396697,0.07609802324618445,0.06637264442873402,0.08339854880757956
255,255.0,255.0,0.07657123360671032,0.43682586352758135,0.10004840344669877,0.0675038225231702,0.09656375177834563,0.07365992802950087,0.06757538295588073,0.08125161413211189
256,256.0,256.0,0.07749756158939064,0.44013296818263087,0.10131080148958707,0.06705760212356911,0.0954368386278056,0.07300886687580838,0.0643966356745592,0.08115872543664894
257,257.0,257.0,0.07760706061480672,0.4438695875265091,0.09810810100740132,0.06611275798257304,0.09699206386187893,0.07346612924898781,0.06627298422975583,0.07757131552808713
258,258.0,258.0,0.07764833151892583,0.4497619295148484,0.0972729375395274,0.06381299315666214,0.09846321789640093,0.07285660650231326,0.06696461277886999,0.07321937109245183
259,259.0,259.0,0.07772114333825884,0.4504379912041137,0.09742683489021474,0.0639108680983859,0.09705782486426848,0.07297690170246299,0.06714652133403916,0.07332191456825592
260,260.0,260.0,0.0782960252899511,0.45416403236575864,0.09282752157144736,0.06501464000856581,0.0908536269664786,0.07968554559251488,0.06527127226519808,0.07388733594008529
261,261.0,261.0,0.07746189425011775,0.45079199367639694,0.09468816824532346,0.0653795601867154,0.09627312515636732,0.08019159574043894,0.06455538436253958,0.07065827838210025
262,262.0,262.0,0.07302871683199084,0.45477143155411326,0.09142755755503713,0.06716321079069036,0.09653140652815657,0.08074178744361221,0.06343890939904617,0.07289697989735312
263,263.0,263.0,0.07298756224977931,0.4574991782258508,0.09031776726625887,0.06841588062243671,0.0885344270376583,0.08052483494366726,0.06369814737529171,0.07802220227905673
264,264.0,264.0,0.07114729932618305,0.46044907160711673,0.09126232512748336,0.07009076552771377,0.0856606055657976,0.0802644852666509,0.06330699374394197,0.07781845383511223
265,265.0,265.0,0.06869722747094537,0.46225062773835013,0.08055809956351083,0.07213530106182033,0.09004301678709782,0.08482774253000547,0.06414756416103992,0.07734042068722981
266,266.0,266.0,0.07031607010414924,0.4620238341788809,0.08128189068203878,0.07065190183597653,0.08794045725318818,0.0854144263736135,0.06566341020955385,0.07670800936259878
267,267.0,267.0,0.07219158411492074,0.46594911247385973,0.08335992897060339,0.0699441577159517,0.08512482454281864,0.0825241325309932,0.06477931509738857,0.0761269445534638
268,268.0,268.0,0.07184523482655442,0.4736497533838515,0.08306486173351914,0.06959780842758538,0.08562108807323146,0.08214194094872007,0.06271657109262753,0.0713627415139104
269,269.0,269.0,0.07146839743003555,0.48195474123587917,0.08210095789467066,0.06981080517353222,0.08598057670766106,0.07849860126086868,0.061911712378499226,0.06827420791885322
270,270.0,270.0,0.07223855871038637,0.4770925496729273,0.08111659804202365,0.07232605811874365,0.0863676868044106,0.08011084861202565,0.06211811533297213,0.06862958470651045
271,271.0,271.0,0.07162932481142453,0.47521557350271937,0.08047829002245871,0.07174173156176232,0.08824762559276879,0.08127055395265366,0.06291994160204133,0.06849695895417111
272,272.0,272.0,0.06918144217029563,0.48221895020038175,0.07155219733232573,0.07269031679384548,0.08717774604016928,0.08269200526933193,0.0636975866631843,0.07078975553046561
273,273.0,273.0,0.07099574598715698,0.49385832583847855,0.0718538793104783,0.07294926372926298,0.08575237487822521,0.0767804233871618,0.061618316260384484,0.06619167060885127
274,274.0,274.0,0.0690548718443768,0.4951483171782306,0.0703874610170214,0.07500057492101524,0.08597094688182759,0.07461619267709767,0.06429405210908173,0.06552758337134862
275,275.0,275.0,0.06921818666967723,0.4990346397917991,0.0716323220605568,0.07331864499687975,0.08803841273990326,0.07160884873576902,0.06298837341660816,0.06416057158880632
276,276.0,276.0,0.06774707515865158,0.5025102185054682,0.07262501350899045,0.07419510664255108,0.08626569345126368,0.07196288313318029,0.06175151663549359,0.06294249296440096
277,277.0,277.0,0.06699454462441111,0.5064840405203771,0.07118708048361362,0.07620049299702616,0.08556726511379827,0.07002102431755747,0.06120102949756267,0.06234452244565331
278,278.0,278.0,0.07066387312869835,0.5038082387860608,0.07087558319537214,0.0757803971305687,0.08523731083035561,0.06967261303891363,0.06085368991541438,0.06310829397461612
279,279.0,279.0,0.07338335671025088,0.5052428524907895,0.07346957498476624,0.0734922340378079,0.08519782498627207,0.06819132825303115,0.060814204071330834,0.06020862446575123
280,280.0,280.0,0.07352665082557215,0.5018684049694154,0.07381826765394342,0.07363552815312918,0.08580970602784616,0.0698001415443979,0.0611893822446231,0.06035191858107247
281,281.0,281.0,0.07356117504856137,0.5047910909622767,0.07486274736464921,0.07067158107304936,0.08341908887941056,0.06820981062817072,0.06135025854298986,0.06313424750089186
282,282.0,282.0,0.07477373408326195,0.4976475529784485,0.07463745575097283,0.07187803510164495,0.08552125538266599,0.06830320812265714,0.06278759280246567,0.06445116577788272
283,283.0,283.0,0.07479447487363536,0.5008406096627421,0.07430975258993634,0.07105676619341951,0.08862400797092579,0.06736859952138187,0.05922183274395199,0.06378395644400672
284,284.0,284.0,0.07467782324274083,0.49922708201098354,0.0742006729306318,0.06947186059427103,0.09069915005356412,0.06886810950664897,0.05914658898055232,0.06370871268060703
285,285.0,285.0,0.07227554211557218,0.5044718109895955,0.0741602052449867,0.06850520556939511,0.0902005294097661,0.07233371706620954,0.05546829374403618,0.06258469586043829
286,286.0,286.0,0.07033172293481658,0.5098259052646318,0.07265627092440582,0.0680753784188917,0.08939772005117974,0.07244960689461506,0.05509402214908834,0.06216937336237058
287,287.0,287.0,0.07236955292092244,0.5036856164346878,0.06884489456130535,0.06911977654949676,0.08899767373734035,0.07433527486648996,0.056138420279693374,0.06650879065006374
288,288.0,288.0,0.06977264887055155,0.509774181586788,0.06871976012063512,0.06793207632212282,0.08886230814850796,0.07239325928808073,0.056105618793425065,0.06644014686988862
289,289.0,289.0,0.06809740826182759,0.5104985099197684,0.06788183435085138,0.06789856565970492,0.09004617554392821,0.07167802592781111,0.0577858431331893,0.06611363720291884
290,290.0,290.0,0.07303037208853966,0.5110068407057835,0.06509165794573243,0.0668179694603815,0.08352057294459418,0.07257705996856087,0.06164007723454982,0.06631544965185772
291,291.0,291.0,0.07836423546964613,0.5104345582254189,0.06443374067708238,0.06700455179288929,0.08284870162077897,0.0682532173098475,0.06123414935582019,0.06742684554851636
292,292.0,292.0,0.07796571492293262,0.5098876209048334,0.06670784274320281,0.06840444686466925,0.08289630656228016,0.06745129269593679,0.060061854371539124,0.06662492093460567
293,293.0,293.0,0.07660336334877103,0.5118830862550269,0.06753661713209701,0.06805792529007751,0.08173677685760712,0.06737549082937755,0.059715332796947386,0.06709140749009523
294,294.0,294.0,0.07538678164426076,0.5128851861375503,0.06583584260424338,0.0692435055997982,0.08344483248770548,0.06921195702547615,0.05831758857212404,0.0656743059288414
295,295.0,295.0,0.07507193235237218,0.5139505386123685,0.06628860791105541,0.06645433656291876,0.0828120502815403,0.06966380076446176,0.057947610314257034,0.06781112320102572
296,296.0,296.0,0.07795931799658953,0.5178002843706924,0.06349231995695508,0.06598363000416725,0.08095311365646816,0.06791355978664093,0.058889975011852815,0.06700779921663354
297,297.0,297.0,0.07879110406825565,0.5192920637335363,0.06334880114027283,0.06580179701123981,0.07991182028384046,0.06768122174320843,0.0586670911158055,0.06650610090384078
298,298.0,298.0,0.07740196553232812,0.5203331826272408,0.0626226146512218,0.06585204039492018,0.08312841690790483,0.06698298186105138,0.05997943876993765,0.06369935925539487
299,299.0,299.0,0.07774808166966102,0.5175499201348209,0.06163394765998629,0.06604443339830399,0.08360484196037037,0.06655753473128133,0.06272294826511594,0.06413829218045984
300,300.0,300.0,0.07415732575614978,0.5168969586008056,0.061751785788906895,0.06957339893028745,0.08380403586441276,0.0667046983733984,0.06296607150319261,0.06414572518284627
301,301.0,301.0,0.07326199342067045,0.5127860133284599,0.06376374004054167,0.07143628091430204,0.08121726959471444,0.070732981262754,0.06522294515380685,0.06157877628475042
302,302.0,302.0,0.07273039316050146,0.5153459746902344,0.06610359955697434,0.06864982797013822,0.08023174994205269,0.07009719156252087,0.06592102351232934,0.060920239605248554
303,303.0,303.0,0.07075499666125376,0.5182864522983621,0.06693135231741788,0.07028703232175733,0.08166290855590211,0.06528703554706042,0.06490560712862922,0.06188461516961692
304,304.0,304.0,0.0708352830405539,0.5167074263991072,0.06762862858389945,0.07000350746240153,0.08128243692038661,0.06504867337790356,0.06558710745460368,0.06290693676114381
305,305.0,305.0,0.06911315696777107,0.5126612541226855,0.07036379643828719,0.06982049962900573,0.0821925436997569,0.0651249921980778,0.0674913873334956,0.0632323696109199
306,306.0,306.0,0.06862991289138756,0.5105707138747972,0.07010681800940562,0.07076341358645721,0.08377029686033126,0.06493164062899787,0.06822798197728314,0.06299922217133992
307,307.0,307.0,0.06789299701916879,0.5151972905839396,0.07367282859776901,0.07038435028781433,0.08030796864009389,0.062440251657150996,0.06768134581381433,0.0624229674002488
308,308.0,308.0,0.066399192264626,0.517056600416631,0.07281129624536446,0.0704193195756572,0.08016961189254175,0.06234020908584407,0.06848084569039331,0.06232292482894187
309,309.0,309.0,0.06672743429707483,0.5202675942110824,0.07282607345633933,0.07055626914258654,0.0792764288309669,0.06092452411732796,0.06851443608419605,0.060907239860425774
310,310.0,310.0,0.06665271845209758,0.5237893124186046,0.0709923187130548,0.07135888878584255,0.07931976424294339,0.058731297618997834,0.0694922577200406,0.059663442048418294
311,311.0,311.0,0.06557631244064464,0.5305591494682779,0.06660309436543888,0.07067336814193033,0.07971462937529979,0.058112981276160866,0.06977089478222157,0.05898957015002577
312,312.0,312.0,0.06455140158378815,0.5405633558247958,0.06602757059103398,0.06979481406449513,0.07832709268487754,0.05635213968337364,0.06616451239501243,0.05821911317262316
313,313.0,313.0,0.06249440241194302,0.5428211755055846,0.06533420778282523,0.07021256236739748,0.07749127973421864,0.05749688585613102,0.06661075072640482,0.05753873561549489
314,314.0,314.0,0.06452537357716286,0.5323524780461719,0.06902071611082859,0.07260191106490792,0.07779255048158214,0.05832592690637726,0.06699716408764655,0.05838387972532244
315,315.0,315.0,0.0633563688213331,0.5389048803616965,0.06689857215267778,0.07171506108398654,0.07672399204309024,0.05744274447298308,0.06736021788536459,0.05759816317886784
316,316.0,316.0,0.06567503898707276,0.5358828095327249,0.06666965594236295,0.07095849321302775,0.0767713086656711,0.05929586103523811,0.06547870306592943,0.05926812955797269
317,317.0,317.0,0.06518752662324775,0.5458119887255993,0.05992937231450844,0.06733241503433247,0.07937476760961627,0.05883816642036268,0.0651180804168971,0.058407682855435704
318,318.0,318.0,0.061649204367021676,0.5479293525978404,0.05933124162929011,0.07029632565309092,0.07937948404505574,0.05848638039009113,0.06479274941308058,0.05813526190452924
319,319.0,319.0,0.06128191358007803,0.5461405320713983,0.05828030079430546,0.06830975365227367,0.08086523088633848,0.057989247705286455,0.06852266986837251,0.05861035144194677
320,320.0,320.0,0.06100347841996605,0.5456586683432167,0.057892933172319846,0.06988317034401353,0.07941489047724214,0.056914024791865,0.06847248240777261,0.06076035204360389
321,321.0,321.0,0.06325185985206208,0.5470842437684857,0.05837753676536921,0.06598980622576188,0.07949523039016576,0.05686266676199622,0.06859113649694143,0.06034751973921736
322,322.0,322.0,0.0629158714645751,0.5366773759386229,0.06268356304987587,0.0682679283654289,0.07804042908910196,0.05637514621491256,0.07119072878334744,0.0638489570941351
323,323.0,323.0,0.06428504065187036,0.5361976423283067,0.061875077829124575,0.06763348505259047,0.08198299702666188,0.05572281216430673,0.06890530559965248,0.06339763934748675
324,324.0,324.0,0.06194387173764785,0.5341099401591355,0.06460966599482373,0.06433251976190493,0.0835550352057652,0.058917390756372034,0.06832720299378611,0.06420437339056435
325,325.0,325.0,0.06360082396160796,0.5312046956830623,0.06461307157254886,0.0684128436333746,0.08162294991776689,0.060289082863570535,0.06658721972141925,0.06366931264664942
326,326.0,326.0,0.06237157899203791,0.5302818533322012,0.06673337229579077,0.06701091614050282,0.08398551346647595,0.0600481877794092,0.06616204595297923,0.06340653204060256
327,327.0,327.0,0.06401200906920233,0.534124812318074,0.0640754060437577,0.0661812899895465,0.08311775948615378,0.06098578438693066,0.06494839937046427,0.06255453933587052
328,328.0,328.0,0.06340481058512705,0.5344202701198282,0.06389784338819024,0.06543123785298884,0.08214522219996502,0.061552215502005694,0.06423365622929963,0.06491474412259499
329,329.0,329.0,0.06524306939382249,0.5301234281796957,0.06458587419250965,0.06608811482461678,0.08356344163469771,0.05947710079452055,0.06431293612040759,0.06660603485972914
330,330.0,330.0,0.06582490568590295,0.5267181885877228,0.06744803941573727,0.06580059451549278,0.08363130729370716,0.059548017334366765,0.0644728208004642,0.06655612636660582
331,331.0,331.0,0.06627166548373568,0.5279965519925274,0.0677558470351441,0.07060306902407651,0.08187154885847898,0.059075867373279585,0.06198433097009596,0.06444111926266151
332,332.0,332.0,0.06363340465287522,0.5299526677483911,0.06929520202089377,0.06917828948203691,0.08061011368456754,0.05907551385518664,0.06185325849775463,0.06640155005829404
333,333.0,333.0,0.06561911621177889,0.53325787034255,0.06817546201455976,0.06946104717193387,0.07736683968601331,0.05945451936040908,0.059817954954735277,0.06684719025801973
334,334.0,334.0,0.0646011301733783,0.533507331563838,0.0698646402155018,0.06694268036656931,0.07648454996353433,0.06198181810258741,0.05994576624235732,0.06667208337223333
335,335.0,335.0,0.06186872421203603,0.53084201496673,0.07309505448233956,0.06538402302944482,0.07628847303211984,0.06489390306178967,0.061176422708264434,0.0664513845072754
336,336.0,336.0,0.06074071833816934,0.520829776548313,0.07900817980079086,0.0656188594884927,0.07941963359285817,0.06511117066993537,0.06264582706854689,0.06662583449289333
337,337.0,337.0,0.06028701463446563,0.5266634151319517,0.08114621279176502,0.06209637271600592,0.07721810853839196,0.06492201723078192,0.062512229184949,0.06515462977168861
338,338.0,338.0,0.05986453047503864,0.5258816224955093,0.08090200442110997,0.06393034268358135,0.07854172670449318,0.06559073147084747,0.06275019124190509,0.0625388505075147
339,339.0,339.0,0.06096735204498302,0.5234724645766989,0.08232018111053367,0.0635207094229931,0.07805952693041993,0.06704522517758536,0.06253548975519597,0.0620790509815899
340,340.0,340.0,0.06036956680536412,0.5234516204161038,0.08140315737012785,0.06310671781682457,0.07919303520508464,0.06788265911695032,0.06292818389412305,0.06166505937542139
341,341.0,341.0,0.05966966013319323,0.5211640837243972,0.08297681727901249,0.06531382039806287,0.08049349478087757,0.0684495571074404,0.06106036841183255,0.060872198165183404
342,342.0,342.0,0.05716970669193919,0.5179528217149898,0.08493150723508051,0.06375801731589185,0.08210831916221467,0.07093532681583978,0.06285671184582273,0.06028758921822122
343,343.0,343.0,0.05687824912416582,0.5154794281930701,0.08485894217257738,0.0688033024189573,0.08175233095126617,0.07067937152815075,0.06335497697539759,0.058193398636414526
344,344.0,344.0,0.058011935351719376,0.5176116050483384,0.08406322349826044,0.06826817282875887,0.08130025521445951,0.06921480633392348,0.06428107371970461,0.05724892800483502
345,345.0,345.0,0.0579823555883575,0.5229105965958,0.0822549074885981,0.06381976542900507,0.08142489659828084,0.06937779455382723,0.06427794898279775,0.05795173476333334
346,346.0,346.0,0.05997780998935408,0.5157804980922829,0.08388328856954898,0.0638212465590106,0.08369325198444955,0.0683804227557901,0.06525131599405988,0.0592121660555038
347,347.0,347.0,0.06051870007809077,0.5087497898944459,0.08493201824140893,0.06285925984512113,0.08490834120160287,0.07099042088662372,0.06727780177964772,0.05976366807305875
348,348.0,348.0,0.06020512624916797,0.5077629656347226,0.08558762166850076,0.06481730727591481,0.08625403278679632,0.07053822325124388,0.06576011963781518,0.05907460349583818
349,349.0,349.0,0.06263023067660159,0.49887912608660645,0.08586329328811648,0.06699774080029244,0.08929732963832297,0.07244635826464929,0.0648032198261017,0.059082701419308783
350,350.0,350.0,0.062390025166788224,0.4974584180727612,0.08597020979209181,0.06707118768746481,0.09232828814967366,0.07231607551181751,0.06344853620181024,0.05901725941759226
351,351.0,351.0,0.06472981572252305,0.4902741699736524,0.08565584894367521,0.07118684126906266,0.09282433908303106,0.07433212934675677,0.06122332548201747,0.059773530179280984
352,352.0,352.0,0.06568769194385118,0.4778571136761813,0.09248131070894547,0.07167508126579561,0.09386921443786996,0.07563775556386272,0.062303750722953445,0.06048808168054021
353,353.0,353.0,0.06592733528641094,0.47073509438598354,0.09413545080435125,0.07175693950699981,0.09469998335445542,0.07830253098499733,0.06254208250409932,0.06190058317270229
354,354.0,354.0,0.06478799872396897,0.47061094525422903,0.09592499014009466,0.0692675306667362,0.09493199072554609,0.07770334055093676,0.06243516851277963,0.06433803542570844
355,355.0,355.0,0.06448473009309416,0.47193914759786393,0.09576241414991248,0.07006004125664061,0.09220919611679289,0.0784770766059376,0.06187936544218871,0.06518802873756928
