Total_iterations,Unnamed: 0.1,Intertwine_two,Add_vertex,Delete_vertex,Invert_path_vertices,Insert_inside_vertex,Delete_inside_vertex,Replace_inside_vertex,Donate_between_routes
0,0.0,0.125,0.125,0.125,0.125,0.125,0.125,0.125,0.125
1,1.0,0.125,0.125,0.125,0.125,0.125,0.125,0.125,0.125
2,2.0,0.125,0.125,0.125,0.125,0.125,0.125,0.125,0.125
3,3.0,0.125,0.125,0.125,0.125,0.125,0.125,0.125,0.125
4,4.0,0.125,0.125,0.125,0.125,0.125,0.125,0.125,0.125
5,5.0,0.125,0.125,0.125,0.125,0.125,0.125,0.125,0.125
6,6.0,0.125,0.125,0.125,0.125,0.125,0.125,0.125,0.125
7,7.0,0.125,0.125,0.125,0.125,0.125,0.125,0.125,0.125
8,8.0,0.125,0.125,0.125,0.125,0.125,0.125,0.125,0.125
9,9.0,0.125,0.125,0.125,0.125,0.125,0.125,0.125,0.125
10,10.0,0.125,0.125,0.125,0.125,0.125,0.125,0.125,0.125
11,11.0,0.125,0.125,0.125,0.125,0.125,0.125,0.125,0.125
12,12.0,0.125,0.125,0.125,0.125,0.125,0.125,0.125,0.125
13,13.0,0.125,0.125,0.125,0.125,0.125,0.125,0.125,0.125
14,14.0,0.125,0.125,0.125,0.125,0.125,0.125,0.125,0.125
15,15.0,0.125,0.125,0.125,0.125,0.125,0.125,0.125,0.125
16,16.0,0.125,0.125,0.125,0.125,0.125,0.125,0.125,0.125
17,17.0,0.125,0.125,0.125,0.125,0.125,0.125,0.125,0.125
18,18.0,0.125,0.125,0.125,0.125,0.125,0.125,0.125,0.125
19,19.0,0.125,0.125,0.125,0.125,0.125,0.125,0.125,0.125
20,20.0,0.125,0.125,0.125,0.125,0.125,0.125,0.125,0.125
21,21.0,0.125,0.125,0.125,0.125,0.125,0.125,0.125,0.125
22,22.0,0.125,0.125,0.125,0.125,0.125,0.125,0.125,0.125
23,23.0,0.125,0.125,0.125,0.125,0.125,0.125,0.125,0.125
24,24.0,0.125,0.125,0.125,0.125,0.125,0.125,0.125,0.125
25,25.0,0.125,0.125,0.125,0.125,0.125,0.125,0.125,0.125
26,26.0,0.125,0.125,0.125,0.125,0.125,0.125,0.125,0.125
27,27.0,0.125,0.125,0.125,0.125,0.125,0.125,0.125,0.125
28,28.0,0.125,0.125,0.125,0.125,0.125,0.125,0.125,0.125
29,29.0,0.125,0.125,0.125,0.125,0.125,0.125,0.125,0.125
30,30.0,0.125,0.125,0.125,0.125,0.125,0.125,0.125,0.125
31,31.0,0.125,0.125,0.125,0.125,0.125,0.125,0.125,0.125
32,32.0,0.125,0.125,0.125,0.125,0.125,0.125,0.125,0.125
33,33.0,0.125,0.125,0.125,0.125,0.125,0.125,0.125,0.125
34,34.0,0.125,0.125,0.125,0.125,0.125,0.125,0.125,0.125
35,35.0,0.125,0.125,0.125,0.125,0.125,0.125,0.125,0.125
36,36.0,0.125,0.125,0.125,0.125,0.125,0.125,0.125,0.125
37,37.0,0.125,0.125,0.125,0.125,0.125,0.125,0.125,0.125
38,38.0,0.125,0.125,0.125,0.125,0.125,0.125,0.125,0.125
39,39.0,0.125,0.125,0.125,0.125,0.125,0.125,0.125,0.125
40,40.0,0.125,0.125,0.125,0.125,0.125,0.125,0.125,0.125
41,41.0,0.125,0.125,0.125,0.125,0.125,0.125,0.125,0.125
42,42.0,0.125,0.125,0.125,0.125,0.125,0.125,0.125,0.125
43,43.0,0.125,0.125,0.125,0.125,0.125,0.125,0.125,0.125
44,44.0,0.125,0.125,0.125,0.125,0.125,0.125,0.125,0.125
45,45.0,0.125,0.125,0.125,0.125,0.125,0.125,0.125,0.125
46,46.0,0.125,0.125,0.125,0.125,0.125,0.125,0.125,0.125
47,47.0,0.125,0.125,0.125,0.125,0.125,0.125,0.125,0.125
48,48.0,0.125,0.125,0.125,0.125,0.125,0.125,0.125,0.125
49,49.0,0.125,0.125,0.125,0.125,0.125,0.125,0.125,0.125
50,50.0,0.125,0.125,0.125,0.125,0.125,0.125,0.125,0.125
51,51.0,0.125,0.125,0.125,0.125,0.125,0.125,0.125,0.125
52,52.0,0.125,0.125,0.125,0.125,0.125,0.125,0.125,0.125
53,53.0,0.125,0.125,0.125,0.125,0.125,0.125,0.125,0.125
54,54.0,0.125,0.125,0.125,0.125,0.125,0.125,0.125,0.125
55,55.0,0.125,0.125,0.125,0.125,0.125,0.125,0.125,0.125
56,56.0,0.125,0.125,0.125,0.125,0.125,0.125,0.125,0.125
57,57.0,0.125,0.125,0.125,0.125,0.125,0.125,0.125,0.125
58,58.0,0.125,0.125,0.125,0.125,0.125,0.125,0.125,0.125
59,59.0,0.125,0.125,0.125,0.125,0.125,0.125,0.125,0.125
60,60.0,0.125,0.125,0.125,0.125,0.125,0.125,0.125,0.125
61,61.0,0.125,0.125,0.125,0.125,0.125,0.125,0.125,0.125
62,62.0,0.125,0.125,0.125,0.125,0.125,0.125,0.125,0.125
63,63.0,0.125,0.125,0.125,0.125,0.125,0.125,0.125,0.125
64,64.0,0.125,0.125,0.125,0.125,0.125,0.125,0.125,0.125
65,65.0,0.125,0.125,0.125,0.125,0.125,0.125,0.125,0.125
66,66.0,0.125,0.125,0.125,0.125,0.125,0.125,0.125,0.125
67,67.0,0.125,0.125,0.125,0.125,0.125,0.125,0.125,0.125
68,68.0,0.125,0.125,0.125,0.125,0.125,0.125,0.125,0.125
69,69.0,0.125,0.125,0.125,0.125,0.125,0.125,0.125,0.125
70,70.0,0.125,0.125,0.125,0.125,0.125,0.125,0.125,0.125
71,71.0,0.125,0.125,0.125,0.125,0.125,0.125,0.125,0.125
72,72.0,0.125,0.125,0.125,0.125,0.125,0.125,0.125,0.125
73,73.0,0.125,0.125,0.125,0.125,0.125,0.125,0.125,0.125
74,74.0,0.125,0.125,0.125,0.125,0.125,0.125,0.125,0.125
75,75.0,0.125,0.125,0.125,0.125,0.125,0.125,0.125,0.125
76,76.0,0.125,0.125,0.125,0.125,0.125,0.125,0.125,0.125
77,77.0,0.125,0.125,0.125,0.125,0.125,0.125,0.125,0.125
78,78.0,0.125,0.125,0.125,0.125,0.125,0.125,0.125,0.125
79,79.0,0.125,0.125,0.125,0.125,0.125,0.125,0.125,0.125
80,80.0,0.125,0.125,0.125,0.125,0.125,0.125,0.125,0.125
81,81.0,0.125,0.125,0.125,0.125,0.125,0.125,0.125,0.125
82,82.0,0.125,0.125,0.125,0.125,0.125,0.125,0.125,0.125
83,83.0,0.125,0.125,0.125,0.125,0.125,0.125,0.125,0.125
84,84.0,0.125,0.125,0.125,0.125,0.125,0.125,0.125,0.125
85,85.0,0.125,0.125,0.125,0.125,0.125,0.125,0.125,0.125
86,86.0,0.125,0.125,0.125,0.125,0.125,0.125,0.125,0.125
87,87.0,0.125,0.125,0.125,0.125,0.125,0.125,0.125,0.125
88,88.0,0.125,0.125,0.125,0.125,0.125,0.125,0.125,0.125
89,89.0,0.125,0.125,0.125,0.125,0.125,0.125,0.125,0.125
90,90.0,0.125,0.125,0.125,0.125,0.125,0.125,0.125,0.125
91,91.0,0.125,0.125,0.125,0.125,0.125,0.125,0.125,0.125
92,92.0,0.125,0.125,0.125,0.125,0.125,0.125,0.125,0.125
93,93.0,0.125,0.125,0.125,0.125,0.125,0.125,0.125,0.125
94,94.0,0.125,0.125,0.125,0.125,0.125,0.125,0.125,0.125
95,95.0,0.125,0.125,0.125,0.125,0.125,0.125,0.125,0.125
96,96.0,0.125,0.125,0.125,0.125,0.125,0.125,0.125,0.125
97,97.0,0.125,0.125,0.125,0.125,0.125,0.125,0.125,0.125
98,98.0,0.125,0.125,0.125,0.125,0.125,0.125,0.125,0.125
99,99.0,0.125,0.125,0.125,0.125,0.125,0.125,0.125,0.125
100,100.0,0.125,0.125,0.125,0.125,0.125,0.125,0.125,0.125
101,101.0,0.125,0.125,0.125,0.125,0.125,0.125,0.125,0.125
102,102.0,0.125,0.125,0.125,0.125,0.125,0.125,0.125,0.125
103,103.0,0.125,0.125,0.125,0.125,0.125,0.125,0.125,0.125
104,104.0,0.125,0.125,0.125,0.125,0.125,0.125,0.125,0.125
105,105.0,0.125,0.125,0.125,0.125,0.125,0.125,0.125,0.125
106,106.0,0.125,0.125,0.125,0.125,0.125,0.125,0.125,0.125
107,107.0,0.125,0.125,0.125,0.125,0.125,0.125,0.125,0.125
108,108.0,0.125,0.125,0.125,0.125,0.125,0.125,0.125,0.125
109,109.0,0.125,0.125,0.125,0.125,0.125,0.125,0.125,0.125
110,110.0,0.125,0.125,0.125,0.125,0.125,0.125,0.125,0.125
111,111.0,0.125,0.125,0.125,0.125,0.125,0.125,0.125,0.125
112,112.0,0.125,0.125,0.125,0.125,0.125,0.125,0.125,0.125
113,113.0,0.125,0.125,0.125,0.125,0.125,0.125,0.125,0.125
114,114.0,0.125,0.125,0.125,0.125,0.125,0.125,0.125,0.125
115,115.0,0.125,0.125,0.125,0.125,0.125,0.125,0.125,0.125
116,116.0,0.125,0.125,0.125,0.125,0.125,0.125,0.125,0.125
117,117.0,0.125,0.125,0.125,0.125,0.125,0.125,0.125,0.125
118,118.0,0.125,0.125,0.125,0.125,0.125,0.125,0.125,0.125
119,119.0,0.125,0.125,0.125,0.125,0.125,0.125,0.125,0.125
120,120.0,0.125,0.125,0.125,0.125,0.125,0.125,0.125,0.125
121,121.0,0.125,0.125,0.125,0.125,0.125,0.125,0.125,0.125
122,122.0,0.125,0.125,0.125,0.125,0.125,0.125,0.125,0.125
123,123.0,0.125,0.125,0.125,0.125,0.125,0.125,0.125,0.125
124,124.0,0.125,0.125,0.125,0.125,0.125,0.125,0.125,0.125
125,125.0,0.125,0.125,0.125,0.125,0.125,0.125,0.125,0.125
126,126.0,0.125,0.125,0.125,0.125,0.125,0.125,0.125,0.125
127,127.0,0.125,0.125,0.125,0.125,0.125,0.125,0.125,0.125
128,128.0,0.125,0.125,0.125,0.125,0.125,0.125,0.125,0.125
129,129.0,0.125,0.125,0.125,0.125,0.125,0.125,0.125,0.125
130,130.0,0.125,0.125,0.125,0.125,0.125,0.125,0.125,0.125
131,131.0,0.125,0.125,0.125,0.125,0.125,0.125,0.125,0.125
132,132.0,0.125,0.125,0.125,0.125,0.125,0.125,0.125,0.125
133,133.0,0.125,0.125,0.125,0.125,0.125,0.125,0.125,0.125
134,134.0,0.125,0.125,0.125,0.125,0.125,0.125,0.125,0.125
135,135.0,0.125,0.125,0.125,0.125,0.125,0.125,0.125,0.125
136,136.0,0.125,0.125,0.125,0.125,0.125,0.125,0.125,0.125
137,137.0,0.125,0.125,0.125,0.125,0.125,0.125,0.125,0.125
138,138.0,0.125,0.125,0.125,0.125,0.125,0.125,0.125,0.125
139,139.0,0.125,0.125,0.125,0.125,0.125,0.125,0.125,0.125
140,140.0,0.125,0.125,0.125,0.125,0.125,0.125,0.125,0.125
141,141.0,0.125,0.125,0.125,0.125,0.125,0.125,0.125,0.125
142,142.0,0.125,0.125,0.125,0.125,0.125,0.125,0.125,0.125
143,143.0,0.125,0.125,0.125,0.125,0.125,0.125,0.125,0.125
144,144.0,0.125,0.125,0.125,0.125,0.125,0.125,0.125,0.125
145,145.0,0.125,0.125,0.125,0.125,0.125,0.125,0.125,0.125
146,146.0,0.125,0.125,0.125,0.125,0.125,0.125,0.125,0.125
147,147.0,0.125,0.125,0.125,0.125,0.125,0.125,0.125,0.125
148,148.0,0.125,0.125,0.125,0.125,0.125,0.125,0.125,0.125
149,149.0,0.125,0.125,0.125,0.125,0.125,0.125,0.125,0.125
150,150.0,0.125,0.125,0.125,0.125,0.125,0.125,0.125,0.125
151,151.0,0.125,0.125,0.125,0.125,0.125,0.125,0.125,0.125
152,152.0,0.125,0.125,0.125,0.125,0.125,0.125,0.125,0.125
153,153.0,0.125,0.125,0.125,0.125,0.125,0.125,0.125,0.125
154,154.0,0.125,0.125,0.125,0.125,0.125,0.125,0.125,0.125
155,155.0,0.125,0.125,0.125,0.125,0.125,0.125,0.125,0.125
156,156.0,0.125,0.125,0.125,0.125,0.125,0.125,0.125,0.125
157,157.0,0.125,0.125,0.125,0.125,0.125,0.125,0.125,0.125
158,158.0,0.125,0.125,0.125,0.125,0.125,0.125,0.125,0.125
159,159.0,0.125,0.125,0.125,0.125,0.125,0.125,0.125,0.125
160,160.0,0.125,0.125,0.125,0.125,0.125,0.125,0.125,0.125
161,161.0,0.125,0.125,0.125,0.125,0.125,0.125,0.125,0.125
162,162.0,0.125,0.125,0.125,0.125,0.125,0.125,0.125,0.125
163,163.0,0.125,0.125,0.125,0.125,0.125,0.125,0.125,0.125
164,164.0,0.125,0.125,0.125,0.125,0.125,0.125,0.125,0.125
165,165.0,0.125,0.125,0.125,0.125,0.125,0.125,0.125,0.125
166,166.0,0.125,0.125,0.125,0.125,0.125,0.125,0.125,0.125
167,167.0,0.125,0.125,0.125,0.125,0.125,0.125,0.125,0.125
168,168.0,0.125,0.125,0.125,0.125,0.125,0.125,0.125,0.125
169,169.0,0.125,0.125,0.125,0.125,0.125,0.125,0.125,0.125
170,170.0,0.125,0.125,0.125,0.125,0.125,0.125,0.125,0.125
171,171.0,0.125,0.125,0.125,0.125,0.125,0.125,0.125,0.125
172,172.0,0.125,0.125,0.125,0.125,0.125,0.125,0.125,0.125
173,173.0,0.125,0.125,0.125,0.125,0.125,0.125,0.125,0.125
174,174.0,0.125,0.125,0.125,0.125,0.125,0.125,0.125,0.125
175,175.0,0.125,0.125,0.125,0.125,0.125,0.125,0.125,0.125
176,176.0,0.125,0.125,0.125,0.125,0.125,0.125,0.125,0.125
177,177.0,0.125,0.125,0.125,0.125,0.125,0.125,0.125,0.125
178,178.0,0.125,0.125,0.125,0.125,0.125,0.125,0.125,0.125
179,179.0,0.125,0.125,0.125,0.125,0.125,0.125,0.125,0.125
180,180.0,0.125,0.125,0.125,0.125,0.125,0.125,0.125,0.125
181,181.0,0.125,0.125,0.125,0.125,0.125,0.125,0.125,0.125
182,182.0,0.125,0.125,0.125,0.125,0.125,0.125,0.125,0.125
183,183.0,0.125,0.125,0.125,0.125,0.125,0.125,0.125,0.125
184,184.0,0.125,0.125,0.125,0.125,0.125,0.125,0.125,0.125
185,185.0,0.125,0.125,0.125,0.125,0.125,0.125,0.125,0.125
186,186.0,0.125,0.125,0.125,0.125,0.125,0.125,0.125,0.125
187,187.0,0.125,0.125,0.125,0.125,0.125,0.125,0.125,0.125
188,188.0,0.125,0.125,0.125,0.125,0.125,0.125,0.125,0.125
189,189.0,0.125,0.125,0.125,0.125,0.125,0.125,0.125,0.125
190,190.0,0.125,0.125,0.125,0.125,0.125,0.125,0.125,0.125
191,191.0,0.125,0.125,0.125,0.125,0.125,0.125,0.125,0.125
192,192.0,0.125,0.125,0.125,0.125,0.125,0.125,0.125,0.125
193,193.0,0.125,0.125,0.125,0.125,0.125,0.125,0.125,0.125
194,194.0,0.125,0.125,0.125,0.125,0.125,0.125,0.125,0.125
195,195.0,0.125,0.125,0.125,0.125,0.125,0.125,0.125,0.125
196,196.0,0.125,0.125,0.125,0.125,0.125,0.125,0.125,0.125
197,197.0,0.125,0.125,0.125,0.125,0.125,0.125,0.125,0.125
198,198.0,0.125,0.125,0.125,0.125,0.125,0.125,0.125,0.125
199,199.0,0.125,0.125,0.125,0.125,0.125,0.125,0.125,0.125
200,200.0,0.1251901489117984,0.1262642229858724,0.124483772432226,0.1244494081710576,0.1251531118747613,0.1251901489117984,0.1244494081710576,0.124819778541428
201,201.0,0.1255888340449165,0.1276285983546808,0.1245905522579749,0.1235221673782498,0.1259663087923913,0.1249592044152868,0.1235221673782498,0.1242221673782498
202,202.0,0.1258900701447464,0.1302230024679788,0.1249384315942934,0.1222749792356555,0.1267018139157902,0.1244290472005276,0.1222749792356555,0.1232676762053525
203,203.0,0.1260358599993823,0.1330711323933217,0.1251980131809986,0.1209310149488772,0.1278431230667224,0.1237823262099131,0.1209310149488772,0.1222075152519075
204,204.0,0.1257258955984583,0.136942281601455,0.1253781670935909,0.1195769431668085,0.1294359692267075,0.1229781363898005,0.1192065727964381,0.1207560341267411
205,205.0,0.1251490164767043,0.1412258886274702,0.1262262091265305,0.11803212628661,0.1306405924295627,0.1219556835117575,0.1172950892495729,0.1194753942917918
206,206.0,0.124973614597859,0.1465308814268355,0.1273814352319005,0.1158661561096683,0.1314558013755117,0.1206871728203943,0.1151741870375033,0.1179307514003273
207,207.0,0.1244845636016314,0.1535627865768813,0.128432296504232,0.1138099321406194,0.1315504305607747,0.1190968200229875,0.1128911025759,0.1161720680169737
208,208.0,0.1236355556539629,0.1616611760236214,0.1296617729471576,0.1117157104410329,0.1306004923244684,0.1177810922564947,0.1105645566372,0.114379643716062
209,209.0,0.1226718614261355,0.1708603297898312,0.1303506843401648,0.1095529086956342,0.1295297857259558,0.11635567467548,0.1081785335889963,0.1125002217578022
210,210.0,0.1218417718031287,0.1808408139385357,0.1304917206073378,0.1072985657625112,0.1278381407694886,0.1150973735762888,0.1057113942087743,0.1108802193339349
211,211.0,0.1210475503331313,0.1905357313615326,0.1303729712884186,0.1056261642974217,0.1259702446165974,0.1137340532088413,0.1035346763281617,0.1091786085658954
212,212.0,0.1205178066291192,0.199941349892736,0.1301126528155785,0.1042771820036648,0.1239897656467307,0.1123171850202966,0.1013937497811522,0.1074503082107221
213,213.0,0.1199101108762629,0.2093859199184656,0.1291814150888361,0.1028895013612163,0.1226535581490928,0.1108191000234657,0.0992359065467544,0.1059244880359062
214,214.0,0.11930887877296,0.2190218150161966,0.1273455440161719,0.1014273643733063,0.1217155376373003,0.1094568708585568,0.0973962319533075,0.1043277573722005
215,215.0,0.1185734528370823,0.2291107831463995,0.1254118719487324,0.0999386261279657,0.1205423906806461,0.1082293327866955,0.0955330535622159,0.1026604889102627
216,216.0,0.1184123154178013,0.2392539692169521,0.1229937038597044,0.0983804575918609,0.1193639498857591,0.1069331167148135,0.0936946393332876,0.100967847979821
217,217.0,0.117958032576769,0.2493735810617343,0.1201778542345555,0.0971114267390022,0.1181505501899326,0.1059892258584817,0.091978420262354,0.0992609090771705
218,218.0,0.1174663249792284,0.2590493961399621,0.1171084690784128,0.0961955783571412,0.1172357860592128,0.1045650937887442,0.0903866151006453,0.0979927364966531
219,219.0,0.1166781649620596,0.2690723640002483,0.113903201510484,0.0954576801868655,0.1163410515109474,0.1029463488864432,0.0887308097199063,0.0968703792230457
220,220.0,0.1150126523523756,0.27908588669066,0.1108034068467469,0.0951070565618651,0.1153189664270428,0.1011132315358993,0.0875024038676948,0.0960563957177153
221,221.0,0.1124347553019851,0.2890914852894922,0.1077322621020284,0.0948312851425438,0.1146105365542166,0.0994239288826846,0.0864706636052844,0.0954050831217647
222,222.0,0.1099375781130044,0.2984289343074434,0.1050297040652878,0.0948197357868643,0.1138747363863945,0.0979709622731436,0.0855792194348329,0.094359129633029
223,223.0,0.1073915340826681,0.3077347937088814,0.1023464606057462,0.0947314605874436,0.1131977288282293,0.0969469115799761,0.0843883018374956,0.0932628087695595
224,224.0,0.1053848320643295,0.3171113086419007,0.0999271764068649,0.0945514117508939,0.1123248088840584,0.095404933575337,0.0831642957275155,0.0921312329491001
225,225.0,0.1031549004680938,0.3257473702680634,0.09776923410661,0.0948713842089074,0.1111255294888185,0.0942869809877262,0.0819826553904091,0.0910619450813715
226,226.0,0.1012160384673043,0.3338159535302994,0.095670712648491,0.0950932484714126,0.1100770699500471,0.0931273754565934,0.0812389046706271,0.0897606968052251
227,227.0,0.0995160188509697,0.340453542446655,0.0937301079188262,0.0953087861405243,0.1095618195303195,0.0922973583188308,0.0805735159025109,0.0885588508913634
228,228.0,0.0974781836711903,0.3466309970028678,0.0920182660742648,0.0956091365357305,0.1095418469883724,0.091469549658562,0.0798948364077469,0.0873571836612652
229,229.0,0.0958201518379455,0.3528139020991828,0.0901937432395398,0.0954325445459922,0.1090363407551307,0.0902042848937406,0.079360223329067,0.0871388092994013
230,230.0,0.0944734559420837,0.3587526087193374,0.0887886998020939,0.0955418271572327,0.1085033836614631,0.0885915125179281,0.0783736084121644,0.0869749037876968
231,231.0,0.093154656765902,0.3632870222578548,0.0878910128962692,0.0954817590852208,0.1084381521829344,0.0870217741895033,0.0778806291683878,0.0868449934539277
232,232.0,0.0919085766374185,0.3673507895795197,0.0873340268555184,0.0949128515847483,0.1080478239531262,0.085495161889216,0.0779493067870589,0.087001462713394
233,233.0,0.0910038240572798,0.370634944752547,0.0868019073353317,0.0945174796151027,0.1080817929371051,0.0839426017472047,0.077977559950494,0.0870398896049349
234,234.0,0.0908386323006407,0.3734175679834758,0.0863304117149727,0.0940878017721087,0.1077071873737127,0.0824711618469565,0.078071129126824,0.0870761078813087
235,235.0,0.0907256507543972,0.3758748932332797,0.0864448888903381,0.0934312091265523,0.1068019586953245,0.0810610160083252,0.0783327374270069,0.087327645864776
236,236.0,0.0909717682495598,0.3785839669091183,0.0866391293921828,0.0926123243805488,0.1061275640729678,0.0794401656112696,0.0784115088152481,0.0872135725691047
237,237.0,0.090688791648564,0.3822888115169086,0.0868722240628594,0.0917912197848793,0.1050780624872467,0.0779114169798965,0.0782732247845008,0.0870962487351446
238,238.0,0.0903821622418742,0.385961670808063,0.0871086902535956,0.0909322439400808,0.103973220588723,0.0766414234474902,0.0780912055308692,0.086909383189304
239,239.0,0.0896224138109018,0.3897020174906636,0.088051212824136,0.0898722667940815,0.1030151110886487,0.0757292942874255,0.0776182790332205,0.0863894046709223
240,240.0,0.0887853657979843,0.3934149012151111,0.0892574252303173,0.0888929100839759,0.1019328996186858,0.0747731823269856,0.0770442635718265,0.0858990521551134
241,241.0,0.0874193806064463,0.3979005829132926,0.0905626488793173,0.0878583501219887,0.1006695907121515,0.0738343322408366,0.0762188203281973,0.0855362941977697
242,242.0,0.0860071033755047,0.4028036839832883,0.0910369237124649,0.0865302900562481,0.0995597252589743,0.0731080874960188,0.0757826864188018,0.085171499698699
243,243.0,0.0843072179368945,0.4074608923564878,0.0920485130397398,0.0852622277914081,0.0985062886623483,0.0724724128946947,0.0751714021327367,0.08477104518569
244,244.0,0.0824541973904987,0.4119129073881895,0.0934562697944919,0.0840186315621369,0.0974844363195428,0.071933574287424,0.0743679835567231,0.084371999700993
245,245.0,0.0807902057180669,0.4159644610719949,0.0952068836489775,0.0826151514136941,0.0965664010390515,0.0713565150400935,0.0736063620648277,0.0838940200032939
246,246.0,0.0796271354020896,0.4198622870768356,0.0963033475788564,0.0812285644023332,0.0959265679032547,0.071049205712955,0.0728394432821683,0.083163448641507
247,247.0,0.0787939410184822,0.4237237443587671,0.0977254032292917,0.0798363735023653,0.0950954351016182,0.0705573100310682,0.072048352029414,0.0822194407289932
248,248.0,0.0776962156804798,0.427405234061981,0.0990156310462965,0.0784201111505808,0.0947591180382435,0.0700322602984258,0.0711654190599841,0.0815060106640082
249,249.0,0.0769399038545375,0.4304685455380203,0.1001773217121758,0.0770339421523958,0.0942469642992318,0.0697047879490113,0.0702882442539487,0.0811402902406785
250,250.0,0.076209632441883,0.433090950173527,0.1016134997079343,0.0754988117102002,0.0939430876150911,0.0694249857935703,0.0693900914810656,0.0808289410767281
251,251.0,0.0755685058548412,0.4354658345329624,0.1029616187317471,0.0740663092953783,0.0936668454723059,0.0692005911341561,0.0685242844974476,0.080546010481161
252,252.0,0.0746905016708789,0.4382699072238664,0.1042130390599397,0.0724541798046902,0.0934251977060716,0.0689431470736785,0.0677033017706968,0.0803007256901775
253,253.0,0.0740788477680155,0.4412341764763271,0.1043615043885461,0.0709930332942121,0.0933030150449429,0.0687725372916477,0.0669926607689919,0.0802642249673164
254,254.0,0.0734893839513887,0.4439845750950131,0.1043552201179207,0.0695823237017774,0.0931456138601203,0.0689509067200825,0.0662826365686952,0.0802093399850018
255,255.0,0.0729642708913606,0.4465807801345937,0.1045046113977933,0.0682654691048886,0.0930038367807562,0.0689391008492664,0.0657647887197432,0.0799771421215977
256,256.0,0.0726203715627569,0.449150525969651,0.1047207412744564,0.0670280614619113,0.0927991452442505,0.068910577721965,0.0649989568699156,0.0797716198950929
257,257.0,0.0723705839698215,0.4517467835777202,0.104560888717386,0.0658202055757487,0.0927968223186383,0.0689716160362502,0.0644913198486369,0.0792417799557979
258,258.0,0.0722022669930414,0.4545938776633044,0.1042689771921354,0.0645060843196796,0.0929837995044718,0.0690105433765667,0.0641214260282087,0.0783130249225917
259,259.0,0.0721125235411314,0.457175549027772,0.1039516861579525,0.0633262317717595,0.0930663338524281,0.0690960681341241,0.0638351443128468,0.0774364632019852
260,260.0,0.072145328827553,0.4598042817937208,0.1031409443826338,0.0623805880329158,0.0925601098859281,0.0698827131406142,0.063423079632349,0.076662954304285
261,261.0,0.072152947445973,0.4617765349198589,0.1024942072241227,0.0615923412055278,0.0926293933058726,0.0707393269857668,0.0629991145559635,0.0756161343569143
262,262.0,0.0717695759287798,0.4638396611087202,0.1015080223226461,0.061099156311088,0.0927540138395064,0.0716598213042682,0.062521461188933,0.0748482879960578
263,263.0,0.0714330175141169,0.4658785670503231,0.1004086722347632,0.0608411974340629,0.0921042482976136,0.0725573906023184,0.0621266714383313,0.0746502354284703
264,264.0,0.0709616340959172,0.4679247778476476,0.099412803892106,0.0608522697671517,0.0911963789501243,0.0734188424462754,0.0617479600590243,0.074485332941753
265,265.0,0.0702942384863164,0.4698717661159577,0.0973645950396711,0.0611590733779479,0.0907621799256708,0.0747189312603759,0.0615067671962071,0.0743224485978527
266,266.0,0.0698394965908424,0.4715251648177137,0.0954255212295708,0.0613966189819188,0.090153953218886,0.0760487676901235,0.0614676861941712,0.0741427912767731
267,267.0,0.069622546021126,0.4733107381724037,0.0937467223238617,0.0616321884420308,0.0893028509520856,0.0770502476794691,0.0613860610212763,0.0739486453877463
268,268.0,0.0694183459604826,0.4756142020256384,0.0921024286514825,0.0618926857200341,0.088544705000914,0.0779680993601682,0.0611402565059559,0.0733192767753239
269,269.0,0.0692211510549123,0.4784981737923345,0.0904357982932768,0.0622254841719073,0.0878690863390256,0.0784715703198977,0.0608543097166213,0.072424426312024
270,270.0,0.0691431642316854,0.4806420949005013,0.0887540465816408,0.0628523812831305,0.0872808554566874,0.0790861892281797,0.0606281719282864,0.071613096389888
271,271.0,0.0690430066456719,0.4823484308285549,0.0871002647538158,0.0634528927958894,0.0869303098548961,0.0797655633735347,0.0605197299797387,0.070839801767898
272,272.0,0.0687339397358045,0.484513142260311,0.0846530320924465,0.0641711000682395,0.0865210040154026,0.0805341951418132,0.060523898848383,0.0703496878375991
273,273.0,0.0686416849229549,0.4876023781921019,0.0823496825474281,0.0649285734741524,0.0860166590639118,0.0806563836463221,0.060351460668031,0.0694531774850973
274,274.0,0.0683881087877542,0.4905742491411528,0.0800250680951963,0.0658956375612003,0.0855819629660734,0.0805111706267821,0.0604765084465074,0.068547294375333
275,275.0,0.0681828893791698,0.4936833059370261,0.0779610251217595,0.066688851620728,0.085401372902984,0.0800207947355663,0.0604966590145146,0.0675651012882511
276,276.0,0.0678614337332464,0.4968825282632267,0.0761393685598978,0.0675566883726316,0.0850879403157087,0.0795307404132153,0.0604160259916306,0.0665252743504423
277,277.0,0.0674957270127454,0.5002154874607206,0.0743209408011754,0.0686046642674916,0.08474778568477,0.0788198270687368,0.0603017624636805,0.0654938052406793
278,278.0,0.0675285119908398,0.5030102560956301,0.0726218674863256,0.0695817912735152,0.0844168458828712,0.0780571759033299,0.0601731840006493,0.0646103673668386
279,279.0,0.0678613204406586,0.5056769890644257,0.0713346378389906,0.0702943753282308,0.0841232561262287,0.0771388157472313,0.0600603198586606,0.0635102855955732
280,280.0,0.0682303978197236,0.507735262618468,0.0702323497947645,0.0709820089761028,0.0839309591380083,0.0763836980609373,0.0600037987903267,0.0625015248016683
281,281.0,0.0686189824132395,0.5098213088399017,0.0693805977046235,0.0713310197429499,0.0835376176026648,0.0754792234864845,0.0599808732932059,0.0618503769169298
282,282.0,0.0691393863772271,0.5109340944620331,0.0686463131587291,0.0717591804492728,0.0833926415839487,0.0746018419903425,0.0601176676242425,0.0614088743542039
283,283.0,0.0696661675009136,0.5121220417755448,0.068012598177243,0.0720635867406646,0.0835937245639173,0.0736557514450103,0.0599109057681063,0.0609752240285998
284,284.0,0.0701798884228692,0.5129170272714013,0.067494318272102,0.0721689936375299,0.0840325162882229,0.0728913494335018,0.0597104049910023,0.0606055016833702
285,285.0,0.0704469884881111,0.5140200876629293,0.0670908831354958,0.0721402230117886,0.0844442331133716,0.0725097159798317,0.0591564866078525,0.0601913820006191
286,286.0,0.0705112821650279,0.5154527686760747,0.0666480913015871,0.072034996559147,0.0847920602831108,0.0721760748652329,0.0585836509748848,0.0598010751749344
287,287.0,0.0707711338805615,0.5160718840707967,0.0659285228109874,0.0720051363834276,0.0851111567021727,0.0720670999795753,0.0581376424300163,0.059907423742462
288,288.0,0.0707612942099082,0.5171140817648956,0.0652975614428839,0.0718306386042034,0.085423672090797,0.0717975027735117,0.0577129623695047,0.0600622867442952
289,289.0,0.0705750279920543,0.5180510935211016,0.0646801256213898,0.0716312539138391,0.0858577090406779,0.0714892995171731,0.0574826993132598,0.0602327910805041
290,290.0,0.0708759085813548,0.5188697113442751,0.0638774328288278,0.0713064211900375,0.0856376667006698,0.0713037072546498,0.0576639174109748,0.0604652346892102
291,291.0,0.0717016320849076,0.5194706104307099,0.0631013598398261,0.0709878454545702,0.0853512705247203,0.0707170234796466,0.0578261825092811,0.060844075676338
292,292.0,0.0724715572172813,0.5198663653543897,0.0626436281647092,0.0708012838632109,0.0850732487714764,0.0700841775590546,0.057889071267794,0.0611706678020837
293,293.0,0.0730831962560579,0.5203223038762252,0.0623551892417783,0.0705747579035429,0.0846853068009977,0.0694807071952348,0.0579327468240339,0.061565791902129
294,294.0,0.0735472148914329,0.5207484663579177,0.0619773310372583,0.0704642742446792,0.0844774792911427,0.0691001783237482,0.0578501062618966,0.0618349495919241
295,295.0,0.0739517424016099,0.5211599150367191,0.0617211202995414,0.070073714361565,0.0842168298436224,0.0688040045003261,0.0577434067532887,0.0623292668033272
296,296.0,0.0746157576246985,0.5218430996592291,0.0612565767163013,0.0696389460329007,0.083782303882726,0.0683710219241055,0.0577436557009107,0.0627486384591279
297,297.0,0.0753299855363638,0.5225667156028873,0.0608464930421235,0.0691929180775227,0.083258809278394,0.067953529179789,0.0577330545572753,0.0631184947256442
298,298.0,0.0758684879885888,0.5232893353228565,0.0604298221674399,0.0687626060453877,0.083075853906956,0.0675052386473227,0.0578640886590019,0.0632045672624463
299,299.0,0.0764030865847619,0.5236318052946306,0.0599778796059389,0.0683654588602999,0.0829593622079179,0.0670540098872633,0.0582775238011831,0.0633308737580041
300,300.0,0.0765385996808156,0.5238139132642278,0.0595994757940205,0.0683377126922993,0.0828808938667124,0.0666576556158617,0.0587183819975931,0.0634533670884694
301,301.0,0.0765472154944693,0.5234975463629964,0.0594816308884063,0.0685113862018801,0.0825608271526346,0.0667042354881113,0.0593833186344795,0.0633138397770223
302,302.0,0.0764689574800027,0.5233616969577202,0.0596523775165182,0.0684182960132107,0.0821607795691191,0.0667228658608589,0.0601099657087229,0.063105060893847
303,303.0,0.0761635999738631,0.5234533230311096,0.0599533369782677,0.0685005505981393,0.0819245623090696,0.0662923608518024,0.0607205170152079,0.0629917492425401
304,304.0,0.0758427208231413,0.5233262151999071,0.060363708273882,0.0685640920558757,0.0816713030739417,0.0658710168736884,0.0613800141247761,0.0629809295747874
305,305.0,0.0753316426023875,0.5227410130361747,0.0610792084284738,0.0686173727385642,0.0815304917787281,0.0654912157404454,0.0622060604445749,0.0630029952306511
306,306.0,0.0747611629397246,0.5219044794748917,0.0617903066048164,0.0687716480176334,0.0815681574483036,0.0651263973281951,0.0630760148656619,0.0630018333207731
307,307.0,0.0741127271556228,0.5215009192846504,0.062870061136407,0.0688925070946196,0.0812778451230181,0.0645469742929931,0.0638558298994094,0.0629431360132795
308,308.0,0.0733175571731123,0.5212606098096952,0.0638637146542117,0.0690196956246234,0.0809930295906766,0.0639944220778222,0.0646758685765842,0.0628751024932742
309,309.0,0.0725655447430129,0.5213233905677501,0.0648489563572449,0.0691618564978301,0.0806391431284305,0.0633390144573969,0.0654553121965598,0.0626667820517746
310,310.0,0.0718228808669663,0.521721507107185,0.0656320695866373,0.0693840073744893,0.080311351710632,0.0625056800457805,0.0662851848569987,0.0623373184513106
311,311.0,0.0709951411532303,0.5227774737507579,0.065951551549593,0.0695351399132049,0.0800459100731721,0.0616561036167743,0.0670920046862422,0.0619466752570249
312,312.0,0.0700934960380565,0.5248060811228006,0.0661880483669712,0.0695946860725926,0.0796649461234373,0.0606799694479837,0.0674842931948003,0.0614884796333575
313,313.0,0.0690208945726729,0.5270151824727378,0.0663299544440312,0.0696920537262509,0.0792251187392244,0.0598726450157019,0.0678687788776439,0.0609753721517367
314,314.0,0.0681933854487423,0.5281145638720686,0.0668163632795736,0.0700238245707058,0.0788420627781192,0.0592051995400772,0.0682408770468149,0.0605637234638983
315,315.0,0.067295046642906,0.5298016265047597,0.0670639603640591,0.0702595141975651,0.0783799614463098,0.0585073876423385,0.068599633649249,0.0600928695528125
316,316.0,0.0666790219560116,0.531108808329854,0.0672622522369509,0.0704105335435069,0.0779522422159074,0.0580540221589057,0.0687219689518572,0.0598111506070063
317,317.0,0.0660658086717347,0.5333259299037549,0.0667607605968221,0.0701893227336801,0.0778158314674373,0.0576126421510919,0.0687635758004422,0.0594661286750367
318,318.0,0.065151301669778,0.5356579362957083,0.0661812911693612,0.0702580549897184,0.0777091227987799,0.0571924767837251,0.0687320339099515,0.0591177823829774
319,319.0,0.0642564953162951,0.5377005741588435,0.0654861741057473,0.0701216395267048,0.0777783632935794,0.0567775537206781,0.0690372454090704,0.0588419544690813
320,320.0,0.0633935802647871,0.5395751614419726,0.0647497732531817,0.0701380884204223,0.0777265143739168,0.0563087176124397,0.0693017712568104,0.0588063933764692
321,321.0,0.0628178938431913,0.5414656826083281,0.064066904444369,0.0697610068321788,0.0777047680985461,0.0558876823838326,0.069543417040203,0.058752644749351
322,322.0,0.062270516885095,0.5421826504866633,0.0638260314680983,0.0696117336106622,0.0775576209435223,0.0554697484671594,0.0700113346684642,0.0590703634703351
323,323.0,0.0619212480873328,0.542724895470653,0.0635169725831973,0.069400505327561,0.0778242733792127,0.0550374285145706,0.0702157121566787,0.0593589644807939
324,324.0,0.0613964272035698,0.5429388732079031,0.0634958594558155,0.0688626331409517,0.0782630516257189,0.0549746522529445,0.0703287375699148,0.0597397655431815
325,325.0,0.06109525807592,0.5427526393933332,0.0634883362643346,0.0687412794263599,0.078517663354575,0.0550947502132351,0.0702364467688294,0.0600736265034127
326,326.0,0.060726337022935,0.5423772652880314,0.063704842817408,0.0684885839760101,0.0790141231310484,0.0552306921955839,0.0700743754005344,0.0603837801684484
327,327.0,0.060574803502656,0.5423027703722888,0.0636641873847547,0.0681634187772447,0.0794238754351965,0.0554949745962882,0.0697680232163418,0.0606079467152289
328,328.0,0.0604120755416628,0.5421834911477538,0.0636139534163999,0.067775943596823,0.0797323376208205,0.055844379966336,0.0693726356979932,0.0610651830122103
329,329.0,0.0604793736080732,0.5415688234413798,0.0636403848250305,0.067469456574168,0.0801759043771468,0.0560084116839872,0.0689733251259034,0.0616843203643107
330,330.0,0.060645762454908,0.540560644593829,0.0639598445087956,0.0671510528053706,0.0806157763963169,0.0561978187749632,0.0685833301889733,0.062285770276843
331,331.0,0.0608919798291526,0.5396426954114528,0.0643130209351943,0.0673312322814125,0.0808658406790211,0.056354572146327,0.0679423806688142,0.0626582780486252
332,332.0,0.0609035462394325,0.5388956912887113,0.0648192434785275,0.0673836342230729,0.0809748120978583,0.0565228277810146,0.0672928383564498,0.0632074065349329
333,333.0,0.0611398257487092,0.5384644776022566,0.0652076293523177,0.0674770182921465,0.0807449119908235,0.0567376852634974,0.0664503241224328,0.0637781276278159
334,334.0,0.0612954716078488,0.5380492653339791,0.0657557727854455,0.0673290675625743,0.0804159921991961,0.0572109552129189,0.0656385187489029,0.064304956549134
335,335.0,0.0611953688705956,0.5373636232951171,0.0666132319762449,0.0670361823002867,0.0800610422712334,0.0579758152922151,0.0649740320342511,0.0647807039600556
336,336.0,0.0609992093730954,0.5356801055350159,0.0680410760048704,0.0667795476174243,0.0800169776997497,0.0587550970020921,0.0644849583338329,0.0652430284339189
337,337.0,0.0607747105446257,0.5345998001194215,0.06964960996769,0.0661847208443101,0.0797511936388988,0.0595010959337444,0.0640130409024439,0.0655258280488652
338,338.0,0.0605255362239586,0.5334699821318676,0.0711878357254028,0.0657918902639819,0.0796190189497381,0.0602935756092084,0.0635971033027145,0.0655150577931277
339,339.0,0.0604049514348634,0.5321363465548244,0.0728111982632438,0.0653787639398236,0.0794410688296336,0.0612052282464162,0.063192820193679,0.0654296225375154
340,340.0,0.0602422706068171,0.5308473512996449,0.0742756120017331,0.064946970542296,0.0793804491300139,0.0621678589831514,0.0628616615050549,0.0652778259312882
341,341.0,0.0600271401563437,0.5293845445919773,0.0758222258109458,0.0647606642153903,0.0794540632186862,0.0631480644466001,0.0623775023609548,0.0650257951991012
342,342.0,0.0595799526065608,0.5276646877454598,0.0774811931495247,0.0644429397747848,0.0796921926522469,0.0643318412611523,0.0621082221351726,0.0646989706750975
343,343.0,0.0591242355958327,0.5257723585710974,0.079041510388851,0.0646546670639574,0.0798950715864564,0.0654376797210272,0.0619231813420326,0.0641512957307448
344,344.0,0.058804999044216,0.5241795506959178,0.0804243983546502,0.064833195018743,0.0800510276472123,0.0663388947335631,0.0618635722589709,0.0635043622467261
345,345.0,0.0585067975344999,0.5232102433065267,0.0815245541743394,0.0645833792161747,0.0802163445159473,0.0671950461828394,0.061833786625132,0.0629298484445401
346,346.0,0.0584327171963936,0.5216218603386155,0.0826848360532973,0.0643510569689922,0.0806040507572489,0.0678876727910943,0.0619287578793799,0.0624890480149778
347,347.0,0.0584355848289012,0.5194308312252485,0.0838459472367079,0.0640404701710391,0.0811053873084078,0.068776964051254,0.0622501061679086,0.0621147090105324
348,348.0,0.0584276394677576,0.5172534121839378,0.0849673683545337,0.0639449346927015,0.081729188901902,0.0695542409902134,0.0624378283695186,0.0616853870394348
349,349.0,0.0586807739532859,0.5143104466264545,0.0860104170556781,0.0640857198404676,0.0826401884600484,0.0704544435592277,0.0625443112824792,0.061273699222358
350,350.0,0.0589240690065132,0.5113653936179364,0.08695838129943,0.0642488913717726,0.083829755325298,0.0712715167431117,0.0625272666271508,0.0608747260087868
351,351.0,0.059411673171594,0.5078573513449076,0.0877702313188917,0.0648355340712638,0.0850349559256022,0.0722189335797882,0.0622986180611225,0.0605727025268296
352,352.0,0.0599994859678088,0.503282575855722,0.0891622986891821,0.0654758495724571,0.0863020178329341,0.0732233033121773,0.0621901239499997,0.0603643448197186
353,353.0,0.0606093638784185,0.4981988213646397,0.0906137634521816,0.0661223116645849,0.0876011224072407,0.0744178581359579,0.0621174486958332,0.0603193104011431
354,354.0,0.061097500055803,0.4933363901397037,0.0921342525459772,0.0665115329418977,0.0888645058706978,0.0754718851624447,0.0620455959060341,0.0605383373774413
355,355.0,0.0615434007390432,0.48886576782277,0.0935243425073163,0.0669686431277181,0.0897899463754824,0.0765201976456679,0.0619292438142232,0.0608584579677785
356,356.0,0.0624304734898265,0.4843349050154246,0.0950774735379278,0.0669630628746453,0.0906332156900719,0.0776432615538824,0.06192346986224,0.0609941379759809
357,357.0,0.0633862470650924,0.480049613256393,0.0968659237511591,0.0669688066728218,0.0906464347548083,0.0791877265600323,0.0618965423390617,0.0609987056006309
358,358.0,0.0640775148514935,0.4757446653193529,0.098801153526647,0.0664879887076348,0.0907973791195194,0.0809086541570857,0.0618480640091432,0.061334580309123
359,359.0,0.0649501773793347,0.4714061524329749,0.1008662816832637,0.0660258561146561,0.0909080932756308,0.0823404375236773,0.0618197640468819,0.0616832375435801
360,360.0,0.065623818369418,0.4678403451782861,0.1028357998721748,0.0652817138412756,0.0906393697168807,0.0840036766618895,0.0617696607402824,0.0620056156197924
361,361.0,0.0662582874276705,0.4641106314035421,0.1050456162958855,0.0643883935263534,0.0904428754356522,0.0857413068090498,0.0615789866337664,0.0624339024680797
362,362.0,0.0668707192665798,0.4609597853868759,0.1072646995770279,0.0636128894633535,0.0902968864548611,0.0869304923374238,0.0614026089366683,0.0626619185772092
363,363.0,0.0678013376233578,0.4576163389702671,0.1095234416767065,0.0630795058035617,0.0899866825170378,0.0879289619131823,0.061201074841087,0.0628626566547994
364,364.0,0.0683134780162134,0.4546357915553705,0.1115836966894128,0.0624270272363501,0.090336790557988,0.0885790562708199,0.0610992373796048,0.0630249222942401
365,365.0,0.0686859556777724,0.4517447825011354,0.114365069049848,0.0617234480391717,0.0906880131695707,0.0890578721056262,0.0606334732900131,0.0631013861668622
366,366.0,0.0687612985880021,0.4492613904199143,0.1170801332463777,0.0611258801018587,0.091038087114248,0.089440404885899,0.0600556632012509,0.063237142442449
367,367.0,0.0687412688520519,0.4468413621675008,0.1201240592818815,0.0605039749915767,0.09153181803113,0.0895907092233651,0.059244152835261,0.0634226546172326
368,368.0,0.0687014385217925,0.4447877489871465,0.1230187568808343,0.0600247011664628,0.0921137094955491,0.0897032452911648,0.058521462912996,0.0631289367440536
369,369.0,0.0686724364188632,0.4428667224506322,0.1255055928578179,0.0595314596508623,0.0925197288928964,0.0901993094909793,0.0577893184659888,0.0629154317719592
370,370.0,0.06851865940486,0.4419341863576185,0.1273293586743019,0.0590214794272309,0.0923232292335665,0.0907795802784539,0.0573000062215736,0.0627935004023943
371,371.0,0.0683248953194948,0.4410973807006283,0.1289316084815488,0.0587509131220553,0.0919163794720783,0.0914886915124224,0.0568415317077947,0.0626485996839769
372,372.0,0.0682121686761045,0.4396895822704086,0.1306412292092848,0.0584530506536038,0.0915810354791603,0.0924102075349542,0.0564933228325206,0.0625194033439628
373,373.0,0.068450932845404,0.4387901627553335,0.1321129486764095,0.0580184201911133,0.0910573526829259,0.0932468815712802,0.0561968904084065,0.0621264108691267
374,374.0,0.0686303887446631,0.4378037312573184,0.133502454493444,0.0578496110159925,0.0905023741545641,0.0940762603084432,0.055919074803826,0.0617161052217483
375,375.0,0.0687393788885189,0.4366973027074367,0.1350601350272978,0.0576763569367504,0.0899845573485725,0.0951754094960636,0.0553752810830567,0.0612915785123031
