,Unnamed: 0,Total_iterations,Intertwine_two,Add_vertex,Delete_vertex,Invert_path_vertices,Insert_inside_vertex,Delete_inside_vertex,Replace_inside_vertex,Donate_between_routes
0,0.0,0.0,0.125,0.125,0.125,0.125,0.125,0.125,0.125,0.125
1,1.0,0.10900000000000001,0.125,0.125,0.125,0.125,0.125,0.125,0.125,0.125
2,2.0,0.31601,0.125,0.125,0.125,0.125,0.125,0.125,0.125,0.125
3,3.0,0.6191589000000001,0.125,0.125,0.125,0.125,0.125,0.125,0.125,0.125
4,4.0,1.015801321,0.125,0.125,0.125,0.125,0.125,0.125,0.125,0.125
5,5.0,1.50262148669,0.125,0.125,0.125,0.125,0.125,0.125,0.125,0.125
6,6.0,2.0757334209441005,0.125,0.125,0.125,0.125,0.125,0.125,0.125,0.125
7,7.0,2.7307768275633495,0.125,0.125,0.125,0.125,0.125,0.125,0.125,0.125
8,8.0,3.4630081252450404,0.125,0.125,0.125,0.125,0.125,0.125,0.125,0.125
9,9.0,4.2673862119061114,0.125,0.125,0.125,0.125,0.125,0.125,0.125,0.125
10,10.0,5.138652627782014,0.125,0.125,0.125,0.125,0.125,0.125,0.125,0.125
11,11.0,6.071405875792507,0.125,0.125,0.125,0.125,0.125,0.125,0.125,0.125
12,12.0,7.060169740244025,0.125,0.125,0.125,0.125,0.125,0.125,0.125,0.125
13,13.0,8.099455520847952,0.125,0.125,0.125,0.125,0.125,0.125,0.125,0.125
14,14.0,9.183818168183006,0.125,0.125,0.125,0.125,0.125,0.125,0.125,0.125
15,15.0,10.307906369102724,0.125,0.125,0.125,0.125,0.125,0.125,0.125,0.125
16,16.0,11.466506686239443,0.125,0.125,0.125,0.125,0.125,0.125,0.125,0.125
17,17.0,12.654581904800096,0.125,0.125,0.125,0.125,0.125,0.125,0.125,0.125
18,18.0,13.867303782456686,0.125,0.125,0.125,0.125,0.125,0.125,0.125,0.125
19,19.0,15.100080434523047,0.125,0.125,0.125,0.125,0.125,0.125,0.125,0.125
20,20.0,16.348578617037543,0.125,0.125,0.125,0.125,0.125,0.125,0.125,0.125
21,21.0,17.608741195130214,0.125,0.125,0.125,0.125,0.125,0.125,0.125,0.125
22,22.0,18.876800103462312,0.125,0.125,0.125,0.125,0.125,0.125,0.125,0.125
23,23.0,20.14928511992658,0.125,0.125,0.125,0.125,0.125,0.125,0.125,0.125
24,24.0,21.423028783545156,0.125,0.125,0.125,0.125,0.125,0.125,0.125,0.125
25,25.0,22.695167792966423,0.125,0.125,0.125,0.125,0.125,0.125,0.125,0.125
26,26.0,23.963141223515898,0.125,0.125,0.125,0.125,0.125,0.125,0.125,0.125
27,27.0,25.224685898775267,0.125,0.125,0.125,0.125,0.125,0.125,0.125,0.125
28,28.0,26.477829247520948,0.125,0.125,0.125,0.125,0.125,0.125,0.125,0.125
29,29.0,27.720879968916847,0.125,0.125,0.125,0.125,0.125,0.125,0.125,0.125
30,30.0,28.95241681848399,0.125,0.125,0.125,0.125,0.125,0.125,0.125,0.125
31,31.0,30.17127581490958,0.125,0.125,0.125,0.125,0.125,0.125,0.125,0.125
32,32.0,31.376536153543515,0.125,0.125,0.125,0.125,0.125,0.125,0.125,0.125
33,33.0,32.567505096778625,0.125,0.125,0.125,0.125,0.125,0.125,0.125,0.125
34,34.0,33.74370209472243,0.125,0.125,0.125,0.125,0.125,0.125,0.125,0.125
35,35.0,34.90484237192463,0.125,0.125,0.125,0.125,0.125,0.125,0.125,0.125
36,36.0,36.05082019768737,0.125,0.125,0.125,0.125,0.125,0.125,0.125,0.125
37,37.0,37.18169203889697,0.125,0.125,0.125,0.125,0.125,0.125,0.125,0.125
38,38.0,38.29765977559663,0.125,0.125,0.125,0.125,0.125,0.125,0.125,0.125
39,39.0,39.399054140870355,0.125,0.125,0.125,0.125,0.125,0.125,0.125,0.125
40,40.0,40.48631852820801,0.125,0.125,0.125,0.125,0.125,0.125,0.125,0.125
41,41.0,41.55999329152982,0.125,0.125,0.125,0.125,0.125,0.125,0.125,0.125
42,42.0,42.62070064560415,0.125,0.125,0.125,0.125,0.125,0.125,0.125,0.125
43,43.0,43.669130257815,0.125,0.125,0.125,0.125,0.125,0.125,0.125,0.125
44,44.0,44.70602560622662,0.125,0.125,0.125,0.125,0.125,0.125,0.125,0.125
45,45.0,45.73217116373481,0.125,0.125,0.125,0.125,0.125,0.125,0.125,0.125
46,46.0,46.748380453854836,0.125,0.125,0.125,0.125,0.125,0.125,0.125,0.125
47,47.0,47.755485010424316,0.125,0.125,0.125,0.125,0.125,0.125,0.125,0.125
48,48.0,48.7543242612326,0.125,0.125,0.125,0.125,0.125,0.125,0.125,0.125
49,49.0,49.745736344347726,0.125,0.125,0.125,0.125,0.125,0.125,0.125,0.125
50,50.0,50.730549855707864,0.125,0.125,0.125,0.125,0.125,0.125,0.125,0.125
51,51.0,51.70957651737491,0.125,0.125,0.125,0.125,0.125,0.125,0.125,0.125
52,52.0,52.68360474770151,0.125,0.125,0.125,0.125,0.125,0.125,0.125,0.125
53,53.0,53.65339410751842,0.125,0.125,0.125,0.125,0.125,0.125,0.125,0.125
54,54.0,54.61967059027847,0.125,0.125,0.125,0.125,0.125,0.125,0.125,0.125
55,55.0,55.58312271885972,0.125,0.125,0.125,0.125,0.125,0.125,0.125,0.125
56,56.0,56.544398407394254,0.125,0.125,0.125,0.125,0.125,0.125,0.125,0.125
57,57.0,57.504102543001395,0.125,0.125,0.125,0.125,0.125,0.125,0.125,0.125
58,58.0,58.462795239617805,0.125,0.125,0.125,0.125,0.125,0.125,0.125,0.125
59,59.0,59.42099071417639,0.125,0.125,0.125,0.125,0.125,0.125,0.125,0.125
60,60.0,60.379156734137354,0.125,0.125,0.125,0.125,0.125,0.125,0.125,0.125
61,61.0,61.337714584760846,0.125,0.125,0.125,0.125,0.125,0.125,0.125,0.125
62,62.0,62.29703950447439,0.125,0.125,0.125,0.125,0.125,0.125,0.125,0.125
63,63.0,63.257461537171835,0.125,0.125,0.125,0.125,0.125,0.125,0.125,0.125
64,64.0,64.21926675122782,0.125,0.125,0.125,0.125,0.125,0.125,0.125,0.125
65,65.0,65.18269877636592,0.125,0.125,0.125,0.125,0.125,0.125,0.125,0.125
66,66.0,66.14796061122655,0.125,0.125,0.125,0.125,0.125,0.125,0.125,0.125
67,67.0,67.11521665648885,0.125,0.125,0.125,0.125,0.125,0.125,0.125,0.125
68,68.0,68.08459493066005,0.125,0.125,0.125,0.125,0.125,0.125,0.125,0.125
69,69.0,69.05618942810752,0.125,0.125,0.125,0.125,0.125,0.125,0.125,0.125
70,70.0,70.03006258152917,0.125,0.125,0.125,0.125,0.125,0.125,0.125,0.125
71,71.0,71.00624779379335,0.125,0.125,0.125,0.125,0.125,0.125,0.125,0.125
72,72.0,71.98475200689319,0.125,0.125,0.125,0.125,0.125,0.125,0.125,0.125
73,73.0,72.96555827861411,0.125,0.125,0.125,0.125,0.125,0.125,0.125,0.125
74,74.0,73.94862834037681,0.125,0.125,0.125,0.125,0.125,0.125,0.125,0.125
75,75.0,74.93390511255946,0.125,0.125,0.125,0.125,0.125,0.125,0.125,0.125
76,76.0,75.92131515639825,0.125,0.125,0.125,0.125,0.125,0.125,0.125,0.125
77,77.0,76.91077104428919,0.125,0.125,0.125,0.125,0.125,0.125,0.125,0.125
78,78.0,77.90217363294813,0.125,0.125,0.125,0.125,0.125,0.125,0.125,0.125
79,79.0,78.89541422641172,0.125,0.125,0.125,0.125,0.125,0.125,0.125,0.125
80,80.0,79.89037661826481,0.125,0.125,0.125,0.125,0.125,0.125,0.125,0.125
81,81.0,80.88693900474995,0.125,0.125,0.125,0.125,0.125,0.125,0.125,0.125
82,82.0,81.88497576253909,0.125,0.125,0.125,0.125,0.125,0.125,0.125,0.125
83,83.0,82.88435908692391,0.125,0.125,0.125,0.125,0.125,0.125,0.125,0.125
84,84.0,83.88496048800103,0.125,0.125,0.125,0.125,0.125,0.125,0.125,0.125
85,85.0,84.88665214409042,0.125,0.125,0.125,0.125,0.125,0.125,0.125,0.125
86,86.0,85.88930811312994,0.125,0.125,0.125,0.125,0.125,0.125,0.125,0.125
87,87.0,86.89280540413424,0.125,0.125,0.125,0.125,0.125,0.125,0.125,0.125
88,88.0,87.89702491199675,0.125,0.125,0.125,0.125,0.125,0.125,0.125,0.125
89,89.0,88.90185221995306,0.125,0.125,0.125,0.125,0.125,0.125,0.125,0.125
90,90.0,89.90717827491419,0.125,0.125,0.125,0.125,0.125,0.125,0.125,0.125
91,91.0,90.91289994163006,0.125,0.125,0.125,0.125,0.125,0.125,0.125,0.125
92,92.0,91.91892044225806,0.125,0.125,0.125,0.125,0.125,0.125,0.125,0.125
93,93.0,92.92514968840067,0.125,0.125,0.125,0.125,0.125,0.125,0.125,0.125
94,94.0,93.93150451304501,0.125,0.125,0.125,0.125,0.125,0.125,0.125,0.125
95,95.0,94.93790881009448,0.125,0.125,0.125,0.125,0.125,0.125,0.125,0.125
96,96.0,95.94429358933806,0.125,0.125,0.125,0.125,0.125,0.125,0.125,0.125
97,97.0,96.9505969547639,0.125,0.125,0.125,0.125,0.125,0.125,0.125,0.125
98,98.0,97.9567640140995,0.125,0.125,0.125,0.125,0.125,0.125,0.125,0.125
99,99.0,98.96274672736057,0.125,0.125,0.125,0.125,0.125,0.125,0.125,0.125
100,100.0,99.96850370202192,0.125,0.125,0.125,0.125,0.125,0.125,0.125,0.125
101,101.0,100.97399994219691,0.125,0.125,0.125,0.125,0.125,0.125,0.125,0.125
102,102.0,101.97920655893245,0.125,0.125,0.125,0.125,0.125,0.125,0.125,0.125
103,103.0,102.98410044840509,0.125,0.125,0.125,0.125,0.125,0.125,0.125,0.125
104,104.0,103.98866394444643,0.125,0.125,0.125,0.125,0.125,0.125,0.125,0.125
105,105.0,104.99288445143917,0.125,0.125,0.125,0.125,0.125,0.125,0.125,0.125
106,106.0,105.99675406321822,0.125,0.125,0.125,0.125,0.125,0.125,0.125,0.125
107,107.0,107.0002691731872,0.125,0.125,0.125,0.125,0.125,0.125,0.125,0.125
108,108.0,108.0034300804274,0.125,0.125,0.125,0.125,0.125,0.125,0.125,0.125
109,109.0,109.00624059613932,0.125,0.125,0.125,0.125,0.125,0.125,0.125,0.125
110,110.0,110.00870765431864,0.125,0.125,0.125,0.125,0.125,0.125,0.125,0.125
111,111.0,111.01084093013685,0.125,0.125,0.125,0.125,0.125,0.125,0.125,0.125
112,112.0,112.01265246907188,0.125,0.125,0.125,0.125,0.125,0.125,0.125,0.125
113,113.0,113.01415632942268,0.125,0.125,0.125,0.125,0.125,0.125,0.125,0.125
114,114.0,114.01536824044418,0.125,0.125,0.125,0.125,0.125,0.125,0.125,0.125
115,115.0,115.01630527795908,0.125,0.125,0.125,0.125,0.125,0.125,0.125,0.125
116,116.0,116.0169855589429,0.125,0.125,0.125,0.125,0.125,0.125,0.125,0.125
117,117.0,117.01742795623892,0.125,0.125,0.125,0.125,0.125,0.125,0.125,0.125
118,118.0,118.01765183424293,0.125,0.125,0.125,0.125,0.125,0.125,0.125,0.125
119,119.0,119.01767680610413,0.125,0.125,0.125,0.125,0.125,0.125,0.125,0.125
120,120.0,120.01752251271817,0.125,0.125,0.125,0.125,0.125,0.125,0.125,0.125
121,121.0,121.01720842354362,0.125,0.125,0.125,0.125,0.125,0.125,0.125,0.125
122,122.0,122.01675365905109,0.125,0.125,0.125,0.125,0.125,0.125,0.125,0.125
123,123.0,123.0161768344173,0.125,0.125,0.125,0.125,0.125,0.125,0.125,0.125
124,124.0,124.01549592390272,0.125,0.125,0.125,0.125,0.125,0.125,0.125,0.125
125,125.0,125.01472814520056,0.125,0.125,0.125,0.125,0.125,0.125,0.125,0.125
126,126.0,126.01388986291661,0.125,0.125,0.125,0.125,0.125,0.125,0.125,0.125
127,127.0,127.0129965102319,0.125,0.125,0.125,0.125,0.125,0.125,0.125,0.125
128,128.0,128.01206252771334,0.125,0.125,0.125,0.125,0.125,0.125,0.125,0.125
129,129.0,129.0111013181695,0.125,0.125,0.125,0.125,0.125,0.125,0.125,0.125
130,130.0,130.01012521639834,0.125,0.125,0.125,0.125,0.125,0.125,0.125,0.125
131,131.0,131.0091454726403,0.125,0.125,0.125,0.125,0.125,0.125,0.125,0.125
132,132.0,132.0081722485317,0.125,0.125,0.125,0.125,0.125,0.125,0.125,0.125
133,133.0,133.00721462434865,0.125,0.125,0.125,0.125,0.125,0.125,0.125,0.125
134,134.0,134.0062806163404,0.125,0.125,0.125,0.125,0.125,0.125,0.125,0.125
135,135.0,135.00537720296956,0.125,0.125,0.125,0.125,0.125,0.125,0.125,0.125
136,136.0,136.00451035890612,0.125,0.125,0.125,0.125,0.125,0.125,0.125,0.125
137,137.0,137.00368509565993,0.125,0.125,0.125,0.125,0.125,0.125,0.125,0.125
138,138.0,138.0029055077818,0.125,0.125,0.125,0.125,0.125,0.125,0.125,0.125
139,139.0,139.00217482361367,0.125,0.125,0.125,0.125,0.125,0.125,0.125,0.125
140,140.0,140.0014954596262,0.125,0.125,0.125,0.125,0.125,0.125,0.125,0.125
141,141.0,141.00086907744122,0.125,0.125,0.125,0.125,0.125,0.125,0.125,0.125
142,142.0,142.0002966427003,0.125,0.125,0.125,0.125,0.125,0.125,0.125,0.125
143,143.0,142.99977848500652,0.125,0.125,0.125,0.125,0.125,0.125,0.125,0.125
144,144.0,143.99931435823203,0.125,0.125,0.125,0.125,0.125,0.125,0.125,0.125
145,145.0,144.99890350055264,0.125,0.125,0.125,0.125,0.125,0.125,0.125,0.125
146,146.0,145.9985446936357,0.125,0.125,0.125,0.125,0.125,0.125,0.125,0.125
147,147.0,146.99823632047406,0.125,0.125,0.125,0.125,0.125,0.125,0.125,0.125
148,148.0,147.99797642142389,0.125,0.125,0.125,0.125,0.125,0.125,0.125,0.125
149,149.0,148.99776274806447,0.125,0.125,0.125,0.125,0.125,0.125,0.125,0.125
150,150.0,149.99759281456036,0.125,0.125,0.125,0.125,0.125,0.125,0.125,0.125
151,151.0,150.99746394626104,0.125,0.125,0.125,0.125,0.125,0.125,0.125,0.125
152,152.0,151.99737332532905,0.125,0.125,0.125,0.125,0.125,0.125,0.125,0.125
153,153.0,152.99731803323698,0.125,0.125,0.125,0.125,0.125,0.125,0.125,0.125
154,154.0,153.99729509002177,0.125,0.125,0.125,0.125,0.125,0.125,0.125,0.125
155,155.0,154.99730149022784,0.125,0.125,0.125,0.125,0.125,0.125,0.125,0.125
156,156.0,155.99733423551103,0.125,0.125,0.125,0.125,0.125,0.125,0.125,0.125
157,157.0,156.99739036391077,0.125,0.125,0.125,0.125,0.125,0.125,0.125,0.125
158,158.0,157.99746697583146,0.125,0.125,0.125,0.125,0.125,0.125,0.125,0.125
159,159.0,158.99756125680176,0.125,0.125,0.125,0.125,0.125,0.125,0.125,0.125
160,160.0,159.997670497107,0.125,0.125,0.125,0.125,0.125,0.125,0.125,0.125
161,161.0,160.99779210841066,0.125,0.125,0.125,0.125,0.125,0.125,0.125,0.125
162,162.0,161.99792363749984,0.125,0.125,0.125,0.125,0.125,0.125,0.125,0.125
163,163.0,162.9980627773051,0.125,0.125,0.125,0.125,0.125,0.125,0.125,0.125
164,164.0,163.9982073753568,0.125,0.125,0.125,0.125,0.125,0.125,0.125,0.125
165,165.0,164.99835543984977,0.125,0.125,0.125,0.125,0.125,0.125,0.125,0.125
166,166.0,165.99850514349492,0.125,0.125,0.125,0.125,0.125,0.125,0.125,0.125
167,167.0,166.99865482534062,0.125,0.125,0.125,0.125,0.125,0.125,0.125,0.125
168,168.0,167.99880299074837,0.125,0.125,0.125,0.125,0.125,0.125,0.125,0.125
169,169.0,168.99894830970783,0.125,0.125,0.125,0.125,0.125,0.125,0.125,0.125
170,170.0,169.99908961367427,0.125,0.125,0.125,0.125,0.125,0.125,0.125,0.125
171,171.0,170.99922589110733,0.125,0.125,0.125,0.125,0.125,0.125,0.125,0.125
172,172.0,171.99935628188598,0.125,0.125,0.125,0.125,0.125,0.125,0.125,0.125
173,173.0,172.99948007076793,0.125,0.125,0.125,0.125,0.125,0.125,0.125,0.125
174,174.0,173.99959668005403,0.125,0.125,0.125,0.125,0.125,0.125,0.125,0.125
175,175.0,174.99970566161096,0.125,0.125,0.125,0.125,0.125,0.125,0.125,0.125
176,176.0,175.9998066883961,0.125,0.125,0.125,0.125,0.125,0.125,0.125,0.125
177,177.0,176.99989954561875,0.125,0.125,0.125,0.125,0.125,0.125,0.125,0.125
178,178.0,177.99998412166295,0.125,0.125,0.125,0.125,0.125,0.125,0.125,0.125
179,179.0,179.00006039888612,0.125,0.125,0.125,0.125,0.125,0.125,0.125,0.125
180,180.0,180.0001284443981,0.125,0.125,0.125,0.125,0.125,0.125,0.125,0.125
181,181.0,181.00018840091488,0.125,0.125,0.125,0.125,0.125,0.125,0.125,0.125
182,182.0,182.00024047777083,0.125,0.125,0.125,0.125,0.125,0.125,0.125,0.125
183,183.0,183.0002849421635,0.125,0.125,0.125,0.125,0.125,0.125,0.125,0.125
184,184.0,184.00032211069524,0.125,0.125,0.125,0.125,0.125,0.125,0.125,0.125
185,185.0,185.00035234126688,0.125,0.125,0.125,0.125,0.125,0.125,0.125,0.125
186,186.0,186.00037602536867,0.125,0.125,0.125,0.125,0.125,0.125,0.125,0.125
187,187.0,187.0003935808066,0.125,0.125,0.125,0.125,0.125,0.125,0.125,0.125
188,188.0,188.00040544489266,0.125,0.125,0.125,0.125,0.125,0.125,0.125,0.125
189,189.0,189.0004120681212,0.125,0.125,0.125,0.125,0.125,0.125,0.125,0.125
190,190.0,190.00041390834568,0.125,0.125,0.125,0.125,0.125,0.125,0.125,0.125
191,191.0,191.00041142546425,0.125,0.125,0.125,0.125,0.125,0.125,0.125,0.125
192,192.0,192.00040507661635,0.125,0.125,0.125,0.125,0.125,0.125,0.125,0.125
193,193.0,193.00039531188708,0.125,0.125,0.125,0.125,0.125,0.125,0.125,0.125
194,194.0,194.00038257051185,0.125,0.125,0.125,0.125,0.125,0.125,0.125,0.125
195,195.0,195.00036727756904,0.125,0.125,0.125,0.125,0.125,0.125,0.125,0.125
196,196.0,196.0003498411448,0.125,0.125,0.125,0.125,0.125,0.125,0.125,0.125
197,197.0,197.00033064995154,0.125,0.125,0.125,0.125,0.125,0.125,0.125,0.125
198,198.0,198.0003100713781,0.125,0.125,0.125,0.125,0.125,0.125,0.125,0.125
199,199.0,199.00028844994821,0.125,0.125,0.125,0.125,0.125,0.125,0.125,0.125
200,200.0,200.00026610616183,0.1251901489117984,0.12626422298587248,0.12448377243222604,0.12444940817105765,0.12515311187476136,0.1251901489117984,0.12444940817105765,0.12481977854142803
201,201.0,201.00024333569246,0.12558883404491653,0.12762859835468085,0.12459055225797495,0.12352216737824985,0.1259663087923913,0.12495920441528689,0.12352216737824985,0.12422216737824987
202,202.0,202.0002204089131,0.12589007014474646,0.1302230024679788,0.12493843159429348,0.12227497923565551,0.12670181391579025,0.12442904720052762,0.12227497923565551,0.1232676762053525
203,203.0,203.00019757072255,0.1260358599993823,0.13307113239332172,0.1251980131809986,0.12093101494887723,0.1278431230667224,0.12378232620991317,0.12093101494887723,0.12220751525190754
204,204.0,204.00017504064385,0.12572589559845834,0.136942281601455,0.12537816709359098,0.1195769431668085,0.12943596922670755,0.1229781363898005,0.11920657279643813,0.12075603412674119
205,205.0,205.0001530131666,0.1251490164767043,0.14122588862747024,0.12622620912653054,0.11803212628661001,0.13064059242956275,0.12195568351175755,0.11729508924957298,0.11947539429179185
206,206.0,206.00013165830538,0.124973614597859,0.14653088142683557,0.12738143523190054,0.11586615610966833,0.1314558013755117,0.12068717282039439,0.11517418703750339,0.11793075140032735
207,207.0,207.00011112234722,0.12448456360163145,0.15356278657688138,0.12843229650423202,0.11380993214061941,0.13155043056077473,0.1190968200229875,0.11289110257590007,0.11617206801697372
208,208.0,208.00009152876143,0.12363555565396299,0.1616611760236214,0.12966177294715767,0.11171571044103293,0.13060049232446846,0.11778109225649476,0.11056455663720001,0.11437964371606206
209,209.0,209.0000729792466,0.12267186142613559,0.1708603297898312,0.13035068434016484,0.1095529086956342,0.12952978572595583,0.11635567467548003,0.10817853358899635,0.11250022175780226
210,210.0,210.00005555489076,0.12184177180312873,0.18084081393853574,0.13049172060733785,0.10729856576251125,0.12783814076948868,0.1150973735762888,0.10571139420877432,0.11088021933393492
211,211.0,211.00003931742162,0.12104755033313136,0.1905357313615326,0.13037297128841863,0.10562616429742178,0.12597024461659742,0.11373405320884133,0.10353467632816173,0.10917860856589545
212,212.0,212.0000243105252,0.12051780662911926,0.19994134989273601,0.1301126528155785,0.10427718200366484,0.12398976564673074,0.1123171850202966,0.10139374978115223,0.10745030821072211
213,213.0,213.00001056121314,0.11991011087626294,0.20938591991846567,0.12918141508883613,0.10288950136121632,0.12265355814909289,0.1108191000234657,0.09923590654675443,0.10592448803590623
214,214.0,213.99999808122018,0.11930887877296009,0.2190218150161966,0.12734554401617196,0.10142736437330638,0.1217155376373003,0.10945687085855688,0.09739623195330756,0.10432775737220056
215,215.0,214.9999868684143,0.1185734528370823,0.2291107831463995,0.12541187194873243,0.0999386261279657,0.1205423906806461,0.1082293327866955,0.09553305356221597,0.10266048891026278
216,216.0,215.99997690820487,0.11841231541780131,0.23925396921695213,0.12299370385970444,0.09838045759186095,0.11936394988575912,0.10693311671481359,0.09369463933328763,0.10096784797982108
217,217.0,216.99996817493434,0.11795803257676907,0.24937358106173438,0.12017785423455557,0.09711142673900226,0.11815055018993263,0.10598922585848175,0.09197842026235406,0.09926090907717058
218,218.0,217.9999606332415,0.11746632497922843,0.2590493961399621,0.11710846907841287,0.09619557835714128,0.11723578605921287,0.10456509378874429,0.0903866151006453,0.09799273649665316
219,219.0,218.99995423938554,0.11667816496205961,0.26907236400024837,0.11390320151048403,0.09545768018686551,0.11634105151094744,0.10294634888644327,0.08873080971990634,0.09687037922304573
220,220.0,219.9999489425213,0.11501265235237569,0.27908588669066003,0.11080340684674693,0.09510705656186515,0.11531896642704287,0.10111323153589939,0.08750240386769484,0.09605639571771538
221,221.0,220.99994468591828,0.11243475530198511,0.28909148528949224,0.10773226210202849,0.09483128514254388,0.11461053655421669,0.09942392888268463,0.08647066360528449,0.09540508312176472
222,222.0,221.9999414081164,0.10993757811300447,0.29842893430744344,0.10502970406528789,0.09481973578686433,0.11387473638639456,0.09797096227314363,0.08557921943483299,0.094359129633029
223,223.0,222.99993904401353,0.10739153408266819,0.30773479370888146,0.10234646060574629,0.09473146058744368,0.1131977288282293,0.09694691157997615,0.08438830183749567,0.09326280876955954
224,224.0,223.99993752588082,0.10538483206432958,0.31711130864190074,0.09992717640686496,0.0945514117508939,0.1123248088840584,0.095404933575337,0.08316429572751555,0.09213123294910014
225,225.0,224.99993678430258,0.10315490046809386,0.32574737026806344,0.09776923410661006,0.09487138420890744,0.11112552948881854,0.09428698098772625,0.08198265539040914,0.09106194508137151
226,226.0,225.99993674903914,0.10121603846730433,0.33381595353029947,0.095670712648491,0.09509324847141266,0.11007706995004715,0.09312737545659341,0.08123890467062717,0.0897606968052251
227,227.0,226.99993734981166,0.09951601885096979,0.34045354244665504,0.09373010791882623,0.09530878614052438,0.10956181953031954,0.09229735831883085,0.08057351590251098,0.08855885089136345
228,228.0,227.9999385170088,0.09747818367119034,0.34663099700286787,0.09201826607426489,0.09560913653573057,0.10954184698837242,0.09146954965856202,0.07989483640774693,0.08735718366126521
229,229.0,228.99994018231612,0.09582015183794552,0.35281390209918284,0.09019374323953983,0.09543254454599225,0.10903634075513079,0.09020428489374069,0.07936022332906703,0.08713880929940135
230,230.0,229.99994227926956,0.09447345594208374,0.3587526087193374,0.08878869980209397,0.09554182715723272,0.10850338366146317,0.08859151251792811,0.07837360841216441,0.0869749037876968
231,231.0,230.99994474373494,0.09315465676590201,0.3632870222578548,0.08789101289626926,0.09548175908522084,0.10843815218293444,0.08702177418950335,0.07788062916838782,0.08684499345392772
232,232.0,231.9999475143165,0.0919085766374185,0.3673507895795197,0.08733402685551847,0.09491285158474837,0.10804782395312626,0.08549516188921608,0.0779493067870589,0.08700146271339401
233,233.0,232.9999505326967,0.09100382405727986,0.37063494475254705,0.08680190733533177,0.09451747961510272,0.1080817929371051,0.08394260174720479,0.07797755995049407,0.08703988960493492
234,234.0,233.9999537439119,0.09083863230064071,0.3734175679834758,0.08633041171497277,0.09408780177210876,0.10770718737371279,0.08247116184695652,0.07807112912682407,0.08707610788130879
235,235.0,234.99995709656648,0.09072565075439729,0.3758748932332797,0.0864448888903381,0.09343120912655231,0.10680195869532452,0.08106101600832527,0.07833273742700694,0.08732764586477607
236,236.0,235.99996054298992,0.09097176824955988,0.37858396690911833,0.08663912939218285,0.09261232438054882,0.10612756407296789,0.0794401656112696,0.07841150881524811,0.08721357256910475
237,237.0,236.99996403934114,0.090688791648564,0.3822888115169086,0.08687222406285944,0.09179121978487938,0.10507806248724678,0.0779114169798965,0.07827322478450083,0.08709624873514467
238,238.0,237.99996754566382,0.0903821622418742,0.385961670808063,0.0871086902535956,0.09093224394008086,0.10397322058872302,0.0766414234474902,0.07809120553086926,0.08690938318930402
239,239.0,238.9999710258976,0.0896224138109018,0.3897020174906636,0.088051212824136,0.08987226679408158,0.10301511108864875,0.07572929428742553,0.07761827903322056,0.08638940467092235
240,240.0,239.999974447849,0.08878536579798431,0.3934149012151111,0.08925742523031739,0.08889291008397594,0.10193289961868582,0.07477318232698563,0.07704426357182655,0.08589905215511345
241,241.0,240.99997778312678,0.0874193806064463,0.3979005829132926,0.09056264887931734,0.08785835012198875,0.10066959071215151,0.07383433224083662,0.07621882032819735,0.08553629419776974
242,242.0,241.9999810070455,0.08600710337550473,0.40280368398328836,0.09103692371246498,0.08653029005624811,0.09955972525897436,0.0731080874960188,0.07578268641880187,0.08517149969869901
243,243.0,242.99998409850193,0.08430721793689455,0.4074608923564878,0.09204851303973981,0.08526222779140818,0.09850628866234831,0.07247241289469472,0.07517140213273671,0.08477104518569009
244,244.0,243.9999870398277,0.08245419739049879,0.41191290738818953,0.0934562697944919,0.08401863156213696,0.09748443631954282,0.07193357428742404,0.07436798355672314,0.08437199970099302
245,245.0,244.9999898166226,0.08079020571806693,0.4159644610719949,0.0952068836489775,0.08261515141369412,0.09656640103905151,0.07135651504009352,0.07360636206482776,0.08389402000329396
246,246.0,245.99999241757178,0.07962713540208961,0.41986228707683565,0.09630334757885646,0.0812285644023332,0.09592656790325474,0.07104920571295507,0.07283944328216836,0.08316344864150706
247,247.0,246.99999483425034,0.07879394101848229,0.4237237443587671,0.09772540322929171,0.07983637350236532,0.09509543510161822,0.07055731003106822,0.07204835202941404,0.08221944072899327
248,248.0,247.99999706091853,0.07769621568047981,0.42740523406198105,0.09901563104629657,0.0784201111505808,0.09475911803824355,0.07003226029842587,0.07116541905998419,0.08150601066400824
249,249.0,248.9999990943107,0.07693990385453751,0.4304685455380203,0.10017732171217589,0.07703394215239585,0.09424696429923188,0.06970478794901135,0.07028824425394875,0.08114029024067854
250,250.0,250.00000093342055,0.07620963244188309,0.43309095017352706,0.10161349970793432,0.07549881171020023,0.0939430876150911,0.06942498579357036,0.06939009148106567,0.08082894107672818
251,251.0,251.00000257928522,0.07556850585484128,0.4354658345329624,0.10296161873174717,0.0740663092953783,0.09366684547230597,0.06920059113415615,0.0685242844974476,0.08054601048116108
252,252.0,252.0000040347706,0.07469050167087894,0.4382699072238664,0.10421303905993975,0.07245417980469025,0.09342519770607169,0.06894314707367855,0.06770330177069686,0.0803007256901775
253,253.0,253.00000530435972,0.07407884776801556,0.4412341764763271,0.10436150438854613,0.0709930332942121,0.0933030150449429,0.06877253729164776,0.06699266076899191,0.08026422496731646
254,254.0,254.00000639394634,0.0734893839513887,0.44398457509501316,0.10435522011792076,0.06958232370177748,0.0931456138601203,0.0689509067200825,0.06628263656869521,0.08020933998500186
255,255.0,255.00000731063483,0.07296427089136065,0.4465807801345937,0.1045046113977933,0.06826546910488862,0.09300383678075629,0.06893910084926644,0.06576478871974324,0.07997714212159775
256,256.0,256.00000806254815,0.07262037156275693,0.44915052596965105,0.10472074127445648,0.06702806146191136,0.09279914524425056,0.06891057772196507,0.06499895686991568,0.0797716198950929
257,257.0,257.0000086586446,0.07237058396982152,0.45174678357772025,0.10456088871738606,0.06582020557574879,0.0927968223186383,0.06897161603625022,0.06449131984863697,0.07924177995579791
258,258.0,258.000009108545,0.07220226699304141,0.4545938776633044,0.10426897719213545,0.06450608431967964,0.09298379950447187,0.06901054337656679,0.06412142602820875,0.07831302492259178
259,259.0,259.0000094223699,0.07211252354113147,0.457175549027772,0.10395168615795256,0.06332623177175958,0.09306633385242813,0.06909606813412411,0.06383514431284687,0.07743646320198526
260,260.0,260.00000961058856,0.07214532882755303,0.4598042817937208,0.10314094438263383,0.0623805880329158,0.09256010988592818,0.06988271314061428,0.063423079632349,0.07666295430428505
261,261.0,261.00000968387957,0.07215294744597307,0.4617765349198589,0.10249420722412272,0.061592341205527854,0.09262939330587261,0.07073932698576686,0.06299911455596356,0.07561613435691435
262,262.0,262.0000096530026,0.07176957592877986,0.46383966110872027,0.10150802232264611,0.061099156311088074,0.09275401383950646,0.07165982130426823,0.06252146118893308,0.07484828799605786
263,263.0,263.00000952868334,0.07143301751411692,0.46587856705032316,0.10040867223476324,0.06084119743406293,0.0921042482976136,0.07255739060231842,0.06212667143833133,0.07465023542847035
264,264.0,264.00000932150914,0.07096163409591727,0.46792477784764763,0.09941280389210606,0.060852269767151745,0.09119637895012439,0.07341884244627543,0.06174796005902439,0.074485332941753
265,265.0,265.0000090418373,0.07029423848631648,0.4698717661159577,0.09736459503967111,0.06115907337794795,0.09076217992567087,0.07471893126037595,0.06150676719620711,0.07432244859785274
266,266.0,266.0000086997143,0.06983949659084246,0.4715251648177137,0.09542552122957086,0.06139661898191888,0.090153953218886,0.07604876769012352,0.061467686194171284,0.07414279127677317
267,267.0,267.0000083048064,0.06962254602112605,0.4733107381724037,0.09374672232386178,0.061632188442030805,0.08930285095208569,0.07705024767946919,0.061386061021276334,0.07394864538774631
268,268.0,268.0000078663412,0.0694183459604826,0.4756142020256384,0.09210242865148259,0.06189268572003412,0.08854470500091403,0.07796809936016823,0.0611402565059559,0.07331927677532397
269,269.0,269.00000739305915,0.06922115105491233,0.47849817379233456,0.09043579829327683,0.0622254841719073,0.08786908633902567,0.07847157031989774,0.060854309716621396,0.07242442631202402
270,270.0,270.0000068931747,0.0691431642316854,0.48064209490050136,0.08875404658164089,0.06285238128313055,0.08728085545668746,0.07908618922817971,0.060628171928286415,0.07161309638988807
271,271.0,271.000006374347,0.06904300664567198,0.48234843082855494,0.08710026475381588,0.06345289279588948,0.08693030985489611,0.07976556337353474,0.0605197299797387,0.070839801767898
272,272.0,272.0000058436586,0.06873393973580455,0.48451314226031106,0.08465303209244651,0.06417110006823955,0.08652100401540266,0.08053419514181329,0.06052389884838308,0.07034968783759912
273,273.0,273.0000053076024,0.0686416849229549,0.48760237819210195,0.08234968254742811,0.06492857347415243,0.08601665906391182,0.08065638364632215,0.06035146066803106,0.06945317748509737
274,274.0,274.00000477207584,0.06838810878775421,0.4905742491411528,0.08002506809519637,0.06589563756120036,0.08558196296607344,0.08051117062678212,0.06047650844650749,0.06854729437533306
275,275.0,275.0000042423811,0.06818288937916987,0.49368330593702614,0.07796102512175959,0.06668885162072809,0.08540137290298401,0.08002079473556638,0.060496659014514675,0.0675651012882511
276,276.0,276.0000037232321,0.06786143373324648,0.49688252826322676,0.07613936855989784,0.06755668837263169,0.08508794031570877,0.07953074041321537,0.060416025991630616,0.06652527435044236
277,277.0,277.0000032187657,0.06749572701274542,0.5002154874607206,0.07432094080117549,0.06860466426749165,0.08474778568477005,0.07881982706873683,0.060301762463680506,0.06549380524067933
278,278.0,278.00000273255824,0.06752851199083984,0.5030102560956301,0.07262186748632561,0.0695817912735152,0.08441684588287121,0.07805717590332996,0.060173184000649395,0.0646103673668386
279,279.0,279.0000022676459,0.06786132044065867,0.5056769890644257,0.0713346378389906,0.07029437532823085,0.08412325612622876,0.07713881574723136,0.060060319858660685,0.06351028559557324
280,280.0,280.0000018265484,0.06823039781972366,0.507735262618468,0.07023234979476456,0.07098200897610285,0.08393095913800838,0.0763836980609373,0.06000379879032679,0.06250152480166832
281,281.0,281.00000141129516,0.06861898241323956,0.5098213088399017,0.0693805977046235,0.07133101974294992,0.08353761760266487,0.07547922348648453,0.059980873293205915,0.06185037691692988
282,282.0,282.0000010234543,0.06913938637722714,0.5109340944620331,0.06864631315872916,0.07175918044927285,0.08339264158394871,0.07460184199034255,0.060117667624242546,0.06140887435420399
283,283.0,283.00000066416294,0.06966616750091364,0.5121220417755448,0.06801259817724303,0.07206358674066465,0.08359372456391731,0.07365575144501038,0.05991090576810638,0.06097522402859987
284,284.0,284.0000003341591,0.07017988842286928,0.5129170272714013,0.067494318272102,0.07216899363752999,0.08403251628822296,0.07289134943350187,0.05971040499100232,0.06060550168337026
285,285.0,285.00000003381405,0.07044698848811119,0.5140200876629293,0.06709088313549587,0.0721402230117886,0.08444423311337165,0.07250971597983173,0.059156486607852554,0.060191382000619104
286,286.0,285.99999976316536,0.07051128216502797,0.5154527686760747,0.06664809130158716,0.07203499655914707,0.0847920602831108,0.07217607486523295,0.05858365097488481,0.059801075174934486
287,287.0,286.99999952194986,0.07077113388056154,0.5160718840707967,0.06592852281098746,0.07200513638342765,0.08511115670217279,0.07206709997957533,0.05813764243001639,0.05990742374246201
288,288.0,287.99999930963645,0.07076129420990829,0.5171140817648956,0.0652975614428839,0.07183063860420347,0.085423672090797,0.07179750277351171,0.05771296236950474,0.060062286744295285
289,289.0,288.99999912545803,0.07057502799205438,0.5180510935211016,0.06468012562138983,0.07163125391383911,0.08585770904067792,0.07148929951717319,0.05748269931325988,0.06023279108050419
290,290.0,289.99999896844287,0.0708759085813548,0.5188697113442751,0.06387743282882788,0.07130642119003751,0.08563766670066986,0.07130370725464986,0.05766391741097486,0.06046523468921024
291,291.0,290.9999988374448,0.07170163208490768,0.5194706104307099,0.06310135983982616,0.07098784545457028,0.08535127052472033,0.07071702347964665,0.05782618250928112,0.06084407567633802
292,292.0,291.9999987311721,0.07247155721728131,0.5198663653543897,0.06264362816470923,0.07080128386321095,0.08507324877147646,0.07008417755905469,0.05788907126779405,0.06117066780208373
293,293.0,292.99999864821496,0.07308319625605793,0.5203223038762252,0.062355189241778346,0.07057475790354298,0.08468530680099771,0.06948070719523482,0.057932746824033966,0.061565791902129054
294,294.0,293.99999858707133,0.07354721489143298,0.5207484663579177,0.061977331037258374,0.07046427424467921,0.08447747929114276,0.06910017832374823,0.05785010626189668,0.06183494959192412
295,295.0,294.9999985461714,0.07395174240160995,0.5211599150367191,0.06172112029954145,0.07007371436156506,0.08421682984362241,0.06880400450032613,0.057743406753288706,0.062329266803327295
296,296.0,295.99999852389976,0.07461575762469859,0.5218430996592291,0.06125657671630133,0.06963894603290072,0.08378230388272608,0.06837102192410552,0.057743655700910786,0.06274863845912791
297,297.0,296.9999985186163,0.07532998553636389,0.5225667156028873,0.060846493042123535,0.06919291807752273,0.08325880927839402,0.06795352917978907,0.05773305455727534,0.06311849472564425
298,298.0,297.999998528675,0.07586848798858882,0.5232893353228565,0.06042982216743991,0.06876260604538775,0.08307585390695607,0.06750523864732276,0.057864088659001965,0.06320456726244632
299,299.0,298.99999855244107,0.07640308658476194,0.5236318052946306,0.05997787960593891,0.06836545886029997,0.08295936220791796,0.06705400988726336,0.05827752380118311,0.06333087375800417
300,300.0,299.9999985883061,0.07653859968081562,0.5238139132642278,0.05959947579402054,0.06833771269229937,0.08288089386671242,0.06665765561586179,0.05871838199759314,0.06345336708846944
301,301.0,300.99999863470157,0.07654721549446934,0.5234975463629964,0.059481630888406356,0.06851138620188016,0.0825608271526346,0.0667042354881113,0.059383318634479584,0.06331383977702236
302,302.0,301.9999986901105,0.07646895748000279,0.5233616969577202,0.05965237751651821,0.0684182960132107,0.08216077956911919,0.06672286586085899,0.0601099657087229,0.06310506089384708
303,303.0,302.9999987530774,0.07616359997386311,0.5234533230311096,0.059953336978267796,0.06850055059813938,0.08192456230906961,0.06629236085180246,0.06072051701520794,0.06299174924254018
304,304.0,303.99999882221687,0.07584272082314134,0.5233262151999071,0.06036370827388208,0.06856409205587578,0.08167130307394174,0.06587101687368849,0.06138001412477614,0.06298092957478744
305,305.0,304.99999889622023,0.07533164260238757,0.5227410130361747,0.061079208428473884,0.06861737273856423,0.08153049177872813,0.06549121574044549,0.06220606044457498,0.06300299523065114
306,306.0,305.99999897386107,0.07476116293972467,0.5219044794748917,0.06179030660481648,0.0687716480176334,0.08156815744830363,0.06512639732819511,0.0630760148656619,0.06300183332077317
307,307.0,306.9999990539992,0.07411272715562281,0.5215009192846504,0.06287006113640704,0.0688925070946196,0.0812778451230181,0.06454697429299311,0.06385582989940947,0.06294313601327954
308,308.0,307.9999991355835,0.07331755717311231,0.5212606098096952,0.06386371465421171,0.06901969562462341,0.08099302959067667,0.0639944220778222,0.06467586857658422,0.06287510249327428
309,309.0,308.9999992176535,0.0725655447430129,0.5213233905677501,0.06484895635724494,0.06916185649783012,0.08063914312843055,0.06333901445739698,0.06545531219655987,0.06266678205177462
310,310.0,309.99999929934,0.07182288086696631,0.521721507107185,0.06563206958663734,0.06938400737448933,0.08031135171063206,0.06250568004578058,0.06628518485699876,0.06233731845131068
311,311.0,310.9999993798645,0.07099514115323038,0.5227774737507579,0.06595155154959308,0.06953513991320491,0.08004591007317217,0.0616561036167743,0.06709200468624228,0.061946675257024957
312,312.0,311.99999945853784,0.07009349603805656,0.5248060811228006,0.0661880483669712,0.06959468607259267,0.07966494612343732,0.06067996944798379,0.06748429319480033,0.06148847963335756
313,313.0,312.9999995347585,0.06902089457267294,0.5270151824727378,0.06632995444403128,0.06969205372625091,0.07922511873922447,0.05987264501570197,0.06786877887764393,0.06097537215173672
314,314.0,313.9999996080095,0.06819338544874234,0.5281145638720686,0.06681636327957362,0.07002382457070584,0.0788420627781192,0.05920519954007725,0.06824087704681496,0.0605637234638983
315,315.0,314.99999967785527,0.06729504664290603,0.5298016265047597,0.06706396036405919,0.07025951419756517,0.07837996144630989,0.058507387642338586,0.068599633649249,0.06009286955281251
316,316.0,315.99999974393796,0.0666790219560116,0.531108808329854,0.06726225223695091,0.0704105335435069,0.07795224221590741,0.05805402215890573,0.06872196895185727,0.05981115060700634
317,317.0,316.999999805973,0.06606580867173471,0.5333259299037549,0.06676076059682214,0.07018932273368014,0.07781583146743733,0.05761264215109195,0.0687635758004422,0.059466128675036756
318,318.0,317.99999986374485,0.06515130166977805,0.5356579362957083,0.06618129116936126,0.07025805498971843,0.07770912279877998,0.0571924767837251,0.06873203390995154,0.05911778238297747
319,319.0,318.999999917102,0.06425649531629513,0.5377005741588435,0.06548617410574731,0.07012163952670487,0.0777783632935794,0.056777553720678116,0.06903724540907043,0.05884195446908138
320,320.0,319.99999996595244,0.06339358026478713,0.5395751614419726,0.06474977325318176,0.07013808842042235,0.07772651437391684,0.056308717612439774,0.06930177125681046,0.058806393376469264
321,321.0,321.00000001025836,0.06281789384319131,0.5414656826083281,0.06406690444436909,0.06976100683217884,0.07770476809854616,0.05588768238383264,0.069543417040203,0.058752644749351046
322,322.0,322.0000000500311,0.06227051688509509,0.5421826504866633,0.06382603146809834,0.0696117336106622,0.07755762094352237,0.05546974846715949,0.07001133466846426,0.0590703634703351
323,323.0,323.0000000853262,0.06192124808733282,0.542724895470653,0.06351697258319731,0.06940050532756105,0.07782427337921274,0.05503742851457061,0.07021571215667874,0.059358964480793905
324,324.0,324.00000011623854,0.061396427203569894,0.5429388732079031,0.06349585945581558,0.06886263314095176,0.0782630516257189,0.054974652252944504,0.07032873756991487,0.05973976554318152
325,325.0,325.0000001428973,0.061095258075920054,0.5427526393933332,0.06348833626433462,0.0687412794263599,0.07851766335457507,0.055094750213235136,0.07023644676882941,0.06007362650341271
326,326.0,326.00000016546124,0.060726337022935076,0.5423772652880314,0.06370484281740808,0.06848858397601018,0.07901412313104844,0.05523069219558392,0.0700743754005344,0.06038378016844847
327,327.0,327.00000018411407,0.060574803502656066,0.5423027703722888,0.06366418738475473,0.06816341877724473,0.07942387543519654,0.05549497459628824,0.06976802321634185,0.06060794671522898
328,328.0,328.00000019906054,0.06041207554166289,0.5421834911477538,0.06361395341639998,0.06777594359682308,0.07973233762082052,0.05584437996633604,0.06937263569799329,0.06106518301221031
329,329.0,329.00000021052176,0.06047937360807322,0.5415688234413798,0.06364038482503057,0.06746945657416804,0.08017590437714682,0.05600841168398725,0.06897332512590346,0.06168432036431077
330,330.0,330.0000002187316,0.060645762454908055,0.540560644593829,0.06395984450879563,0.0671510528053706,0.08061577639631694,0.056197818774963285,0.06858333018897331,0.06228577027684303
331,331.0,331.00000022393317,0.06089197982915262,0.5396426954114528,0.06431302093519431,0.06733123228141251,0.08086584067902114,0.05635457214632704,0.06794238066881425,0.06265827804862527
