Generations,Unnamed: 0.1,Intertwine_two,Add_vertex,Delete_vertex,Invert_path_vertices,Insert_inside_vertex,Delete_inside_vertex,Replace_inside_vertex,Donate_between_routes,Trim_one_terminal_cb,Grow_one_terminal_cb
0,0.0,0.1,0.1,0.1,0.1,0.1,0.1,0.1,0.1,0.1,0.1
1,1.0,0.0998578574303408,0.0974689994398271,0.0993401006324937,0.1016873155407499,0.0999252059184206,0.0994659406959865,0.1014982220938508,0.0993239329617532,0.1031401670436924,0.0982922582428845
2,2.0,0.1004740984707073,0.0970164041457166,0.0971446757108006,0.1030200995623568,0.0974128178730559,0.0999473278398639,0.1032529626503814,0.0983034341532203,0.1051453039156102,0.0982828756782866
3,3.0,0.101284411207014,0.0951723708474148,0.095195935949206,0.1043412384299259,0.0971874613120875,0.1022240093649957,0.1026940761869638,0.0975771034880665,0.1065807656850493,0.0977426275292762
4,4.0,0.1030872862198521,0.0917652155930091,0.0951396355616883,0.1055928809711296,0.0975443573285581,0.1046953478845116,0.103810373227686,0.095647132538017,0.1065577513303031,0.0961600193452445
5,5.0,0.1025314024380923,0.0888585058606677,0.0943157925095396,0.1074554159238474,0.0983153247880238,0.1053805618723815,0.1058583131397303,0.0950484507059463,0.1066880117417432,0.0955482210200276
6,6.0,0.1025265943181549,0.0887385120048091,0.0936796929425722,0.1085809615768988,0.0960503853090848,0.1065641840064965,0.1040274788750161,0.0957945691642979,0.1085306730750081,0.0955069487276612
7,7.0,0.1019927665877274,0.0879892055997186,0.0924112482773808,0.1083501551366486,0.0980031315521037,0.1067223552215938,0.1044972508512285,0.0960094060036656,0.1085243504963567,0.095500130273576
8,8.0,0.1024623898643712,0.0861488858995334,0.0916349145389325,0.1098821735832007,0.0965849539119812,0.1077128937436049,0.1055038535025288,0.0950911881688852,0.1094793234403785,0.0954994233465832
9,9.0,0.102276245342897,0.0839823041106254,0.0895301793332793,0.1107708845939374,0.097184404393445,0.1077572370431528,0.1044046740162715,0.0971041146838161,0.111277405906321,0.0957125505762539
10,10.0,0.1003941778701285,0.083637302429264,0.0901655710979619,0.1103976143259261,0.0955043772310949,0.1081797428202604,0.104811734638968,0.0983136531904433,0.1122417730913485,0.0963540533046039
11,11.0,0.09877761430844,0.0839474883099398,0.0882750866767153,0.1111523824467895,0.0940721277515889,0.107650840764492,0.1048498726228224,0.098471408344705,0.1140746728056093,0.0987285059688972
12,12.0,0.0964487182927756,0.0807864212801121,0.0868907078011869,0.1104076128606167,0.0960590892204141,0.1089730478130609,0.1064041083485248,0.099491605528603,0.114497265520899,0.1000414233338063
13,13.0,0.0970775363245658,0.0788828814315311,0.0848151820996366,0.1105168161448613,0.0956996992847099,0.1105168471065524,0.1075671419491254,0.0994006939560784,0.1134908107540604,0.1020323909488777
14,14.0,0.0962202658450235,0.0798184963524843,0.0838102474820121,0.1089067890985022,0.0967898391369941,0.1107241572805465,0.10677560623176,0.0995199929940818,0.1134047104198459,0.1040298951587489
15,15.0,0.0933549021748342,0.080278589444902,0.0832277619428954,0.1090620730323249,0.0961348178635727,0.1088704175747943,0.1105885998243901,0.0992691199668144,0.1142166244303643,0.104997093745107
16,16.0,0.0937954114075009,0.0803270528706281,0.0820238504414715,0.1088167624972772,0.0953125766261859,0.1108359712566411,0.1105612254238332,0.0985995449423742,0.1130222275913504,0.1067053769427368
17,17.0,0.0925643238088067,0.0822927337137056,0.0811549099781475,0.1082806718472176,0.0967498437353118,0.1097363196604955,0.1113984842837658,0.0980528607839667,0.1125065294562086,0.1072633227323733
18,18.0,0.092244219857767,0.0827700308846021,0.0802795901679452,0.1075257583620377,0.095368324576676,0.1125619943667263,0.1127084574766197,0.0976168922925833,0.1119142336744259,0.107010498340616
19,19.0,0.0908084103178638,0.0836471904608926,0.0795836242575671,0.1074908319009395,0.0967934310233416,0.111410260512865,0.1118923319797562,0.0991299193958021,0.1120396017855607,0.1072043983654105
20,20.0,0.0904057071922011,0.0876621927507781,0.0796990474450389,0.1061026233038351,0.0971150255384666,0.1105589066563057,0.1108475092825997,0.0981874269979612,0.1113027426948111,0.1081188181380018
21,21.0,0.0933484966435908,0.0884067689386942,0.0776512357524408,0.1045450907563001,0.0977535674870735,0.1109255427568753,0.1085300257846902,0.0976783737534214,0.1090942429942987,0.1120666551326143
22,22.0,0.0936904305632955,0.0916506400037946,0.077672431349105,0.1045491651625175,0.0963818518100028,0.1098893051041683,0.1069014616407,0.096875341488308,0.1079775550339361,0.1144118178441714
23,23.0,0.0936106350073309,0.0941328414841296,0.07384459658746,0.1033493242313236,0.0956305108179883,0.1091865935025636,0.1073747054882666,0.097463612288641,0.1091797235565437,0.1162274570357519
24,24.0,0.0932098787815699,0.0951481044307346,0.0719956274833354,0.103357964408806,0.0964134842282059,0.1112418470270677,0.1068254882964212,0.0945982395976935,0.1080452514256438,0.1191641143205213
25,25.0,0.0939566734173066,0.0961123884412741,0.072038845515486,0.1034040054492497,0.0975417161918689,0.1105572268245047,0.1066593875343407,0.0924360527025588,0.105878139645409,0.1214155642780008
26,26.0,0.0930449552092332,0.0955355388140686,0.0716502956448435,0.1034952495076714,0.0991789952573903,0.1099256364016775,0.1075285744591774,0.0917536155022892,0.1056512235259724,0.1222359156776758
27,27.0,0.0928084576281944,0.0965647566240552,0.0724056438192828,0.1034949520464178,0.0985084668322339,0.1105761443731146,0.1067883176125539,0.0897004720189198,0.1055251066585026,0.1236276823867241
28,28.0,0.0917585616190664,0.0954161330920622,0.0700033906340508,0.1039630060250482,0.1001569389849736,0.1102151217486684,0.1050656405246751,0.0897780818519301,0.1068817580489386,0.126761367470586
29,29.0,0.09223941490494,0.0972036348004473,0.0706126975438103,0.1028541954833474,0.1020975041146897,0.1095330213813159,0.1042911465214028,0.0893655442714985,0.1052718071746095,0.126531033803938
30,30.0,0.0905229909996992,0.0991395464700158,0.068645644750721,0.1014401501493315,0.1014155975411303,0.1088335602245546,0.1034736837859602,0.0882877596744716,0.1070554928464764,0.1311855735576387
31,31.0,0.0923120814945434,0.1001786581822951,0.067335184543337,0.1018971651847091,0.1021573282554142,0.109657827566072,0.1013623666502153,0.0891028246485067,0.1051971345304464,0.1307994289444602
32,32.0,0.0928376160705015,0.1010244312578489,0.0690873614153872,0.102594636051897,0.1037859796260648,0.108179410139473,0.0987076546493445,0.0865323617277597,0.1054668587361839,0.1317836903255389
33,33.0,0.091587876172616,0.1023939116994977,0.0699347624586486,0.1005011623907476,0.1043179297278688,0.1089726792950247,0.0957418211471278,0.0882024505166901,0.1052378944932504,0.1331095120985276
34,34.0,0.0861165589552489,0.103826629985756,0.0701814863727521,0.1026662659558782,0.1029867527742137,0.1085673011014941,0.0950803699488619,0.0904986359611944,0.1049819725267717,0.1350940264178283
35,35.0,0.0850531273258748,0.1040721747003607,0.0708045963081664,0.1021502192603053,0.1041496293848099,0.1101556330826958,0.0916684020003766,0.0904141620769544,0.1054799090241532,0.1360521468363022
36,36.0,0.0815309748216796,0.1056303475917116,0.0724339727577501,0.0993101659947822,0.1045657124431205,0.1107002505983195,0.0937245372987537,0.0895340926180057,0.1071063530924025,0.135463592783474
37,37.0,0.080455848351599,0.1077839389528328,0.0707673833296878,0.0969599001651035,0.1062736512098883,0.1102105568125564,0.0931871880965176,0.0897233787862955,0.1066259976060381,0.1380121566894803
38,38.0,0.0791011373024849,0.1079959676763406,0.0722064591968845,0.0961613795121541,0.105463297950931,0.1114514061706401,0.0906332749877265,0.089992200864191,0.1075457485304314,0.1394491278082151
39,39.0,0.0787898535547463,0.1073799078771751,0.0702908040682575,0.0955972764503843,0.1058393286080292,0.1134169577377025,0.0903704231216187,0.0910138096218949,0.1075445932731407,0.1397570456870502
40,40.0,0.0771724142655273,0.1070570709300181,0.072117594642114,0.0963759630238612,0.1042084815382016,0.112199446024474,0.0931819371877565,0.0902141200647815,0.1062874712339198,0.1411855010893455
41,41.0,0.0808842609739943,0.1063262141146148,0.0702463928417267,0.0964552476395817,0.1034379329400768,0.1131042726374979,0.0932001102141535,0.0914241848031619,0.1034965806714016,0.1414248031637901
42,42.0,0.0813532621407336,0.1079513641518085,0.0707490874322619,0.0941257339708116,0.1006295210894317,0.1140193885692742,0.093835488219223,0.0915819260286942,0.1026461660799874,0.1431080623177734
43,43.0,0.0825113173580476,0.1074661107407454,0.0726755535298906,0.0918624464362502,0.1012468866550322,0.1137991402428116,0.0931713588238613,0.0923727003392012,0.1023257908662724,0.142568695007887
44,44.0,0.0833432813305458,0.1084520868570871,0.0749105878945644,0.095377403719033,0.0990536724874959,0.1128478934998189,0.0924250709989116,0.0913251525863687,0.100606616361925,0.141658234264249
45,45.0,0.085407674389982,0.1092832386080542,0.0754504254736322,0.0960011402186656,0.0979443474083436,0.1112793394549605,0.0911877828569472,0.0929715120356244,0.0977694564297775,0.1427050831240124
46,46.0,0.0835302668769111,0.1092930665662919,0.0759862571857924,0.093259918608216,0.1010349857534457,0.1119188114087145,0.0911417219198213,0.093371545522574,0.0999366575390891,0.1405267686191433
47,47.0,0.0843367220854425,0.1109929193475328,0.0783224220520117,0.0935744807463565,0.0981595529315856,0.1100614937346324,0.092283948759844,0.0947447444529842,0.0993651092874793,0.1381586066021303
48,48.0,0.0857044994863145,0.1114722368082193,0.0783631296453071,0.0947828199467026,0.0943387967367739,0.1110545818506334,0.0925680699355099,0.0939545108192078,0.1000418450566307,0.1377195097147001
49,49.0,0.0849141308042642,0.1109469169047109,0.0801260383712673,0.0956764399757701,0.0935220004120541,0.1121171526031543,0.0910133643268612,0.0921271701201039,0.1004085942339815,0.1391481922478318
50,50.0,0.0865064090686964,0.1119297559489293,0.0789631805627276,0.0937019500029144,0.0900395840917972,0.1137756872682696,0.0927638834314705,0.0929905150123782,0.1014782302727493,0.1378508043400668
51,51.0,0.0857801929833214,0.1119610104154705,0.0784930348549076,0.0948165992828587,0.0911055895526441,0.1149981374350136,0.0919380799314773,0.0924348119510401,0.1018076903761686,0.1366648532170975
52,52.0,0.0839155798156289,0.1117531042641282,0.0792261893179846,0.0952750597935428,0.0910304345836821,0.1157929331952864,0.0949476203916767,0.092866110834308,0.1016359645500847,0.1335570032536769
53,53.0,0.0840054229936337,0.1130026425517312,0.0798563177459398,0.0955557251586761,0.0901391519584983,0.1169775330639342,0.0933035019123156,0.0935053877023577,0.1012615984328717,0.1323927184800411
54,54.0,0.0849041409633318,0.1124206787969495,0.0794538593947196,0.0964990703858969,0.090662005610546,0.1151694378722017,0.0942657281005897,0.0935901763380812,0.1009700935438892,0.1320648089937939
55,55.0,0.0840240261488326,0.1117214686256543,0.0788178757866987,0.0978334839595637,0.0917708814895641,0.1151899431253196,0.095862436787069,0.093076321682892,0.1014277549882471,0.1302758074061584
56,56.0,0.0843923006486437,0.1126350563371412,0.0747278100693349,0.0984172966873035,0.0930860126159467,0.1166691118589664,0.0956070107013318,0.0939336725522732,0.1006473706067659,0.1298843579222921
57,57.0,0.083320604514462,0.1133249818762899,0.0763223290243402,0.0981519575466647,0.0918802724676136,0.1174977010880113,0.0961346860671134,0.0945345031229942,0.0998431515969529,0.1289898126955572
58,58.0,0.0818664894595412,0.113777082110445,0.0770130587660256,0.0951416015098002,0.0903935318139905,0.1186129713481631,0.0966374081391166,0.095151935973831,0.0995712063117907,0.1318347145672955
59,59.0,0.0840211863182601,0.1116473496637047,0.0737610943838558,0.0940084067179696,0.0897205082824861,0.1168865878437781,0.0966279169343179,0.0977230475149754,0.1023819464397506,0.133221955900901
60,60.0,0.0847504293902581,0.1096752572699401,0.0724771135177999,0.0940648253510241,0.0882590674325799,0.1143424643416257,0.098921765461285,0.0997963568167866,0.1046051272496817,0.1331075931690182
61,61.0,0.0856261900733812,0.1092191054373916,0.074118059345756,0.0930242025853875,0.0877912238176691,0.1114345512181333,0.1009808657593414,0.0993547579988864,0.1052176981714442,0.1332333455926086
62,62.0,0.0872790620288835,0.1113617919045044,0.0722743144916776,0.094661536270039,0.0887063155242435,0.109255075972749,0.0996445404915364,0.0997112830050958,0.1054448550101725,0.1316612253010977
63,63.0,0.0861503378534786,0.1110091490384916,0.0725717285072304,0.0964917566943647,0.0869558586315953,0.1104324180137298,0.0969676624589419,0.1024203202356866,0.1050654687850032,0.1319352997814772
64,64.0,0.0844770746611814,0.1130162418155266,0.0756992048964462,0.0951518442025178,0.08789282939302,0.1109781357219829,0.0977433289241952,0.1006556207666486,0.1046912280774848,0.1296944915409957
65,65.0,0.0844583642025555,0.1143002591818652,0.0768771951678386,0.0948832539360909,0.0867425944200356,0.1087642400183467,0.0954715395880788,0.1014981269147808,0.106462243081167,0.1305421834892403
66,66.0,0.0852674006879767,0.1114101022350982,0.0751012911037786,0.095620315690357,0.0881048221595859,0.1102775794443097,0.0959458103627653,0.1015142952588957,0.1086594793820537,0.1280989036751786
67,67.0,0.0851690587285701,0.1100035981629438,0.0770304157041646,0.0979410095854609,0.0887339206237579,0.1090789199535951,0.0961569534797,0.1003680535971149,0.1082040779879029,0.127313992176789
68,68.0,0.087753992473584,0.1093295034161231,0.0757952854470005,0.0967883104341963,0.0901659485130166,0.1097343337187065,0.0956606111085551,0.0987541291878312,0.1085942429974353,0.1274236427035506
69,69.0,0.0880909293654173,0.1092853514410668,0.0785742349046874,0.0991434674989022,0.092241460091719,0.1066553031324828,0.0941754575212776,0.0967268170201493,0.1078715295616148,0.1272354494626821
70,70.0,0.0859099436249449,0.1088629376844345,0.0782227321838213,0.0977346018206183,0.0950796856172249,0.1069228744907392,0.0944357489597553,0.0996435205482056,0.1061125028093425,0.1270754522609128
71,71.0,0.085051797081989,0.1097854487927853,0.0763300709643893,0.1002184807921237,0.094340580745489,0.1071440237268187,0.092744408393167,0.0995525572930979,0.1066598299705107,0.1281728022396287
72,72.0,0.0879103657520647,0.1086295518205327,0.078434665595283,0.0983986068433054,0.092750794005146,0.1072376017367193,0.0920541644182658,0.0979119646440099,0.105987151372934,0.1306851338117385
73,73.0,0.0864936224491669,0.1115270100601684,0.0776130507559211,0.10082503232034,0.091595719304239,0.1077743201336788,0.0936277580901264,0.0981834812195858,0.1052694344613092,0.1270905712054635
74,74.0,0.0856680454558764,0.109788147899032,0.0820775985625309,0.1000604963250543,0.0880279285107654,0.1040632775601484,0.0929874095204164,0.0986852686061189,0.1078763417755683,0.1307654857844882
75,75.0,0.0852812856162858,0.1114496142956764,0.0819217455601122,0.0976932082165627,0.0912690335744964,0.1033276261106321,0.0887793483852738,0.0976620415386777,0.1098223757009312,0.132793721001351
76,76.0,0.0855328943687764,0.1104668300216685,0.0829356636358002,0.0964983778226353,0.0923024676054679,0.105315774356543,0.0888933223399322,0.0954900757765314,0.1106014829836202,0.131963111089024
77,77.0,0.0851034438590575,0.1108166630996206,0.0832510953104621,0.0969173094202651,0.0939736398966829,0.1043179244288879,0.0913027251168646,0.0935176212194269,0.1085532616011526,0.1322463160475791
78,78.0,0.0829263801936047,0.112835046972544,0.0818210919937059,0.0952712375569191,0.0986313331800699,0.1063139338035004,0.0907190299653092,0.0942955443909438,0.1040537915669565,0.1331326103764459
79,79.0,0.0813872334354238,0.1142919484904231,0.0824281591126069,0.0942111880461428,0.0998623133966392,0.105281018876125,0.0904720526751822,0.0955234752081567,0.1035892667199033,0.1329533440393963
80,80.0,0.0838999682444684,0.1156159608579772,0.0826910851023631,0.0941041631482807,0.101911224304112,0.1065437212899518,0.0906599642631093,0.0955629625200495,0.1011662780438836,0.1278446722258038
81,81.0,0.0836018274540053,0.1131135002816576,0.0822891937396194,0.0954696507837361,0.1035971002378432,0.1043418819035967,0.0922085415284452,0.094025873381195,0.1020079258079431,0.1293445048819577
82,82.0,0.0832325912915222,0.1132938095597351,0.0818352087013421,0.0966533941212372,0.1034364314240429,0.1039821746363329,0.0915236033495823,0.0965506535441225,0.1031526558841995,0.1263394774878826
83,83.0,0.08602961082137,0.1161520006069809,0.0787322287252178,0.0964532261007866,0.1035878028073234,0.1055549609558022,0.0907002624368951,0.0950932838672426,0.1032602584085829,0.1244363652697978
84,84.0,0.0875367042237546,0.1162459237732252,0.0772317124338483,0.0931911974349474,0.1025510620102806,0.1070574662773825,0.0915406348038892,0.0930837491527656,0.1043973786544884,0.1271641712354174
85,85.0,0.087271888986978,0.1156931513516993,0.0788419045841296,0.0901771290878692,0.103571933348689,0.1088714654452705,0.0940878513330223,0.0913391987693015,0.1051560535194645,0.1249894235735753
86,86.0,0.0836937306768409,0.1149867071269703,0.0786466494455698,0.0928237939147304,0.1031154429163835,0.1103895984159186,0.0942326580976656,0.0921719457447957,0.1043365285148187,0.1256029451463058
87,87.0,0.0862611256739869,0.1128937032842725,0.076278338596444,0.0942044933843014,0.1054187275915061,0.1092107980417711,0.0962436161199142,0.0899499123863196,0.1028201305221164,0.1267191543993672
88,88.0,0.0845103043284307,0.1155322188430836,0.076805676343672,0.0951368381823252,0.1051291867132738,0.1103711593558512,0.0980033024086498,0.0866846900905853,0.1013447417656914,0.1264818819684363
89,89.0,0.0814904034255644,0.1135568826326988,0.0768321193507814,0.0953504147308421,0.1050888921601943,0.1114562610382797,0.0977191972949985,0.0874423957863442,0.1015424386851849,0.129520994895111
90,90.0,0.0827198223098149,0.1173438498287114,0.0792732821373398,0.0968260135758678,0.1024375475777205,0.1100950715444586,0.0950834376264204,0.0873369643990933,0.1007082545162735,0.1281757564842991
91,91.0,0.0804423601504791,0.1146687142503404,0.0803416478161596,0.0952701453310564,0.0998759358893133,0.1103534595471207,0.0973344700340459,0.0897101810557779,0.1027092262703564,0.1292938596553497
92,92.0,0.0825314043713356,0.1154711576402378,0.077417506145639,0.0946407400948175,0.1016990242259902,0.1082854156410843,0.0980329724489343,0.090045125957333,0.1028911241843555,0.1289855292902722
93,93.0,0.0817475594732598,0.1156830660107365,0.0793972766339042,0.0960773160747903,0.1022440117872813,0.1054174633995805,0.0980263531425763,0.0893939040266297,0.1026581936907101,0.1293548557605305
94,94.0,0.080108173662479,0.1112981406638719,0.0801387730914141,0.0972415164433133,0.1039382767298395,0.1064284716615857,0.0982548613553375,0.0882191687704354,0.1038450534321657,0.1305275641895573
95,95.0,0.0792510776098175,0.1119772353713039,0.0790971011858634,0.0960656995615346,0.1052373265998833,0.1055313520528614,0.0980309356913448,0.088390518761409,0.1032581360589599,0.1331606171070214
96,96.0,0.0794051328053821,0.1117392263989578,0.075896856073654,0.0955938391845538,0.105989200794969,0.1048289841460716,0.1004030054209848,0.0882792271901053,0.1034985539444175,0.1343659740409034
97,97.0,0.077933127350199,0.1169235155628702,0.0762368616106931,0.0954886713815311,0.1065839764774566,0.1025243149944866,0.0994752162758358,0.08867620189052,0.1029228265077928,0.1332352879486143
98,98.0,0.0784934780319583,0.1163153637063507,0.077528303962197,0.0943656253874389,0.1062263604911931,0.103167549740843,0.0966370912064825,0.0904654877588917,0.1026870880146529,0.1341136516999913
99,99.0,0.078837746841161,0.117171748793247,0.0760957639463845,0.0983914711080883,0.1062020942362628,0.101090349728546,0.0951147148662335,0.0916963376110777,0.1005121204394908,0.1348876524295078
100,100.0,0.0800640861291924,0.1158140407326926,0.075732385087823,0.0988097920745296,0.106775050693001,0.1039414429193731,0.0909774822261307,0.0918012388384043,0.1011108458871647,0.1349736354116881
101,101.0,0.0810359018022389,0.1135862004858415,0.0747115970807767,0.0960937614591148,0.1059897115717923,0.1049331308651838,0.0936306100862922,0.0931950502382385,0.1007256833159771,0.1360983530945436
102,102.0,0.0799105105513977,0.1129162176508317,0.0704137400989443,0.098343336308599,0.101034048422307,0.103530346266362,0.0942686014476512,0.0963208556708315,0.1033468675596657,0.1399154760234093
103,103.0,0.0787453272464009,0.1154356242334262,0.0657290323344775,0.1013574841761832,0.1025466353038843,0.103493544316123,0.0932456290676183,0.0962417355318557,0.1048397920038581,0.1383651957861723
104,104.0,0.0821279818932743,0.1192106352234437,0.0658965197921537,0.1005869316109156,0.1032646384294041,0.102758443625462,0.0919363402905055,0.0937027277372845,0.1030525385095462,0.1374632428880098
105,105.0,0.0856785488574929,0.118411605187462,0.0678754523581517,0.1016060714240829,0.0998174318546672,0.1047476154413152,0.0871050263853848,0.09298881688375,0.1059629358125854,0.1358064957951072
106,106.0,0.0870813173435197,0.119307557100671,0.0683559179509415,0.1022581130872453,0.0994498043583873,0.1054135242750601,0.0867348477350442,0.0912084773891617,0.1058635188826943,0.1343269218772742
107,107.0,0.0880192068641419,0.1202403644522635,0.0691018658534358,0.1015233753188166,0.0983831599037842,0.1062652329425036,0.0873842268056014,0.0902546554067587,0.1043120492440385,0.1345158632086553
108,108.0,0.0888620556411829,0.1155968879311668,0.0722250129606192,0.1000469576669563,0.0969871697817225,0.106529133517019,0.0880674049817474,0.0899385910636756,0.1067156301370736,0.135031156318836
109,109.0,0.0889762867217771,0.116012430958485,0.0735177544889556,0.0990885362666977,0.0963918462920572,0.1075993277121754,0.0868421879974151,0.0889646093873376,0.1067862765326359,0.1358207436424628
110,110.0,0.091917114344447,0.1151943073000211,0.0749788068304739,0.0987904101594732,0.0943015987347495,0.1073413850396691,0.0875386590001683,0.0901789722984919,0.1040520499434994,0.1357066963490059
111,111.0,0.0903223406656618,0.1171169969333818,0.0756798355650961,0.0989439458292074,0.0934141335355499,0.1016946806531649,0.0893738326022624,0.0920594744959105,0.1061982874782098,0.1351964722415547
112,112.0,0.0862679760920414,0.1177121138805188,0.0789890389858685,0.098345570242592,0.0932075153488373,0.0977291401143677,0.0940276738029264,0.093388120119592,0.1059996964529832,0.1343331549602721
113,113.0,0.0870713643352278,0.1166856727249673,0.0807173245600181,0.0996536040562703,0.091030917532098,0.0995091222957064,0.0928923778310769,0.0938431025518372,0.102697711912777,0.1358988022000203
114,114.0,0.0863159810410793,0.1146027370696824,0.0798943616614227,0.1004479178277154,0.0920984683371982,0.100958585486193,0.0949382864585372,0.0948632216282101,0.1007361483009908,0.1351442921889701
115,115.0,0.0881166736989677,0.1101537777672195,0.082447471884804,0.0982452332054512,0.0902517073613647,0.1016854993703169,0.0975465026289251,0.0967671510783243,0.1001599903853214,0.1346259926193045
116,116.0,0.0923614924855029,0.1107434967746004,0.0814045698119668,0.1000859927330765,0.0918776252286767,0.1013182231936654,0.0975754496361021,0.094762435558529,0.0964146049430241,0.1334561096348553
117,117.0,0.091096688973768,0.1085971495092851,0.0834235298169869,0.1009638613585962,0.0925353675634262,0.099718804034679,0.0946476615682796,0.0984987736574048,0.0965464348244559,0.1339717286931177
118,118.0,0.0916616103960582,0.1081413685033604,0.0819612032970634,0.1013433081578987,0.0923697692923219,0.0994065812500146,0.0925557739303506,0.0984282361684718,0.0977553782525915,0.1363767707518681
119,119.0,0.0920389172307592,0.1080768081355186,0.0840969133052738,0.0993695147552387,0.0926887409114304,0.1016424211331861,0.0927931310075223,0.0965271258750406,0.0978887750762774,0.1348776525697521
120,120.0,0.0933779966384317,0.1109947172708765,0.0838116641320543,0.0953850664252879,0.0944669039264035,0.1037494050216068,0.0940318075357649,0.0945028033504421,0.0976515120046977,0.1320281236944339
121,121.0,0.0932068464012721,0.111429469733243,0.0840433334686706,0.0975430923038912,0.0939350668148688,0.102860473819737,0.0961078302815843,0.0898026742964871,0.0993195756391286,0.1317516372411166
122,122.0,0.0930170769074912,0.1098256594143037,0.082496617453304,0.0987974514322901,0.0959723140045773,0.1010708755333472,0.0966630908727825,0.0858421020617326,0.1028480785237496,0.1334667337964212
123,123.0,0.0932196670942062,0.1099087401409165,0.0803489714724603,0.0984395068596362,0.0991020147517834,0.1008723633394726,0.1003237085181424,0.0867688862304426,0.1016052600769944,0.1294108815159448
124,124.0,0.0910592553059814,0.1094575772853786,0.0796275128042277,0.0969100963861406,0.10086874931756,0.1040578884216772,0.1024775440119213,0.0855845603303822,0.1009338405443095,0.1290229755924208
125,125.0,0.089522857469865,0.1097109676601972,0.0780860045150072,0.097455900418021,0.1015023348939155,0.1022376994787195,0.1039796346287599,0.086228235072877,0.1024747411988768,0.1288016246637602
126,126.0,0.0892545926641727,0.1101144930936149,0.0777462407280826,0.0987980812778882,0.0994681442275239,0.1048370548276639,0.1031433031605996,0.0855479464622251,0.103674567450311,0.1274155761079176
127,127.0,0.087978061703073,0.1098062418787751,0.079074766054244,0.1002879016941045,0.1002298066184483,0.1050093128657269,0.1028913239784165,0.0851546050519619,0.1034618567030653,0.1261061234521838
128,128.0,0.0860527049788493,0.1106519485392108,0.0786159702033784,0.0987573421795095,0.1019638054294874,0.1027876826112603,0.1014832721027131,0.0886627317710211,0.1014956822028457,0.1295288599817239
129,129.0,0.0843231754633404,0.1132436293546556,0.078605759008615,0.0977887646425142,0.1032178762757355,0.1020809142973818,0.1002196000525918,0.0896637832979073,0.1011816829569462,0.1296748146503116
130,130.0,0.0887241304887939,0.111567547439451,0.0777244956179343,0.0998503984419726,0.1026761143586519,0.1024856333656457,0.099260628884315,0.0885888070477728,0.1007420969754096,0.1283801473800527
131,131.0,0.0886376390554758,0.1098524302432142,0.0818845617048317,0.100110332795436,0.1016664345934098,0.102664182548978,0.0999338129820977,0.0868934709609901,0.1001928631565479,0.1281642719590182
132,132.0,0.0870605335576831,0.1066974847281026,0.0822108657025279,0.1003659764633165,0.1007187237247994,0.1027133868029729,0.099554629782581,0.0910168995938377,0.1000324754760241,0.1296290241681541
133,133.0,0.086996613567243,0.1076408725184587,0.0836023580905914,0.0974791121966717,0.1003545904349001,0.1039498168194031,0.0979037127197617,0.0919969688132598,0.1014427221666929,0.1286332326730171
134,134.0,0.0881844662498128,0.1111765365705396,0.0864577389051528,0.0963722528447887,0.0979250782958365,0.1018018200797184,0.0951265534444646,0.0908170339225954,0.1026345948881325,0.1295039247989583
135,135.0,0.0900875629805961,0.1133136617893248,0.0880919637781064,0.0980578412178922,0.0962140272199593,0.1019591385398821,0.0928155103515561,0.0907202331768156,0.1013879699996003,0.1273520909462667
136,136.0,0.091262063086775,0.1169534948762248,0.0880481531613589,0.0982468497361981,0.0967958296537987,0.1002472116771683,0.0910160449555338,0.0907036345184318,0.0994394782062656,0.1272872401282443
137,137.0,0.0931340810451603,0.1145029819029098,0.0868480243927099,0.095578556342163,0.0974198157461258,0.1019733679350545,0.0935102702262951,0.0909415229873853,0.0983490846605771,0.1277422947616186
138,138.0,0.0942555619657444,0.1138702689789697,0.0877485858303757,0.0938069684831699,0.0960603120732042,0.1020198907535804,0.0946116168094215,0.0908121549697017,0.0982408778703367,0.1285737622654954
139,139.0,0.0935837652453756,0.1153969962640927,0.0873207977185591,0.0919866017707009,0.094461443385354,0.1020312173476968,0.0969673900375941,0.0922960677313444,0.0964189727300642,0.1295367477692177
140,140.0,0.0914117215037895,0.1147715082919588,0.0893463557755512,0.0910225217925003,0.0921873763502298,0.1043482785116863,0.0977961830017827,0.0905783327726175,0.0935340751511083,0.1350036468487751
141,141.0,0.0911527878059306,0.1164487576053551,0.0885617368958739,0.0898522099298192,0.0929519047623052,0.1037969320187572,0.0964054780228256,0.0888690383008809,0.0961997708134729,0.1357613838447789
142,142.0,0.0889423851503754,0.1151201814012065,0.0877242183706541,0.089324741297801,0.0929298051484349,0.1078799092211159,0.0956522123766074,0.0901531176434251,0.0969797506765416,0.1352936787138375
143,143.0,0.0916346313671771,0.1150468841932597,0.0892246837719546,0.0927607228155184,0.0912682624100287,0.1067767709854089,0.0955092365691135,0.0875531206762546,0.096405342909746,0.133820344301538
144,144.0,0.0911647403902194,0.1185058684740733,0.087593882606478,0.092642306549831,0.0907609165787685,0.1043596977126407,0.0985299410374907,0.0877165875807146,0.093725772535444,0.1350002865343391
145,145.0,0.089675050710997,0.1194271922420934,0.0870043218942829,0.092666236139205,0.0913145464614443,0.1014618499730541,0.0998956814353438,0.0895285774083445,0.0951476473310517,0.1338788964041826
146,146.0,0.0856861142662156,0.1212849872691776,0.0868354012050408,0.0929987910341506,0.090797313186258,0.1059673817620638,0.0982701098440747,0.089326166760911,0.0929627438315439,0.1358709908405635
147,147.0,0.0883968497232279,0.1206477691763937,0.0862831770216212,0.0927937279851643,0.0901099744630761,0.1053588220821244,0.0969771541002155,0.0872233746830929,0.0942988812606025,0.137910269504481
148,148.0,0.0880795929302941,0.1185855933778498,0.0843663413522978,0.0953676698291065,0.0869374005672779,0.1064728641882315,0.0994743767868181,0.0905024432405349,0.0941045526665738,0.1361091650610151
149,149.0,0.0913766514706141,0.1185038493553666,0.0834011010979937,0.0947847050034564,0.0826529413231258,0.1063579598082939,0.0990276337594972,0.0914313074022319,0.0920995935606044,0.1403642572188153
150,150.0,0.0905978865036283,0.1203354803876853,0.0833728336292747,0.093015550390762,0.0805613601806103,0.1060921152193099,0.0976181268111894,0.0934461118350182,0.0918838277819708,0.1430767072605507
151,151.0,0.0925656424697734,0.1197632091610658,0.082806452144224,0.0910186461869753,0.0803428197572647,0.1079325563216885,0.0957958730918941,0.0942063122123454,0.092861378616118,0.1427071100386501
152,152.0,0.0931736369974876,0.1191833054952784,0.0845840522417137,0.0901793715033162,0.0837741713655536,0.1048355956605168,0.0941030796139183,0.0935687670190286,0.0937052847672343,0.1428927353359519
153,153.0,0.0933358780609143,0.1218510071464357,0.0843644211899132,0.0901918832812752,0.0852700171955938,0.1042598331142323,0.090839627175633,0.0918940188814382,0.0939027523213972,0.1440905616331665
154,154.0,0.0966830580039552,0.1192028448955264,0.0850665922472761,0.0932831947755265,0.0831807686465356,0.1023294147797702,0.0887028968601904,0.092909161492314,0.094979803911344,0.143662264387561
155,155.0,0.0976749797645242,0.1192370884717442,0.0858259399612757,0.0943312213992703,0.083538142217319,0.1016125076191337,0.0904282028480719,0.0933982927139909,0.0947155260788148,0.1392380989258548
156,156.0,0.0967520793036495,0.1198411275236948,0.087527353766027,0.0934688831875744,0.0855651965308319,0.1002051742005061,0.0917527726577652,0.0921275431969281,0.0941409939366517,0.1386188756963706
157,157.0,0.0983528480805461,0.1209334168030073,0.0876221437430435,0.0913874878886241,0.0859003107886153,0.1005162482042905,0.0933149458861812,0.0886011985457108,0.0956843837270745,0.1376870163329061
158,158.0,0.0969733074350736,0.1206137770102005,0.0840761723025754,0.0922426785631183,0.0883303958038945,0.1014058740924979,0.0938157063943892,0.0878525507174021,0.0957426568091441,0.1389468808717038
159,159.0,0.0956031518540443,0.1200270674751894,0.0851000845576443,0.0911261109165587,0.0865882569519998,0.1002135544692563,0.0946256483878807,0.0870966304776704,0.0974000923670179,0.1422194025427376
160,160.0,0.100015103135836,0.1193411671414555,0.0826764706198214,0.0915688092252062,0.0861692565936504,0.1005492120770028,0.094124258367581,0.086188565357727,0.0974564102681921,0.141910747213527
161,161.0,0.0996938801125735,0.1197132468406375,0.0857026415824154,0.0912719134101162,0.0834838204849875,0.1019894469422695,0.0954851311926526,0.085440193002403,0.0947689881957871,0.1424507382361571
162,162.0,0.0962643105790735,0.1215753324911071,0.0861179032740767,0.0925970178466427,0.0860794828951485,0.1016008702714513,0.0932159157159027,0.0894459623388673,0.092511228740946,0.1405919758467836
163,163.0,0.0949541594012387,0.1222453817176603,0.0852787236941981,0.0937728510055654,0.0842497851626391,0.1049032049216625,0.0923480712968115,0.0900700973427735,0.093191932172757,0.1389857932846934
164,164.0,0.0937922116253129,0.1219281527315216,0.085796920480762,0.0933820757135131,0.086280909599496,0.1044568593706607,0.0903081431271425,0.0899029144885382,0.0947768829700289,0.1393749298930236
165,165.0,0.0952771319121832,0.1200798039952083,0.0845666425468656,0.0936031320753115,0.0860755192183267,0.1054733469068143,0.0897295297881412,0.0874667513453126,0.0949149822119124,0.1428131599999235
166,166.0,0.0950749926780193,0.1209477024962273,0.0824167009869965,0.0936829528852206,0.0848221286778911,0.1071721854156763,0.0886571885720126,0.0881741913816468,0.0956662092985469,0.143385747607762
167,167.0,0.0947492869809155,0.1202315515895365,0.0837522456607392,0.0931305938835562,0.08774319031289,0.1067587314251513,0.0905140277657292,0.0851632759011475,0.0972899440370926,0.1406671524432413
168,168.0,0.092382727633803,0.1176157772997464,0.0829424606484533,0.0943757244362745,0.088495915681394,0.1085970815885521,0.0907023377787127,0.0879623899158632,0.0981208148819011,0.1388047701352991
169,169.0,0.0927123189826259,0.1163426331188576,0.0859165318395072,0.0929217241117644,0.0949482828419716,0.1072456007042879,0.0857939089428186,0.0853650160284425,0.0998880202226091,0.1388659632071146
170,170.0,0.0958429073599253,0.1135795400564041,0.0881485920461864,0.0939002189680528,0.0952154590574528,0.1061179338843979,0.0846201651267667,0.083876242027457,0.1000114672375781,0.1386874742357782
171,171.0,0.0948002804234545,0.1140622498405,0.0856901556052508,0.0932513225447151,0.0960974749025077,0.1086676884738838,0.0855153467644989,0.0832594599557185,0.0984405857054714,0.1402154357839988
172,172.0,0.0932827812322597,0.1138108233969925,0.0814177581560446,0.0936021950412385,0.0974891280236282,0.1129015866659046,0.0841487385581479,0.0834887116312901,0.0993939949055121,0.1404642823889811
173,173.0,0.0898932412888313,0.1150477063062692,0.079026569125393,0.0916854624971469,0.0944596043878474,0.1170485302600057,0.0846584237508144,0.083660461297672,0.1024795804467136,0.1420404206393058
174,174.0,0.0888613423560736,0.1166158184936742,0.0797353736676282,0.091235712417424,0.0954005512911151,0.1151483915804595,0.0856726789349891,0.0847369096862848,0.1004854980707429,0.142107723501608
175,175.0,0.0892612044035618,0.1186122384172372,0.0787452098835243,0.0921995027979829,0.0989160198259373,0.1163807047308614,0.0822003784069473,0.0844326715062304,0.1019611971334249,0.137290872894292
176,176.0,0.0924617209944294,0.1180337703625574,0.0777226757322981,0.0925425400957214,0.0977273872013878,0.1167186021876119,0.0815860329299194,0.0847626940082876,0.1009207209205041,0.1375238555672824
177,177.0,0.0898680494267571,0.1196988207239158,0.0797882960147924,0.0940051132643778,0.0958246498683854,0.1153924657013372,0.0803192971851139,0.0829122267839433,0.1059939642957311,0.1361971167356454
178,178.0,0.0891764513721009,0.1210375103681955,0.0827826877654998,0.094062903580448,0.098347716711579,0.1136567966414391,0.0821414516782424,0.0804082667639359,0.1048705392385953,0.1335156758799634
179,179.0,0.0881968099571055,0.1173217911552326,0.0830065773112325,0.0946292964785304,0.0999373121018849,0.1127901325325404,0.084517030212039,0.0789164314030786,0.1042214594699816,0.136463159378374
180,180.0,0.0908256266296761,0.1204613345685174,0.0808005378810934,0.0930382160523561,0.0991091335228385,0.113366951778345,0.0839129617719792,0.0791379190468836,0.1048369638681206,0.1345103548801895
181,181.0,0.0873853254205758,0.1249977121132024,0.0792569927334198,0.0891128063237932,0.1016032452392476,0.1121753868913415,0.0835215289098598,0.081129108895631,0.1060038847178465,0.1348140087550819
182,182.0,0.086664140004772,0.1255937505383895,0.0822063809893085,0.0876263029331983,0.1013554902440713,0.110978574900152,0.0854692689761618,0.0812430591145431,0.1043877833695832,0.1344752489298196
183,183.0,0.0858078315675422,0.1288557117119594,0.0825274480694398,0.0857020943843848,0.0995894130867349,0.1105873955919446,0.0860685952759366,0.0823763960521372,0.1066134821366058,0.131871632123314
184,184.0,0.0846652970724728,0.1297859636446601,0.0826185138767496,0.0883902316132223,0.0983688819472038,0.1107624050214706,0.083292468231979,0.0818947822469425,0.1073947789731509,0.1328266773721477
185,185.0,0.0822158352007347,0.1299215786118236,0.0823136848378093,0.0873244156403475,0.0965350161441516,0.1095301791423806,0.08549536535939,0.0860547215478866,0.1068906230489713,0.1337185804665042
186,186.0,0.0843062209883352,0.1309036445111215,0.0828276969685331,0.0859140148099629,0.0914225909448852,0.1102254338518786,0.0845428060904274,0.0865686570007461,0.1095385065472555,0.1337504282868538
187,187.0,0.0820628561298341,0.1317570162182855,0.0817414438680239,0.082668190685396,0.0922009991939827,0.1079742642802538,0.0847257336963417,0.0891187141348714,0.113730709198246,0.1340200725947643
188,188.0,0.0834611399475957,0.1319083927150512,0.0808098686033414,0.0818889711788947,0.0906908279227035,0.1097157301147262,0.0839161039994647,0.0877896010492698,0.1146192320408114,0.1352001324281406
189,189.0,0.0836576938899171,0.13158059270118,0.0817487250629148,0.0823223134282052,0.0919427262720223,0.1083014524483722,0.0840469454627959,0.0860295121478187,0.1166422853619007,0.1337277532248723
190,190.0,0.0851843713608996,0.1292565641982639,0.083532904159887,0.08235480590927,0.0938865903735586,0.1090258021936503,0.0858132714988566,0.0858787841216626,0.1151334712804802,0.1299334349034704
191,191.0,0.0875699550610366,0.1263457468234144,0.087057181082372,0.0798715343640422,0.0926992151763024,0.1101553518564861,0.0848319802437058,0.0832672846952549,0.1164552830001542,0.1317464676972306
192,192.0,0.0888115316420899,0.1296826979468765,0.0855652654218287,0.0826733319172058,0.0913055601535244,0.1078679033574743,0.0856226744775602,0.0841468810711095,0.1142708505838622,0.1300533034284676
193,193.0,0.0904018638200174,0.1312722323664577,0.0870504697586132,0.0806248146264121,0.091612293344165,0.1086675471592526,0.0871383910748265,0.0820550206050688,0.1132151619456068,0.1279622052995793
194,194.0,0.0880258553600782,0.1290578994304392,0.0851719030957972,0.0792864626062955,0.0923659209448583,0.1098468861380462,0.0864596654275644,0.0856421120090739,0.1159237764622456,0.1282195185256007
195,195.0,0.0914877849596186,0.1245422337117881,0.0876887395398215,0.0796988126779104,0.0864592960837064,0.1104471995636377,0.0844610992602449,0.08517045035208,0.1199493494564888,0.130095034394703
196,196.0,0.0928738477534651,0.1200260121721792,0.0886413836128522,0.0805521568447877,0.0849044078978208,0.1089742525109757,0.0851266912639332,0.0864535291642896,0.1193619168624279,0.1330858019172679
197,197.0,0.0944017166159512,0.1174554276051208,0.0887405497349513,0.0809405522121421,0.0832721052081796,0.1097404719912053,0.0834531333289032,0.0852694116725916,0.1201751168435328,0.1365515147874217
198,198.0,0.0951478098274276,0.1147073995872845,0.0928573246135398,0.0837148004941197,0.0833303154805951,0.1093501348723274,0.0814702917219504,0.0843493161294792,0.1172010471452109,0.1378715601280647
199,199.0,0.0960203352606008,0.1147291005192246,0.093439059137277,0.0826129012733361,0.0823282272769663,0.1091499876707117,0.0802405016769274,0.0872327872322528,0.1165618701950542,0.1376852297576484
200,200.0,0.0999938010159229,0.1132556180950811,0.0956696745409644,0.0839452637344577,0.0820277049773056,0.107406809754073,0.0798783199125659,0.0874955709197727,0.111884258598312,0.1384429784515441
