,Unnamed: 0,Generation,Intertwine_two,Add_vertex,Delete_vertex,Invert_path_vertices,Insert_inside_vertex,Delete_inside_vertex,Replace_inside_vertex,Donate_between_routes,Trim_one_terminal_cb,Grow_one_terminal_cb
0,0.0,0.0,0.1,0.1,0.1,0.1,0.1,0.1,0.1,0.1,0.1,0.1
1,1.0,0.10900000000000001,0.09985785743034081,0.09746899943982716,0.09934010063249374,0.10168731554074996,0.09992520591842066,0.09946594069598655,0.10149822209385088,0.09932393296175322,0.10314016704369246,0.09829225824288457
2,2.0,0.31601,0.10047409847070732,0.09701640414571663,0.0971446757108006,0.10302009956235689,0.09741281787305592,0.0999473278398639,0.10325296265038147,0.09830343415322036,0.10514530391561024,0.09828287567828668
3,3.0,0.6191589000000001,0.10128441120701401,0.09517237084741484,0.095195935949206,0.10434123842992593,0.09718746131208753,0.10222400936499572,0.10269407618696388,0.09757710348806656,0.10658076568504933,0.09774262752927622
4,4.0,1.015801321,0.10308728621985219,0.09176521559300917,0.09513963556168839,0.10559288097112962,0.09754435732855815,0.10469534788451167,0.10381037322768606,0.09564713253801709,0.1065577513303031,0.09616001934524455
5,5.0,1.50262148669,0.10253140243809239,0.08885850586066774,0.09431579250953961,0.10745541592384741,0.09831532478802382,0.10538056187238155,0.10585831313973033,0.09504845070594635,0.10668801174174321,0.0955482210200276
6,6.0,2.0757334209441005,0.10252659431815492,0.08873851200480919,0.09367969294257224,0.10858096157689884,0.09605038530908483,0.10656418400649656,0.1040274788750161,0.09579456916429792,0.10853067307500819,0.0955069487276612
7,7.0,2.7307768275633495,0.10199276658772741,0.08798920559971861,0.0924112482773808,0.10835015513664867,0.0980031315521037,0.1067223552215938,0.10449725085122853,0.09600940600366568,0.10852435049635674,0.095500130273576
8,8.0,3.4630081252450404,0.1024623898643712,0.0861488858995334,0.09163491453893251,0.10988217358320077,0.0965849539119812,0.10771289374360499,0.10550385350252887,0.09509118816888522,0.10947932344037856,0.09549942334658323
9,9.0,4.2673862119061114,0.10227624534289707,0.08398230411062549,0.08953017933327934,0.11077088459393744,0.09718440439344506,0.1077572370431528,0.10440467401627158,0.09710411468381615,0.11127740590632101,0.09571255057625394
10,10.0,5.138652627782014,0.10039417787012857,0.08363730242926401,0.09016557109796192,0.11039761432592617,0.09550437723109492,0.10817974282026048,0.10481173463896801,0.0983136531904433,0.11224177309134856,0.09635405330460392
11,11.0,6.071405875792507,0.09877761430844008,0.08394748830993988,0.08827508667671535,0.11115238244678952,0.09407212775158891,0.107650840764492,0.10484987262282247,0.09847140834470508,0.11407467280560932,0.09872850596889722
12,12.0,7.060169740244025,0.0964487182927756,0.08078642128011217,0.08689070780118693,0.11040761286061672,0.09605908922041416,0.10897304781306097,0.10640410834852485,0.099491605528603,0.11449726552089907,0.10004142333380635
13,13.0,8.099455520847952,0.09707753632456588,0.07888288143153115,0.08481518209963666,0.11051681614486138,0.09569969928470999,0.11051684710655248,0.10756714194912549,0.09940069395607849,0.11349081075406048,0.10203239094887778
14,14.0,9.183818168183006,0.09622026584502355,0.07981849635248439,0.0838102474820121,0.10890678909850228,0.09678983913699415,0.11072415728054656,0.10677560623176,0.09951999299408185,0.11340471041984591,0.10402989515874894
15,15.0,10.307906369102724,0.09335490217483428,0.080278589444902,0.08322776194289541,0.1090620730323249,0.09613481786357275,0.10887041757479433,0.11058859982439018,0.0992691199668144,0.11421662443036437,0.10499709374510709
16,16.0,11.466506686239443,0.09379541140750092,0.0803270528706281,0.08202385044147151,0.10881676249727722,0.09531257662618595,0.11083597125664113,0.11056122542383326,0.09859954494237427,0.11302222759135049,0.10670537694273688
17,17.0,12.654581904800096,0.0925643238088067,0.08229273371370566,0.08115490997814759,0.10828067184721765,0.09674984373531183,0.1097363196604955,0.11139848428376589,0.09805286078396679,0.11250652945620869,0.10726332273237339
18,18.0,13.867303782456686,0.09224421985776705,0.08277003088460216,0.0802795901679452,0.1075257583620377,0.09536832457667603,0.11256199436672637,0.1127084574766197,0.09761689229258338,0.11191423367442599,0.10701049834061607
19,19.0,15.100080434523047,0.09080841031786388,0.08364719046089267,0.07958362425756718,0.10749083190093958,0.09679343102334162,0.11141026051286507,0.11189233197975625,0.09912991939580215,0.11203960178556074,0.10720439836541054
20,20.0,16.348578617037543,0.09040570719220115,0.08766219275077815,0.0796990474450389,0.10610262330383513,0.09711502553846664,0.11055890665630573,0.11084750928259976,0.0981874269979612,0.11130274269481119,0.10811881813800185
21,21.0,17.608741195130214,0.09334849664359084,0.08840676893869423,0.07765123575244086,0.10454509075630014,0.0977535674870735,0.11092554275687534,0.1085300257846902,0.09767837375342141,0.10909424299429879,0.11206665513261437
22,22.0,18.876800103462312,0.09369043056329557,0.09165064000379461,0.07767243134910504,0.10454916516251755,0.09638185181000289,0.10988930510416839,0.10690146164070007,0.09687534148830806,0.1079775550339361,0.1144118178441714
23,23.0,20.14928511992658,0.09361063500733091,0.09413284148412962,0.07384459658746004,0.10334932423132363,0.09563051081798839,0.10918659350256367,0.10737470548826668,0.09746361228864106,0.10917972355654375,0.11622745703575194
24,24.0,21.423028783545156,0.0932098787815699,0.09514810443073461,0.07199562748333548,0.10335796440880607,0.09641348422820593,0.11124184702706776,0.1068254882964212,0.0945982395976935,0.10804525142564386,0.11916411432052139
25,25.0,22.695167792966423,0.09395667341730667,0.09611238844127418,0.07203884551548602,0.10340400544924971,0.09754171619186895,0.11055722682450472,0.10665938753434079,0.09243605270255885,0.105878139645409,0.12141556427800085
26,26.0,23.963141223515898,0.09304495520923325,0.09553553881406868,0.07165029564484358,0.1034952495076714,0.09917899525739032,0.1099256364016775,0.1075285744591774,0.09175361550228922,0.10565122352597245,0.12223591567767589
27,27.0,25.224685898775267,0.09280845762819448,0.0965647566240552,0.07240564381928288,0.10349495204641784,0.09850846683223395,0.11057614437311464,0.10678831761255399,0.08970047201891988,0.10552510665850266,0.12362768238672416
28,28.0,26.477829247520948,0.09175856161906647,0.09541613309206225,0.07000339063405082,0.10396300602504825,0.10015693898497363,0.11021512174866843,0.10506564052467514,0.0897780818519301,0.1068817580489386,0.12676136747058603
29,29.0,27.720879968916847,0.09223941490494005,0.0972036348004473,0.07061269754381037,0.10285419548334745,0.10209750411468979,0.10953302138131592,0.10429114652140281,0.0893655442714985,0.10527180717460959,0.126531033803938
30,30.0,28.95241681848399,0.09052299099969922,0.09913954647001581,0.06864564475072107,0.10144015014933158,0.10141559754113035,0.10883356022455463,0.10347368378596024,0.0882877596744716,0.10705549284647646,0.13118557355763877
31,31.0,30.17127581490958,0.0923120814945434,0.10017865818229515,0.067335184543337,0.10189716518470911,0.10215732825541422,0.109657827566072,0.10136236665021536,0.08910282464850675,0.10519713453044645,0.13079942894446028
32,32.0,31.376536153543515,0.09283761607050153,0.10102443125784896,0.06908736141538724,0.10259463605189705,0.10378597962606481,0.10817941013947302,0.09870765464934456,0.0865323617277597,0.10546685873618396,0.13178369032553894
33,33.0,32.567505096778625,0.09158787617261605,0.10239391169949778,0.06993476245864867,0.10050116239074769,0.10431792972786885,0.10897267929502472,0.09574182114712781,0.08820245051669012,0.10523789449325048,0.13310951209852762
34,34.0,33.74370209472243,0.08611655895524897,0.103826629985756,0.07018148637275218,0.10266626595587824,0.10298675277421374,0.10856730110149418,0.09508036994886196,0.09049863596119442,0.10498197252677172,0.13509402641782836
35,35.0,34.90484237192463,0.08505312732587487,0.10407217470036076,0.07080459630816642,0.10215021926030535,0.10414962938480993,0.11015563308269585,0.09166840200037667,0.09041416207695445,0.10547990902415323,0.1360521468363022
36,36.0,36.05082019768737,0.08153097482167962,0.10563034759171167,0.07243397275775017,0.0993101659947822,0.10456571244312052,0.11070025059831953,0.09372453729875371,0.08953409261800571,0.10710635309240257,0.13546359278347403
37,37.0,37.18169203889697,0.08045584835159902,0.10778393895283282,0.07076738332968789,0.09695990016510356,0.1062736512098883,0.11021055681255647,0.09318718809651763,0.0897233787862955,0.10662599760603819,0.13801215668948033
38,38.0,38.29765977559663,0.07910113730248493,0.10799596767634069,0.07220645919688454,0.09616137951215419,0.10546329795093104,0.11145140617064014,0.0906332749877265,0.08999220086419109,0.10754574853043142,0.13944912780821517
39,39.0,39.399054140870355,0.07878985355474631,0.10737990787717515,0.07029080406825752,0.09559727645038435,0.10583932860802925,0.11341695773770254,0.09037042312161872,0.09101380962189494,0.1075445932731407,0.1397570456870502
40,40.0,40.48631852820801,0.0771724142655273,0.10705707093001811,0.07211759464211405,0.09637596302386121,0.10420848153820166,0.112199446024474,0.09318193718775653,0.0902141200647815,0.10628747123391982,0.14118550108934552
41,41.0,41.55999329152982,0.08088426097399432,0.10632621411461489,0.07024639284172676,0.09645524763958174,0.10343793294007685,0.11310427263749792,0.09320011021415354,0.09142418480316192,0.10349658067140163,0.14142480316379016
42,42.0,42.62070064560415,0.08135326214073368,0.10795136415180852,0.0707490874322619,0.09412573397081166,0.10062952108943173,0.11401938856927422,0.09383548821922309,0.0915819260286942,0.1026461660799874,0.1431080623177734
43,43.0,43.669130257815,0.08251131735804763,0.1074661107407454,0.07267555352989064,0.0918624464362502,0.1012468866550322,0.11379914024281167,0.09317135882386139,0.0923727003392012,0.1023257908662724,0.14256869500788705
44,44.0,44.70602560622662,0.0833432813305458,0.10845208685708713,0.07491058789456444,0.095377403719033,0.09905367248749593,0.11284789349981891,0.09242507099891166,0.09132515258636877,0.10060661636192507,0.14165823426424906
45,45.0,45.73217116373481,0.08540767438998202,0.1092832386080542,0.07545042547363223,0.09600114021866561,0.0979443474083436,0.11127933945496057,0.09118778285694722,0.0929715120356244,0.09776945642977751,0.1427050831240124
46,46.0,46.748380453854836,0.08353026687691119,0.10929306656629194,0.07598625718579245,0.09325991860821602,0.1010349857534457,0.11191881140871454,0.09114172191982135,0.09337154552257407,0.09993665753908915,0.14052676861914337
47,47.0,47.755485010424316,0.08433672208544259,0.1109929193475328,0.0783224220520117,0.09357448074635652,0.09815955293158567,0.11006149373463249,0.09228394875984405,0.09474474445298423,0.09936510928747938,0.13815860660213036
48,48.0,48.7543242612326,0.08570449948631459,0.11147223680821938,0.07836312964530712,0.0947828199467026,0.09433879673677395,0.11105458185063341,0.09256806993550995,0.09395451081920787,0.10004184505663076,0.13771950971470015
49,49.0,49.745736344347726,0.08491413080426427,0.11094691690471092,0.08012603837126736,0.09567643997577016,0.09352200041205413,0.11211715260315437,0.09101336432686127,0.09212717012010392,0.10040859423398152,0.13914819224783187
50,50.0,50.730549855707864,0.08650640906869646,0.11192975594892939,0.07896318056272765,0.09370195000291441,0.09003958409179728,0.11377568726826963,0.09276388343147057,0.0929905150123782,0.10147823027274931,0.13785080434006688
51,51.0,51.70957651737491,0.08578019298332143,0.11196101041547053,0.07849303485490762,0.09481659928285877,0.09110558955264411,0.11499813743501364,0.09193807993147733,0.09243481195104017,0.10180769037616866,0.13666485321709754
52,52.0,52.68360474770151,0.08391557981562899,0.11175310426412824,0.07922618931798464,0.09527505979354287,0.09103043458368212,0.11579293319528644,0.09494762039167674,0.09286611083430808,0.10163596455008475,0.1335570032536769
53,53.0,53.65339410751842,0.08400542299363373,0.11300264255173124,0.07985631774593982,0.09555572515867611,0.09013915195849831,0.11697753306393426,0.09330350191231566,0.09350538770235775,0.10126159843287173,0.13239271848004114
54,54.0,54.61967059027847,0.08490414096333182,0.11242067879694959,0.07945385939471962,0.0964990703858969,0.090662005610546,0.11516943787220173,0.09426572810058971,0.09359017633808125,0.10097009354388921,0.13206480899379391
55,55.0,55.58312271885972,0.08402402614883267,0.1117214686256543,0.07881787578669874,0.0978334839595637,0.0917708814895641,0.1151899431253196,0.09586243678706903,0.09307632168289202,0.10142775498824716,0.13027580740615843
56,56.0,56.544398407394254,0.08439230064864373,0.11263505633714127,0.07472781006933493,0.09841729668730358,0.0930860126159467,0.11666911185896643,0.09560701070133187,0.09393367255227325,0.1006473706067659,0.1298843579222921
57,57.0,57.504102543001395,0.08332060451446202,0.11332498187628996,0.07632232902434022,0.09815195754666477,0.0918802724676136,0.11749770108801139,0.09613468606711344,0.09453450312299423,0.09984315159695298,0.1289898126955572
58,58.0,58.462795239617805,0.08186648945954127,0.11377708211044502,0.07701305876602563,0.09514160150980021,0.09039353181399058,0.1186129713481631,0.09663740813911667,0.09515193597383106,0.09957120631179073,0.13183471456729556
59,59.0,59.42099071417639,0.08402118631826015,0.11164734966370478,0.07376109438385582,0.09400840671796963,0.08972050828248612,0.11688658784377816,0.09662791693431799,0.09772304751497543,0.10238194643975068,0.13322195590090105
60,60.0,60.379156734137354,0.08475042939025816,0.10967525726994018,0.07247711351779994,0.09406482535102412,0.08825906743257993,0.11434246434162579,0.09892176546128509,0.09979635681678663,0.10460512724968173,0.13310759316901827
61,61.0,61.337714584760846,0.08562619007338124,0.10921910543739166,0.07411805934575601,0.09302420258538756,0.08779122381766914,0.11143455121813339,0.10098086575934148,0.09935475799888645,0.10521769817144426,0.13323334559260863
62,62.0,62.29703950447439,0.08727906202888355,0.11136179190450447,0.07227431449167765,0.094661536270039,0.08870631552424359,0.10925507597274903,0.09964454049153645,0.09971128300509582,0.10544485501017253,0.13166122530109772
63,63.0,63.257461537171835,0.08615033785347866,0.11100914903849166,0.0725717285072304,0.09649175669436479,0.08695585863159537,0.1104324180137298,0.09696766245894198,0.10242032023568665,0.10506546878500324,0.13193529978147728
64,64.0,64.21926675122782,0.08447707466118143,0.11301624181552669,0.07569920489644627,0.09515184420251788,0.08789282939302004,0.11097813572198298,0.09774332892419522,0.10065562076664869,0.10469122807748485,0.12969449154099574
65,65.0,65.18269877636592,0.08445836420255555,0.11430025918186523,0.07687719516783863,0.09488325393609094,0.08674259442003561,0.10876424001834674,0.09547153958807886,0.10149812691478086,0.10646224308116702,0.13054218348924035
66,66.0,66.14796061122655,0.08526740068797674,0.1114101022350982,0.07510129110377867,0.09562031569035705,0.0881048221595859,0.1102775794443097,0.09594581036276534,0.10151429525889577,0.10865947938205373,0.12809890367517865
67,67.0,67.11521665648885,0.08516905872857014,0.11000359816294389,0.07703041570416466,0.09794100958546094,0.08873392062375797,0.1090789199535951,0.09615695347970007,0.10036805359711491,0.10820407798790299,0.12731399217678907
68,68.0,68.08459493066005,0.08775399247358402,0.10932950341612316,0.07579528544700055,0.09678831043419638,0.09016594851301667,0.10973433371870653,0.09566061110855514,0.09875412918783125,0.10859424299743538,0.12742364270355067
69,69.0,69.05618942810752,0.08809092936541733,0.10928535144106688,0.07857423490468743,0.09914346749890227,0.09224146009171907,0.10665530313248285,0.0941754575212776,0.09672681702014935,0.10787152956161483,0.12723544946268212
70,70.0,70.03006258152917,0.08590994362494496,0.1088629376844345,0.07822273218382131,0.0977346018206183,0.09507968561722498,0.10692287449073928,0.09443574895975532,0.0996435205482056,0.10611250280934253,0.12707545226091288
71,71.0,71.00624779379335,0.085051797081989,0.1097854487927853,0.07633007096438939,0.10021848079212371,0.09434058074548904,0.10714402372681878,0.09274440839316701,0.09955255729309798,0.10665982997051071,0.1281728022396287
72,72.0,71.98475200689319,0.08791036575206476,0.1086295518205327,0.07843466559528302,0.09839860684330548,0.09275079400514602,0.10723760173671934,0.09205416441826586,0.09791196464400992,0.10598715137293402,0.13068513381173852
73,73.0,72.96555827861411,0.08649362244916699,0.11152701006016841,0.07761305075592112,0.10082503232034004,0.09159571930423907,0.10777432013367885,0.09362775809012648,0.09818348121958587,0.10526943446130926,0.12709057120546358
74,74.0,73.94862834037681,0.08566804545587647,0.109788147899032,0.08207759856253097,0.10006049632505434,0.08802792851076544,0.10406327756014849,0.09298740952041641,0.09868526860611898,0.10787634177556837,0.13076548578448824
75,75.0,74.93390511255946,0.08528128561628587,0.11144961429567643,0.08192174556011228,0.09769320821656273,0.09126903357449648,0.10332762611063213,0.08877934838527383,0.09766204153867775,0.10982237570093122,0.132793721001351
76,76.0,75.92131515639825,0.0855328943687764,0.11046683002166857,0.08293566363580027,0.09649837782263539,0.09230246760546798,0.10531577435654306,0.08889332233993227,0.09549007577653144,0.11060148298362028,0.13196311108902406
77,77.0,76.91077104428919,0.08510344385905756,0.1108166630996206,0.08325109531046218,0.09691730942026516,0.09397363989668295,0.10431792442888797,0.0913027251168646,0.09351762121942692,0.10855326160115263,0.13224631604757914
78,78.0,77.90217363294813,0.08292638019360475,0.11283504697254403,0.08182109199370591,0.09527123755691919,0.09863133318006996,0.1063139338035004,0.0907190299653092,0.09429554439094386,0.10405379156695653,0.13313261037644591
79,79.0,78.89541422641172,0.08138723343542384,0.11429194849042316,0.08242815911260695,0.0942111880461428,0.09986231339663929,0.10528101887612507,0.09047205267518224,0.09552347520815678,0.10358926671990333,0.1329533440393963
80,80.0,79.89037661826481,0.08389996824446841,0.11561596085797723,0.08269108510236318,0.0941041631482807,0.10191122430411204,0.10654372128995182,0.09065996426310931,0.09556296252004953,0.10116627804388366,0.12784467222580384
81,81.0,80.88693900474995,0.08360182745400534,0.11311350028165762,0.08228919373961945,0.09546965078373619,0.10359710023784326,0.1043418819035967,0.09220854152844529,0.09402587338119503,0.10200792580794313,0.12934450488195773
82,82.0,81.88497576253909,0.08323259129152223,0.1132938095597351,0.08183520870134217,0.09665339412123722,0.10343643142404296,0.10398217463633297,0.09152360334958233,0.0965506535441225,0.10315265588419958,0.12633947748788263
83,83.0,82.88435908692391,0.08602961082137003,0.11615200060698094,0.0787322287252178,0.09645322610078669,0.10358780280732346,0.10555496095580225,0.09070026243689518,0.09509328386724261,0.1032602584085829,0.12443636526979783
84,84.0,83.88496048800103,0.0875367042237546,0.11624592377322526,0.07723171243384834,0.09319119743494744,0.10255106201028068,0.10705746627738255,0.09154063480388928,0.09308374915276561,0.10439737865448849,0.12716417123541743
85,85.0,84.88665214409042,0.08727188898697809,0.11569315135169939,0.07884190458412961,0.0901771290878692,0.10357193334868908,0.10887146544527058,0.09408785133302235,0.09133919876930155,0.10515605351946453,0.12498942357357531
86,86.0,85.88930811312994,0.08369373067684091,0.11498670712697036,0.07864664944556987,0.09282379391473042,0.10311544291638351,0.11038959841591861,0.09423265809766562,0.09217194574479574,0.10433652851481878,0.12560294514630588
87,87.0,86.89280540413424,0.0862611256739869,0.1128937032842725,0.07627833859644405,0.09420449338430145,0.1054187275915061,0.10921079804177118,0.09624361611991425,0.0899499123863196,0.10282013052211647,0.12671915439936726
88,88.0,87.89702491199675,0.08451030432843076,0.11553221884308365,0.07680567634367204,0.09513683818232524,0.10512918671327381,0.11037115935585126,0.09800330240864982,0.08668469009058538,0.10134474176569146,0.12648188196843638
89,89.0,88.90185221995306,0.0814904034255644,0.11355688263269885,0.07683211935078148,0.09535041473084213,0.1050888921601943,0.11145626103827978,0.09771919729499852,0.08744239578634427,0.10154243868518499,0.12952099489511107
90,90.0,89.90717827491419,0.08271982230981495,0.11734384982871146,0.07927328213733982,0.09682601357586787,0.1024375475777205,0.11009507154445865,0.09508343762642045,0.08733696439909337,0.10070825451627356,0.12817575648429913
91,91.0,90.91289994163006,0.08044236015047913,0.11466871425034046,0.08034164781615968,0.0952701453310564,0.0998759358893133,0.11035345954712074,0.09733447003404597,0.08971018105577792,0.10270922627035645,0.12929385965534973
92,92.0,91.91892044225806,0.0825314043713356,0.11547115764023788,0.07741750614563901,0.09464074009481754,0.10169902422599021,0.10828541564108435,0.09803297244893433,0.09004512595733304,0.10289112418435555,0.12898552929027227
93,93.0,92.92514968840067,0.08174755947325986,0.11568306601073658,0.07939727663390429,0.0960773160747903,0.10224401178728135,0.10541746339958057,0.09802635314257632,0.08939390402662979,0.10265819369071019,0.12935485576053052
94,94.0,93.93150451304501,0.08010817366247905,0.11129814066387192,0.08013877309141411,0.0972415164433133,0.10393827672983952,0.1064284716615857,0.09825486135533756,0.08821916877043542,0.10384505343216577,0.13052756418955738
95,95.0,94.93790881009448,0.0792510776098175,0.11197723537130397,0.07909710118586342,0.09606569956153468,0.10523732659988339,0.10553135205286146,0.09803093569134487,0.08839051876140906,0.10325813605895993,0.13316061710702148
96,96.0,95.94429358933806,0.07940513280538211,0.11173922639895786,0.07589685607365405,0.09559383918455389,0.10598920079496903,0.1048289841460716,0.10040300542098488,0.08827922719010534,0.10349855394441759,0.13436597404090345
97,97.0,96.9505969547639,0.07793312735019906,0.1169235155628702,0.0762368616106931,0.09548867138153112,0.10658397647745663,0.1025243149944866,0.09947521627583586,0.08867620189052008,0.10292282650779284,0.13323528794861433
98,98.0,97.9567640140995,0.07849347803195834,0.11631536370635072,0.07752830396219705,0.09436562538743899,0.10622636049119315,0.10316754974084305,0.09663709120648256,0.09046548775889174,0.10268708801465297,0.1341136516999913
99,99.0,98.96274672736057,0.07883774684116106,0.11717174879324706,0.0760957639463845,0.09839147110808834,0.10620209423626281,0.10109034972854604,0.09511471486623359,0.09169633761107775,0.10051212043949083,0.13488765242950787
100,100.0,99.96850370202192,0.08006408612919243,0.11581404073269261,0.07573238508782307,0.0988097920745296,0.10677505069300101,0.10394144291937318,0.0909774822261307,0.09180123883840437,0.10111084588716472,0.1349736354116881
101,101.0,100.97399994219691,0.08103590180223891,0.11358620048584152,0.07471159708077676,0.0960937614591148,0.10598971157179231,0.10493313086518384,0.09363061008629224,0.09319505023823858,0.10072568331597717,0.13609835309454366
102,102.0,101.97920655893245,0.07991051055139775,0.11291621765083178,0.07041374009894436,0.098343336308599,0.10103404842230701,0.103530346266362,0.0942686014476512,0.09632085567083158,0.10334686755966578,0.13991547602340934
103,103.0,102.98410044840509,0.07874532724640093,0.11543562423342629,0.06572903233447751,0.1013574841761832,0.10254663530388433,0.10349354431612305,0.09324562906761832,0.0962417355318557,0.10483979200385818,0.1383651957861723
104,104.0,103.98866394444643,0.08212798189327435,0.11921063522344373,0.06589651979215372,0.10058693161091563,0.10326463842940417,0.10275844362546205,0.09193634029050556,0.09370272773728458,0.10305253850954622,0.1374632428880098
105,105.0,104.99288445143917,0.08567854885749293,0.11841160518746206,0.06787545235815179,0.10160607142408297,0.09981743185466728,0.10474761544131522,0.08710502638538485,0.09298881688375002,0.10596293581258542,0.13580649579510723
106,106.0,105.99675406321822,0.08708131734351979,0.11930755710067102,0.06835591795094154,0.10225811308724539,0.09944980435838735,0.1054135242750601,0.08673484773504422,0.09120847738916174,0.10586351888269437,0.13432692187727427
107,107.0,107.0002691731872,0.0880192068641419,0.1202403644522635,0.0691018658534358,0.10152337531881668,0.09838315990378424,0.10626523294250362,0.08738422680560141,0.09025465540675871,0.10431204924403856,0.13451586320865533
108,108.0,108.0034300804274,0.08886205564118299,0.11559688793116688,0.0722250129606192,0.10004695766695637,0.09698716978172253,0.10652913351701909,0.0880674049817474,0.08993859106367563,0.10671563013707366,0.135031156318836
109,109.0,109.00624059613932,0.08897628672177711,0.11601243095848507,0.07351775448895563,0.09908853626669772,0.09639184629205727,0.10759932771217545,0.08684218799741515,0.0889646093873376,0.10678627653263591,0.13582074364246285
110,110.0,110.00870765431864,0.09191711434444705,0.11519430730002117,0.07497880683047392,0.09879041015947322,0.09430159873474958,0.10734138503966915,0.08753865900016831,0.09017897229849195,0.10405204994349947,0.13570669634900592
111,111.0,111.01084093013685,0.09032234066566185,0.11711699693338182,0.07567983556509618,0.09894394582920743,0.09341413353554999,0.1016946806531649,0.08937383260226248,0.09205947449591058,0.1061982874782098,0.13519647224155473
112,112.0,112.01265246907188,0.08626797609204145,0.11771211388051882,0.07898903898586852,0.09834557024259204,0.09320751534883732,0.09772914011436772,0.09402767380292644,0.09338812011959208,0.10599969645298325,0.1343331549602721
113,113.0,113.01415632942268,0.08707136433522783,0.11668567272496734,0.08071732456001818,0.09965360405627037,0.09103091753209801,0.09950912229570644,0.0928923778310769,0.09384310255183728,0.10269771191277703,0.13589880220002037
114,114.0,114.01536824044418,0.08631598104107933,0.11460273706968245,0.07989436166142279,0.10044791782771544,0.09209846833719827,0.10095858548619306,0.09493828645853726,0.09486322162821015,0.10073614830099081,0.13514429218897017
115,115.0,115.01630527795908,0.0881166736989677,0.11015377776721953,0.08244747188480407,0.0982452332054512,0.09025170736136476,0.10168549937031693,0.09754650262892514,0.09676715107832438,0.10015999038532145,0.13462599261930458
116,116.0,116.0169855589429,0.09236149248550299,0.11074349677460049,0.08140456981196686,0.1000859927330765,0.09187762522867676,0.10131822319366544,0.09757544963610214,0.09476243555852905,0.09641460494302417,0.1334561096348553
117,117.0,117.01742795623892,0.09109668897376808,0.1085971495092851,0.0834235298169869,0.10096386135859624,0.09253536756342624,0.099718804034679,0.09464766156827968,0.09849877365740481,0.0965464348244559,0.13397172869311774
118,118.0,118.01765183424293,0.09166161039605825,0.10814136850336041,0.08196120329706343,0.10134330815789878,0.09236976929232192,0.09940658125001464,0.09255577393035061,0.09842823616847186,0.09775537825259159,0.13637677075186816
119,119.0,119.01767680610413,0.09203891723075928,0.10807680813551868,0.0840969133052738,0.09936951475523877,0.09268874091143044,0.10164242113318615,0.0927931310075223,0.09652712587504061,0.09788877507627748,0.13487765256975218
120,120.0,120.01752251271817,0.09337799663843174,0.11099471727087659,0.08381166413205433,0.0953850664252879,0.09446690392640354,0.10374940502160686,0.09403180753576493,0.09450280335044216,0.09765151200469778,0.13202812369443392
121,121.0,121.01720842354362,0.09320684640127211,0.11142946973324308,0.08404333346867067,0.09754309230389124,0.09393506681486885,0.10286047381973706,0.09610783028158434,0.0898026742964871,0.09931957563912865,0.13175163724111666
122,122.0,122.01675365905109,0.09301707690749128,0.1098256594143037,0.08249661745330401,0.09879745143229011,0.09597231400457737,0.1010708755333472,0.09666309087278256,0.08584210206173265,0.10284807852374961,0.13346673379642127
123,123.0,123.0161768344173,0.09321966709420622,0.10990874014091656,0.08034897147246031,0.09843950685963626,0.09910201475178346,0.10087236333947264,0.10032370851814242,0.08676888623044261,0.10160526007699444,0.12941088151594485
124,124.0,124.01549592390272,0.0910592553059814,0.10945757728537864,0.07962751280422774,0.09691009638614069,0.10086874931756004,0.10405788842167729,0.10247754401192131,0.08558456033038227,0.10093384054430957,0.1290229755924208
125,125.0,125.01472814520056,0.08952285746986505,0.10971096766019722,0.07808600451500726,0.09745590041802107,0.10150233489391552,0.10223769947871958,0.10397963462875999,0.08622823507287704,0.10247474119887681,0.12880162466376027
126,126.0,126.01388986291661,0.08925459266417274,0.11011449309361492,0.07774624072808262,0.09879808127788829,0.09946814422752391,0.10483705482766392,0.10314330316059961,0.08554794646222516,0.10367456745031106,0.12741557610791762
127,127.0,127.0129965102319,0.08797806170307308,0.10980624187877515,0.07907476605424406,0.10028790169410458,0.1002298066184483,0.10500931286572698,0.10289132397841654,0.08515460505196197,0.10346185670306537,0.12610612345218386
128,128.0,128.01206252771334,0.08605270497884933,0.11065194853921081,0.07861597020337849,0.09875734217950954,0.10196380542948741,0.10278768261126037,0.1014832721027131,0.08866273177102117,0.10149568220284576,0.12952885998172392
129,129.0,129.0111013181695,0.08432317546334048,0.11324362935465561,0.07860575900861505,0.09778876464251425,0.10321787627573552,0.10208091429738188,0.10021960005259188,0.08966378329790736,0.10118168295694621,0.12967481465031166
130,130.0,130.01012521639834,0.08872413048879392,0.11156754743945105,0.07772449561793433,0.0998503984419726,0.10267611435865193,0.10248563336564574,0.09926062888431503,0.08858880704777287,0.10074209697540965,0.12838014738005277
131,131.0,131.0091454726403,0.08863763905547584,0.1098524302432142,0.08188456170483172,0.10011033279543606,0.10166643459340988,0.10266418254897801,0.09993381298209777,0.08689347096099012,0.10019286315654798,0.12816427195901828
132,132.0,132.0081722485317,0.08706053355768313,0.10669748472810266,0.08221086570252797,0.10036597646331656,0.10071872372479941,0.10271338680297298,0.09955462978258109,0.09101689959383776,0.10003247547602417,0.1296290241681541
133,133.0,133.00721462434865,0.08699661356724303,0.10764087251845879,0.08360235809059142,0.09747911219667174,0.10035459043490012,0.10394981681940314,0.09790371271976174,0.0919969688132598,0.1014427221666929,0.12863323267301718
134,134.0,134.0062806163404,0.08818446624981288,0.11117653657053961,0.08645773890515282,0.0963722528447887,0.0979250782958365,0.10180182007971841,0.09512655344446468,0.09081703392259544,0.10263459488813255,0.1295039247989583
135,135.0,135.00537720296956,0.09008756298059614,0.11331366178932487,0.08809196377810641,0.0980578412178922,0.09621402721995934,0.10195913853988214,0.09281551035155615,0.0907202331768156,0.10138796999960038,0.1273520909462667
136,136.0,136.00451035890612,0.09126206308677509,0.11695349487622489,0.08804815316135899,0.09824684973619814,0.09679582965379875,0.10024721167716837,0.09101604495553388,0.09070363451843182,0.09943947820626561,0.12728724012824436
137,137.0,137.00368509565993,0.09313408104516036,0.11450298190290985,0.08684802439270992,0.09557855634216303,0.09741981574612582,0.10197336793505456,0.09351027022629517,0.09094152298738538,0.09834908466057714,0.12774229476161866
138,138.0,138.0029055077818,0.09425556196574442,0.11387026897896975,0.08774858583037573,0.09380696848316991,0.0960603120732042,0.10201989075358046,0.09461161680942157,0.09081215496970171,0.09824087787033672,0.12857376226549544
139,139.0,139.00217482361367,0.09358376524537564,0.11539699626409275,0.08732079771855916,0.09198660177070093,0.09446144338535409,0.1020312173476968,0.09696739003759418,0.09229606773134444,0.09641897273006422,0.12953674776921772
140,140.0,140.0014954596262,0.09141172150378958,0.1147715082919588,0.08934635577555124,0.09102252179250032,0.0921873763502298,0.10434827851168639,0.09779618300178275,0.09057833277261755,0.09353407515110833,0.13500364684877514
141,141.0,141.00086907744122,0.09115278780593068,0.11644875760535513,0.08856173689587395,0.08985220992981922,0.09295190476230525,0.10379693201875727,0.09640547802282566,0.08886903830088093,0.09619977081347292,0.1357613838447789
142,142.0,142.0002966427003,0.08894238515037549,0.11512018140120658,0.08772421837065411,0.08932474129780109,0.09292980514843496,0.1078799092211159,0.09565221237660745,0.09015311764342514,0.09697975067654166,0.13529367871383752
143,143.0,142.99977848500652,0.09163463136717719,0.1150468841932597,0.08922468377195465,0.09276072281551845,0.09126826241002876,0.10677677098540893,0.09550923656911355,0.08755312067625462,0.096405342909746,0.13382034430153802
144,144.0,143.99931435823203,0.0911647403902194,0.11850586847407339,0.08759388260647803,0.09264230654983106,0.09076091657876853,0.10435969771264077,0.09852994103749073,0.08771658758071467,0.09372577253544409,0.13500028653433915
145,145.0,144.99890350055264,0.08967505071099702,0.11942719224209347,0.08700432189428292,0.09266623613920501,0.09131454646144438,0.10146184997305412,0.09989568143534389,0.08952857740834458,0.09514764733105179,0.13387889640418266
146,146.0,145.9985446936357,0.08568611426621563,0.12128498726917766,0.08683540120504082,0.09299879103415065,0.090797313186258,0.10596738176206383,0.09827010984407472,0.08932616676091104,0.09296274383154397,0.1358709908405635
147,147.0,146.99823632047406,0.08839684972322791,0.12064776917639371,0.08628317702162129,0.09279372798516433,0.09010997446307618,0.10535882208212441,0.0969771541002155,0.08722337468309294,0.09429888126060254,0.13791026950448101
148,148.0,147.99797642142389,0.08807959293029413,0.1185855933778498,0.08436634135229788,0.0953676698291065,0.0869374005672779,0.10647286418823154,0.09947437678681817,0.09050244324053491,0.09410455266657382,0.13610916506101514
149,149.0,148.99776274806447,0.09137665147061415,0.11850384935536663,0.08340110109799376,0.09478470500345645,0.08265294132312588,0.10635795980829395,0.09902763375949726,0.09143130740223197,0.0920995935606044,0.14036425721881535
150,150.0,149.99759281456036,0.09059788650362835,0.12033548038768534,0.08337283362927472,0.09301555039076202,0.08056136018061032,0.10609211521930992,0.09761812681118942,0.09344611183501823,0.0918838277819708,0.14307670726055072
151,151.0,150.99746394626104,0.09256564246977346,0.11976320916106584,0.08280645214422407,0.09101864618697539,0.08034281975726472,0.10793255632168858,0.09579587309189418,0.0942063122123454,0.09286137861611807,0.14270711003865016
152,152.0,151.99737332532905,0.0931736369974876,0.11918330549527846,0.08458405224171374,0.09017937150331627,0.08377417136555367,0.10483559566051688,0.09410307961391833,0.09356876701902861,0.09370528476723439,0.1428927353359519
153,153.0,152.99731803323698,0.0933358780609143,0.12185100714643576,0.08436442118991323,0.09019188328127521,0.08527001719559389,0.10425983311423234,0.09083962717563303,0.09189401888143822,0.09390275232139725,0.14409056163316658
154,154.0,153.99729509002177,0.09668305800395526,0.11920284489552647,0.08506659224727615,0.09328319477552652,0.0831807686465356,0.10232941477977021,0.08870289686019041,0.09290916149231404,0.09497980391134409,0.14366226438756105
155,155.0,154.99730149022784,0.09767497976452422,0.1192370884717442,0.08582593996127572,0.0943312213992703,0.08353814221731908,0.10161250761913375,0.0904282028480719,0.09339829271399094,0.09471552607881482,0.13923809892585487
156,156.0,155.99733423551103,0.09675207930364958,0.11984112752369483,0.08752735376602708,0.09346888318757443,0.08556519653083194,0.10020517420050619,0.09175277265776526,0.09212754319692815,0.09414099393665176,0.13861887569637063
157,157.0,156.99739036391077,0.0983528480805461,0.12093341680300736,0.08762214374304358,0.09138748788862415,0.0859003107886153,0.10051624820429059,0.0933149458861812,0.08860119854571089,0.09568438372707457,0.13768701633290611
158,158.0,157.99746697583146,0.09697330743507367,0.12061377701020053,0.08407617230257543,0.09224267856311835,0.08833039580389454,0.10140587409249799,0.0938157063943892,0.08785255071740211,0.09574265680914416,0.13894688087170387
159,159.0,158.99756125680176,0.09560315185404437,0.12002706747518946,0.08510008455764437,0.09112611091655878,0.08658825695199981,0.10021355446925631,0.09462564838788072,0.08709663047767048,0.09740009236701797,0.1422194025427376
160,160.0,159.997670497107,0.10001510313583603,0.1193411671414555,0.08267647061982149,0.09156880922520623,0.08616925659365046,0.10054921207700289,0.09412425836758107,0.08618856535772706,0.09745641026819211,0.141910747213527
161,161.0,160.99779210841066,0.09969388011257355,0.11971324684063755,0.08570264158241549,0.09127191341011627,0.08348382048498751,0.10198944694226954,0.0954851311926526,0.08544019300240303,0.09476898819578715,0.14245073823615717
162,162.0,161.99792363749984,0.09626431057907356,0.12157533249110719,0.0861179032740767,0.09259701784664273,0.08607948289514851,0.10160087027145139,0.09321591571590278,0.0894459623388673,0.09251122874094604,0.14059197584678365
163,163.0,162.9980627773051,0.09495415940123875,0.1222453817176603,0.0852787236941981,0.09377285100556543,0.08424978516263915,0.10490320492166255,0.09234807129681151,0.09007009734277359,0.09319193217275701,0.13898579328469346
164,164.0,163.9982073753568,0.09379221162531294,0.12192815273152166,0.08579692048076208,0.09338207571351313,0.086280909599496,0.10445685937066077,0.09030814312714251,0.08990291448853822,0.09477688297002893,0.1393749298930236
165,165.0,164.99835543984977,0.09527713191218329,0.12007980399520837,0.08456664254686563,0.09360313207531154,0.08607551921832675,0.1054733469068143,0.08972952978814128,0.08746675134531265,0.09491498221191248,0.14281315999992353
166,166.0,165.99850514349492,0.09507499267801933,0.12094770249622731,0.08241670098699656,0.09368295288522062,0.08482212867789117,0.10717218541567637,0.08865718857201266,0.08817419138164684,0.0956662092985469,0.14338574760776207
167,167.0,166.99865482534062,0.0947492869809155,0.12023155158953655,0.08375224566073927,0.09313059388355625,0.08774319031289003,0.10675873142515138,0.09051402776572928,0.0851632759011475,0.09728994403709268,0.14066715244324138
168,168.0,167.99880299074837,0.09238272763380309,0.1176157772997464,0.08294246064845333,0.0943757244362745,0.08849591568139405,0.10859708158855214,0.09070233777871275,0.08796238991586326,0.09812081488190114,0.13880477013529915
169,169.0,168.99894830970783,0.09271231898262591,0.11634263311885762,0.08591653183950725,0.09292172411176447,0.09494828284197164,0.10724560070428793,0.08579390894281869,0.08536501602844258,0.09988802022260913,0.1388659632071146
170,170.0,169.99908961367427,0.09584290735992532,0.11357954005640411,0.08814859204618647,0.09390021896805288,0.09521545905745289,0.10611793388439798,0.08462016512676672,0.08387624202745708,0.1000114672375781,0.13868747423577826
171,171.0,170.99922589110733,0.09480028042345451,0.11406224984050004,0.08569015560525087,0.09325132254471513,0.09609747490250771,0.10866768847388389,0.08551534676449898,0.0832594599557185,0.0984405857054714,0.1402154357839988
172,172.0,171.99935628188598,0.09328278123225972,0.11381082339699254,0.08141775815604468,0.09360219504123857,0.09748912802362827,0.11290158666590464,0.08414873855814797,0.08348871163129012,0.09939399490551215,0.14046428238898115
173,173.0,172.99948007076793,0.08989324128883136,0.11504770630626929,0.07902656912539305,0.09168546249714693,0.09445960438784745,0.11704853026000571,0.08465842375081443,0.08366046129767207,0.10247958044671365,0.14204042063930583
174,174.0,173.99959668005403,0.08886134235607362,0.11661581849367421,0.07973537366762826,0.09123571241742402,0.09540055129111519,0.1151483915804595,0.08567267893498917,0.08473690968628482,0.10048549807074295,0.14210772350160808
175,175.0,174.99970566161096,0.0892612044035618,0.11861223841723724,0.07874520988352435,0.09219950279798292,0.09891601982593735,0.11638070473086146,0.08220037840694736,0.0844326715062304,0.10196119713342491,0.137290872894292
176,176.0,175.9998066883961,0.09246172099442941,0.1180337703625574,0.07772267573229817,0.0925425400957214,0.09772738720138789,0.1167186021876119,0.08158603292991944,0.08476269400828763,0.10092072092050416,0.13752385556728242
