,Unnamed: 0,Generation,Intertwine_two,Add_vertex,Delete_vertex,Invert_path_vertices,Insert_inside_vertex,Delete_inside_vertex,Replace_inside_vertex,Donate_between_routes,Trim_one_terminal_cb,Grow_one_terminal_cb
0,0.0,0.0,0.09999999999999999,0.09999999999999999,0.09999999999999999,0.09999999999999999,0.09999999999999999,0.09999999999999999,0.09999999999999999,0.09999999999999999,0.09999999999999999,0.09999999999999999
1,1.0,1.0,0.09977434076911924,0.0713593598269817,0.10065932186241912,0.11398219440111317,0.10724984783717818,0.10934759307747896,0.11455130404843195,0.10272017291065381,0.09849311377795113,0.08186275148867221
2,2.0,2.0,0.08817111296520967,0.06625684378072554,0.09611453104126702,0.1108599588134089,0.09832941344711348,0.11916814443765124,0.1146508707248963,0.11327912481250402,0.11231180317200082,0.08085819680522256
3,3.0,3.0,0.09156907939073801,0.06924823862586725,0.11024780713195416,0.10231453323361436,0.10474015940662677,0.11257822259918382,0.11323063493527342,0.09707275214228561,0.1137748135255087,0.08522375900894752
4,4.0,4.0,0.08724824023017498,0.0700871976634286,0.1123698297718988,0.10986381341904253,0.09376980692754046,0.10714911062715127,0.1129153063103521,0.10607866899245584,0.09985181214101356,0.10066621391694143
5,5.0,5.0,0.09253138088350679,0.06971408014106274,0.08752546263818996,0.10337487737626203,0.10483646804691109,0.11415975189079443,0.11252477979773082,0.10532450629736909,0.11390888386137853,0.09609980906679397
6,6.0,6.0,0.09638535177934622,0.08943117572880721,0.08906607651128406,0.10428288209832895,0.11401996406778171,0.09833595466042451,0.10191113570528985,0.09596829184599567,0.1058313255343006,0.10476784206844068
7,7.0,7.0,0.09040220935328744,0.09035418716287826,0.08147471549811798,0.10975306654717755,0.10721454468893125,0.09297483049077764,0.11517107904397049,0.1035035847684282,0.0987162265650967,0.11043555588133402
8,8.0,8.0,0.10000822081758644,0.09094863955160529,0.08484359584450415,0.10209490613292593,0.11397346250627281,0.10023591365501876,0.10164957445534761,0.09791789709712166,0.098115001328258,0.11021278861135886
9,9.0,9.0,0.09207566003192975,0.07732689768441488,0.08775150257962727,0.10014488444109164,0.10799149052829428,0.10311000141153946,0.11469166167029643,0.09334395828716906,0.10817306229785721,0.11539088106777948
10,10.0,10.0,0.08885531577729937,0.08746196629964223,0.07762652957729739,0.1068486042903642,0.1113227453949485,0.1015630775763157,0.09776458674882359,0.11367932357868049,0.10075317555704397,0.11412467519958398
11,11.0,11.0,0.08600826022348373,0.08849600118793746,0.08777284695055124,0.10190680227574325,0.10181076661411455,0.10598178310942748,0.10083399670070507,0.10877236503714126,0.10204351606018859,0.11637366184070679
12,12.0,12.0,0.09127161769447276,0.08896535189877937,0.08952401456170081,0.0973450179527761,0.10488970002594179,0.11301768018386037,0.09231186542076188,0.09461502246728484,0.10855850018992018,0.11950122960450146
13,13.0,13.0,0.08559788862085739,0.09188330695069788,0.08732316541646377,0.10226360992980187,0.09737625101948232,0.10814499795728473,0.10153221770429308,0.095987429233924,0.11020915392767831,0.11968197923951625
14,14.0,14.0,0.10497375727127235,0.10688743364573434,0.07289074335648635,0.09705595266659703,0.10555813910457042,0.10135974887967761,0.09271265357704798,0.09930157590860492,0.0989606938273834,0.12029930176262515
15,15.0,15.0,0.08074344142772272,0.11071185351891523,0.09052873089414239,0.08827081935252346,0.10620578006033063,0.10952775024934853,0.088013479273589,0.09121082605893747,0.09870223539074416,0.13608508377374595
16,16.0,16.0,0.08398429250628235,0.1158990930933885,0.07997595165891579,0.09668012315877665,0.10475154253481096,0.1088106835308383,0.09664433188923702,0.091853370181793,0.10528592315866987,0.11611468828728698
17,17.0,17.0,0.09024393387900924,0.09747421364797529,0.07481453783487428,0.09944293575542718,0.10543001189352351,0.11144194445556234,0.09799967249488419,0.08964546926708686,0.11467914683615629,0.11882813393550042
18,18.0,18.0,0.08094313361573832,0.10416116975247794,0.0946775350334372,0.0839921609115788,0.09527393726958021,0.1234358846061591,0.09063165925168344,0.09274908155617158,0.10024584129818893,0.13388959670498393
19,19.0,19.0,0.0763603986139679,0.09456878130782044,0.08589511957610695,0.09509899424489186,0.09412379068626876,0.11975978284859837,0.09982415218112473,0.10311112749685529,0.10816158234580278,0.12309627069856242
20,20.0,20.0,0.08594908584543613,0.11013952163143079,0.08440855340370157,0.10276079353722416,0.10241195544628767,0.1050413059283978,0.0858807038194881,0.09350910614943261,0.10016459741964305,0.12973437681895758
21,21.0,21.0,0.10061326317638652,0.10168102661269392,0.08690893296541376,0.08950868799571032,0.10152098129071319,0.1145593043714478,0.08551548618350684,0.08961579388663436,0.10367540078065528,0.12640112273683748
22,22.0,22.0,0.08572919340691147,0.1071991020122631,0.0775911291284699,0.1000408285706836,0.1088582389224125,0.1013229765925358,0.08607306320953065,0.1109024413908923,0.10005314446320523,0.12222988230309498
23,23.0,23.0,0.08353457313804946,0.12101271249275794,0.07544012541459914,0.10235921789829949,0.10348634392691573,0.10582275658759967,0.08442213489714549,0.09485104237785125,0.09541264321610922,0.1336584500506721
24,24.0,24.0,0.07988405103235728,0.11545505224961375,0.07209701466345542,0.0955765993425615,0.1047852879952567,0.10301612811224896,0.10906723726541781,0.07643213959468453,0.10604653386401186,0.13763995588039168
25,25.0,25.0,0.08895320957136167,0.11970686235049141,0.08713053156529767,0.08564689378240052,0.10451932984665581,0.10716298187823377,0.08760786981807592,0.08858865205370246,0.1000173078310771,0.13066636130270323
26,26.0,26.0,0.09243283396899961,0.13386998585715912,0.06841628643152108,0.09935851167415102,0.10177173703848788,0.10675758880895793,0.09724574734848175,0.08823199902799747,0.09105386996538647,0.12086143987885718
27,27.0,27.0,0.09285419176904183,0.10260357935954591,0.09097814512513416,0.09525597035975943,0.1063122326478563,0.09267538367276237,0.08340608709451183,0.09252757520635849,0.09811444274677003,0.14527239201825906
28,28.0,28.0,0.08625038945758022,0.10870481997191206,0.07888983901395033,0.08598483602848536,0.10564149361643786,0.09339304408469394,0.0904821167352773,0.09210597360055005,0.1006340996196593,0.15791338787145306
29,29.0,29.0,0.08127288224172909,0.11905991948814429,0.08994968825068454,0.09863615132252086,0.08682425255846453,0.10342217703099069,0.09428582670409566,0.09043891774540057,0.11088495543907105,0.12522522921889828
30,30.0,30.0,0.07658517193696197,0.11396373743380908,0.08657805991887477,0.09987619710549343,0.10341718858545461,0.10483367916649174,0.0882052673137897,0.103151612551326,0.09166217712768017,0.1317269088601181
31,31.0,31.0,0.08772028735357067,0.10520814114883656,0.09446448122578767,0.08594195703941779,0.09792725624049689,0.10078618051786659,0.07675957243296097,0.09753485975326678,0.1012182607679153,0.1524390035198803
32,32.0,32.0,0.08781059569448153,0.12282474913532274,0.08727724867819439,0.0935665736746136,0.09159559330366575,0.10706046067275372,0.0784779041093452,0.09226851457988104,0.10680185350693175,0.13231650664480982
33,33.0,33.0,0.09169404078111923,0.10882750263660249,0.0705760632236002,0.08656219790782993,0.10481156728941435,0.11514937495489899,0.09242866171010138,0.08435148045569352,0.10591492133886184,0.1396841897018775
34,34.0,34.0,0.0804562543982316,0.10667837397637252,0.10342364801437118,0.09581276447560232,0.09581484806294653,0.10956173919451699,0.0776868555178656,0.0798554819740469,0.11083104064634812,0.13987899373969773
35,35.0,35.0,0.10286406684563561,0.10804052946650677,0.0915590515415157,0.07917186834923653,0.08756498016369793,0.10621265037602132,0.09156848914139902,0.0796320517518072,0.11320898649003519,0.1401773258741443
36,36.0,36.0,0.09102356204389302,0.12886968737073354,0.09338263681692231,0.07950574423387723,0.08642981177581437,0.1124559725013476,0.09104153683402808,0.07111021611030778,0.10068250565227298,0.1454983266608027
37,37.0,37.0,0.08397973266087647,0.1218247197539729,0.09624176784330027,0.08534163500081333,0.08577380108238,0.10977622231200249,0.09392520666004874,0.08581245961094008,0.11138217208701869,0.12594228298864663
38,38.0,38.0,0.09824205033728349,0.11614642945878692,0.08908002188016541,0.083855570789946,0.08411900632045113,0.11011928836046334,0.09132166429444379,0.07443855364994538,0.10623631000837921,0.14644110490013482
39,39.0,39.0,0.08338322669932155,0.11584954742489327,0.08731409712306103,0.08874944985818686,0.09640898010978363,0.09059270283727124,0.08897167155961819,0.08739606847184352,0.12239872266405206,0.13893553325196817
40,40.0,40.0,0.08532696903088606,0.12712610026520824,0.08180142127780521,0.08964795961526366,0.10117637232350797,0.10644321694884494,0.08623730097079085,0.08552347745810307,0.09415817001161374,0.14255901209797583
41,41.0,41.0,0.09859406804030461,0.1240089851412336,0.1104665802841309,0.07127248326736019,0.08623357756456487,0.10873545491059326,0.07692668758955722,0.0791714429156836,0.10780091062983473,0.1367898096567365
42,42.0,42.0,0.07573361224021953,0.10985896732352658,0.0990066725248748,0.10049794827952589,0.10193246339477069,0.10352945608114285,0.08130773453821769,0.0950111931662225,0.10699137607480932,0.12613057637668962
43,43.0,43.0,0.09508589108811226,0.12218669329456674,0.09354338119799013,0.08304252600109861,0.10082316729080523,0.10687168232264767,0.08567411391100377,0.08101431128016578,0.09992074098332361,0.1318374926302857
44,44.0,44.0,0.10080095670120995,0.1299157208805516,0.07238183737406519,0.0942363668893356,0.0855680661666323,0.09665421265883846,0.07785651474764924,0.09743724693989689,0.0960184372734378,0.1491306403683825
45,45.0,45.0,0.0897358076999305,0.12021736036000166,0.09374014750090254,0.07502292122558345,0.09324133501580616,0.11079539718981245,0.08090906710740335,0.09443223674318245,0.10126059357478465,0.1406451335825923
46,46.0,46.0,0.09594788496856518,0.11806493338611213,0.10834185088835886,0.08047362260547161,0.09837588375420465,0.10430831017369593,0.07599326171208955,0.0861841801632368,0.10246186934894742,0.1298482029993174
47,47.0,47.0,0.08936540236663242,0.11548647696598509,0.09358577122880209,0.09355312000760307,0.08598337014229737,0.1032541107751801,0.09294232634999726,0.08195205182949127,0.10946221973043554,0.1344151506035754
48,48.0,48.0,0.08480537255601386,0.11780696045473417,0.07469378707858529,0.0875002674722597,0.09615925457300759,0.10382043948873974,0.09179093266467155,0.09025613568749095,0.1036431864038078,0.14952366362068878
49,49.0,49.0,0.08997985806448139,0.12478514211308007,0.08572625267396765,0.07950744689546317,0.09675254939666866,0.10143914150324244,0.08296126181134134,0.09619191580160343,0.10975649609736426,0.1328999356427872
50,50.0,50.0,0.11172856381091154,0.10932324238445387,0.08499998475516958,0.0849419407622584,0.09550072718744136,0.09872825268982377,0.09603157127168664,0.08054049720148937,0.09815574168184023,0.14004947825492467
51,51.0,51.0,0.08114458708653292,0.13039064822033136,0.08424266594895347,0.06392543609367607,0.1059444650240782,0.09863139793504379,0.08148995023445135,0.11438330506205673,0.09537550889886673,0.14447203549600895
52,52.0,52.0,0.08438877217263692,0.1105863276085151,0.09089665820352315,0.06985231746482924,0.09636745669384657,0.11671546994729333,0.093295747335243,0.09650759664778506,0.10579115483765503,0.1355984990886721
53,53.0,53.0,0.09083332809962164,0.12982186451144173,0.10699019475601261,0.07982224352699603,0.08335492864179458,0.09346352658254216,0.07534888904661016,0.09048624769524859,0.10050620691672958,0.1493725702230024
54,54.0,54.0,0.09571797520072653,0.12274613266374937,0.09448113742198459,0.0770678237175239,0.08049293978286184,0.10453380551020641,0.08776840995305422,0.08086191355934066,0.10382572345770372,0.1525041387328483
55,55.0,55.0,0.0840935312577378,0.11637034228179748,0.10733303183298279,0.09298624360448983,0.08720217770582525,0.10227538500781166,0.08329097943227405,0.08963270879700981,0.09488269969290138,0.1419329003871695
56,56.0,56.0,0.08696829109845908,0.1293310917579179,0.0963895382670461,0.07251748939068536,0.09112407311054313,0.11633837181398053,0.0855371864004363,0.08069212780037961,0.10543335238479411,0.13566847797575743
57,57.0,57.0,0.08274019511920765,0.12461681469485315,0.07271567409567174,0.07833108512545013,0.10152083740522463,0.11281188749376156,0.07542286498813354,0.07779680741320069,0.12257694359607463,0.15146689006842182
58,58.0,58.0,0.08410684763683242,0.1225496690661828,0.09573289108912507,0.09150893482066082,0.07850937745976938,0.11151023166231198,0.08716677052501619,0.08655522156473827,0.09776272309656815,0.1445973330787944
59,59.0,59.0,0.09738974056691478,0.12407546392237771,0.07925570210939184,0.08783473169375973,0.08855852875517085,0.1172922615635329,0.06519546844542347,0.08035723348812976,0.11550036333766231,0.14454050611763622
60,60.0,60.0,0.09500388479518833,0.13146536601696704,0.09152341201136431,0.08073434304193139,0.11029262732402693,0.09479288682812145,0.07219338983676672,0.0763830455617948,0.11398525336771027,0.13362579121612828
61,61.0,61.0,0.09300124389711471,0.11560287070007234,0.10384757443013849,0.08053623766645523,0.08790377536207138,0.09791750191307025,0.09353182316572752,0.08531466403143832,0.10647554072261364,0.13586876811129772
62,62.0,62.0,0.11017167618041808,0.13844523143659287,0.08664117699561961,0.06606795146388186,0.07614229193020763,0.09798205927269246,0.08809418105456503,0.0739454035530399,0.10372200505567346,0.15878802305730857
63,63.0,63.0,0.10132873262988933,0.13969240622917023,0.0947119536980492,0.07353549999546023,0.0720754456041172,0.09950095075285081,0.08447678019922865,0.09039898483094001,0.11409358380562222,0.1301856622546717
64,64.0,64.0,0.10960575962345935,0.1148136717680409,0.08865662700512332,0.07998918174311223,0.10289629694578113,0.11054459530676046,0.0673993914011516,0.07665867446123809,0.0993883136370572,0.15004748810827523
65,65.0,65.0,0.09509231213571039,0.1220665093621989,0.08779981965741179,0.09330563362555802,0.09206531096236166,0.09675764804010004,0.07588236336361763,0.09383743504840487,0.10672974093127689,0.13646322687335935
66,66.0,66.0,0.10217499275948462,0.12914598421327497,0.09104091555464976,0.061667000116200174,0.09298518130274445,0.09315531201547726,0.08553342220539047,0.08818930041348934,0.10039142509342477,0.15571646632586367
67,67.0,67.0,0.10621741539091081,0.12820282946124978,0.09956809845687124,0.059636435167645656,0.07707921251694846,0.11491949313167625,0.09051844457884883,0.07299917250483871,0.09393746930969708,0.15692142948131263
68,68.0,68.0,0.09044140882505536,0.14159379537608505,0.10190041871814157,0.06433178768336237,0.08360133059366984,0.10500403484817149,0.07275458931957306,0.08970509259615041,0.11299046686551714,0.13767707517427333
69,69.0,69.0,0.09394356978177654,0.13473083288382245,0.08692458009204793,0.07952748843398752,0.0909670427544539,0.10820080289319166,0.06133048208969921,0.08358819573911051,0.11393815362313163,0.1468488517087782
70,70.0,70.0,0.09399032155763967,0.11598934221152903,0.10302482757169602,0.07716711934946373,0.07490567991497943,0.10020521376257847,0.07994903087673351,0.07162499515381193,0.11783639403681437,0.16530707556475338
71,71.0,71.0,0.10194542626970157,0.1328166787087717,0.100880681563422,0.07462145887425345,0.07722593838016067,0.10473260213412813,0.08400365745401427,0.09024852642763023,0.10008223251170974,0.13344279767620779
72,72.0,72.0,0.07764428841174831,0.12925796461135605,0.10077162029481739,0.07667878433013413,0.08822904962842186,0.12119613279431743,0.07117048376970918,0.08713120748021834,0.1037769802568731,0.14414348842240376
73,73.0,73.0,0.0996530064149924,0.12259825060926215,0.09776204022060797,0.07584217153165232,0.0858363909990384,0.10070182250725357,0.08489245008532373,0.07507600800031362,0.1075509504434121,0.15008690918814316
74,74.0,74.0,0.08994729110017148,0.12391749360177766,0.09336290122232728,0.07620481244779083,0.09593053900576232,0.09848025576892483,0.0817671936375176,0.07997261743953156,0.11302422390688681,0.14739267186930913
75,75.0,75.0,0.09760220926268458,0.11375530910112266,0.11175810796388949,0.06687062409169581,0.08623177598227352,0.08666371321451653,0.08202738661750168,0.07901034349229599,0.11793910852357585,0.15814142175044346
76,76.0,76.0,0.09543165372300003,0.12547596794483024,0.09038930337029284,0.08938273633745372,0.0879984444897034,0.09043906586380661,0.08562792602796739,0.0840620300212308,0.10654236195240044,0.1446505102693141
77,77.0,77.0,0.09295577322084728,0.12740797426087522,0.11199063473932126,0.0760609491284732,0.09211162593599653,0.08818015854666574,0.07380373309703457,0.09756777389977514,0.10044546407113349,0.139475913099877
78,78.0,78.0,0.06698945040055214,0.11861233974906081,0.0917507010766068,0.0749887416590603,0.08221665148729838,0.11052423407909437,0.09800741363989844,0.08333025013856117,0.12393617209229135,0.14964404567757578
79,79.0,79.0,0.08447240814186914,0.14971129845802303,0.10615795510084643,0.0643248504110116,0.0900227927432935,0.11123226110243463,0.07998507153085879,0.06367187426201266,0.1146085031897512,0.13581298505989853
80,80.0,80.0,0.1033836355473208,0.13073577736385752,0.09125625180313326,0.07134955015013338,0.09531398867763383,0.11080484183198215,0.07799674817130813,0.07618797903752697,0.09428111810359192,0.1486901093135115
81,81.0,81.0,0.09491050111269793,0.10763533380538973,0.0970868206843055,0.09840357604317516,0.07952649978712092,0.10982585366412805,0.0885279527907054,0.07595023594835619,0.11150160366993446,0.13663162249418612
82,82.0,82.0,0.09527916961484648,0.12142331123493813,0.0837419669883505,0.07617544135994293,0.08762894690647245,0.10164358109995127,0.06904417131304957,0.08015839737776254,0.10647967933661671,0.1784253347680689
83,83.0,83.0,0.08731884104450964,0.1418370825260804,0.10750530026543266,0.06082000097806719,0.08196794337814164,0.1117281819373401,0.0956744693896411,0.0665686766106083,0.10169496381536645,0.14488454005481205
84,84.0,84.0,0.09952256831326231,0.12332601608654191,0.0931336133368642,0.07315633660481076,0.08863730471136534,0.08692345084346254,0.0999559732348034,0.06179508249502081,0.11001149241387058,0.16353816195999774
85,85.0,85.0,0.0857601371891591,0.13911740361847927,0.09285833839466757,0.08423929747813007,0.08857947604682119,0.1188526333778127,0.07021849870675625,0.07880426727928681,0.09589229778569153,0.14567765012319508
86,86.0,86.0,0.10222132405213129,0.11549295324727704,0.10696439972854772,0.07644800240501268,0.08032611957599076,0.10525377498920153,0.07644464241910222,0.08637122268129778,0.1037441880598132,0.14673337284162533
87,87.0,87.0,0.10008469256812999,0.11233995725489561,0.10309714382925561,0.0783886058136377,0.0875318251684434,0.10192453938535086,0.09434723347272293,0.07831438330532271,0.09940959641302641,0.14456202278921435
88,88.0,88.0,0.1002425764418421,0.13144469118919927,0.10111717470585334,0.05997024082876294,0.07661183741384346,0.10843929974428372,0.10166402452366592,0.06795076201331958,0.09835825364944631,0.1542011394897829
89,89.0,89.0,0.08242311967445938,0.13395972137606793,0.1176291908825969,0.07145644351407754,0.08538248067034311,0.095006465900665,0.06917984359345779,0.09396239491533105,0.10448153497844988,0.14651880449455096
90,90.0,90.0,0.09315603615296061,0.1287948701037491,0.08961417014995775,0.06920378270147855,0.09986806359845571,0.1038380569579885,0.08219802934572906,0.09246957560670374,0.1038743055950564,0.1369831097879201
91,91.0,91.0,0.07957944071843244,0.136632633011828,0.0992027379076293,0.08041309054378673,0.09012826449833346,0.11019148905624633,0.06721226528531545,0.08459728836866971,0.09517107867740907,0.15687171193234903
92,92.0,92.0,0.09325673678620665,0.13460549759939675,0.0816631130885572,0.08155244964187687,0.08423326152243017,0.10749241167399781,0.0767992012021338,0.07440969883052768,0.11138645030549486,0.15460117934937773
93,93.0,93.0,0.09305824361152785,0.14667173916172763,0.09051769562877988,0.05924825774186894,0.0884766049896428,0.08539124884978003,0.08049901774031655,0.07972084475521811,0.10641613621847201,0.1700002113026657
94,94.0,94.0,0.09132525583246236,0.11146532578769643,0.09980803269782654,0.09377330362907874,0.08879535726472747,0.10796974312066607,0.06579836895306042,0.09189026993460717,0.10902555740979983,0.14014878537007452
95,95.0,95.0,0.10557982727264607,0.1151587540423243,0.09140421763856169,0.0735206572653569,0.08904170781859437,0.10359694513976543,0.08891570828850552,0.09360456635949073,0.10384879024127039,0.1353288259334841
96,96.0,96.0,0.07291411664323474,0.12720834951530358,0.10188647863732611,0.06859172831323261,0.11399061962417625,0.10382988276396013,0.08161716322440886,0.08640177401567213,0.1140441710767647,0.1295157161859203
97,97.0,97.0,0.11026280922454935,0.14542391106947167,0.1076795389542893,0.0685476431760623,0.08944829878182683,0.09064012941373434,0.05473917461389355,0.07252397779376876,0.09159630690162913,0.16913821007077434
98,98.0,98.0,0.08904205496764658,0.13939972064202064,0.11223605344784458,0.07127971703373451,0.07817983496284961,0.11227858723639217,0.08016387148038993,0.06850269046929325,0.10078560447322707,0.1481318652866012
99,99.0,99.0,0.10780661887251451,0.14097107638352355,0.10484784691892257,0.07554650977300222,0.0971235758743578,0.09033894486877758,0.0675769662501158,0.07990407736608605,0.0938636194809022,0.14202076421179735
100,100.0,100.0,0.09179864372086109,0.14291814796605082,0.1047444217907845,0.08536582642544713,0.08413752055872595,0.11038901225649744,0.053497209354513034,0.07736470163595448,0.10197679662009955,0.14780771967106549
101,101.0,101.0,0.08922342260814116,0.12708209248994173,0.08681369441250766,0.08028791243259457,0.09953208051108832,0.09188094195906024,0.07724718832591528,0.09618764651486071,0.09804242845038948,0.1537025922955004
102,102.0,102.0,0.11102923978011928,0.12597920599053797,0.09466254896604757,0.06429221622806977,0.09412019184137459,0.09544377986951744,0.07039553897395796,0.08311847250923392,0.10790044318400413,0.15305836265713693
103,103.0,103.0,0.11006138666859681,0.11554399652584466,0.09296058564849999,0.08531349823844174,0.0911893673988776,0.11544273796325769,0.07480387789330707,0.0769194737308183,0.09863170496304316,0.13913337096931255
104,104.0,104.0,0.08279928341438389,0.13750066772446126,0.10851285761651519,0.07933742025447876,0.08273767291640623,0.0911033797077966,0.06621394695555462,0.08531547871872104,0.10908832668492477,0.1573909660067572
105,105.0,105.0,0.09582229148204209,0.1393971604398811,0.1021214972553168,0.06932957270676886,0.09279617067677218,0.0947113686358683,0.07485234063203387,0.07885783206314305,0.09702582018631208,0.15508594592186112
106,106.0,106.0,0.10693543391156811,0.13924467110616703,0.10029267653282635,0.07161419468133855,0.08058365815621134,0.10714980540641103,0.0663543189842511,0.06842597215499262,0.10360751991682816,0.15579174914940527
107,107.0,107.0,0.1110854997925089,0.13558604583144263,0.0953435808082761,0.058164940907755924,0.09215497666995745,0.10625772617525442,0.07005902044615728,0.05685656212417484,0.11459913871513072,0.1598925085293413
108,108.0,108.0,0.10677310130743443,0.14386915458289073,0.09393000921918779,0.08069727127812101,0.0717955671358357,0.0880639809107646,0.08180108565789766,0.07570241787972909,0.09440623685485941,0.1629611751732791
109,109.0,109.0,0.115957831061909,0.11879600151903717,0.10040735137850486,0.08161006948599432,0.08921020209705621,0.10338095228792697,0.08081590099662986,0.06553951099046022,0.09917616469497484,0.14510601548750618
110,110.0,110.0,0.10368887069266515,0.14141481359375738,0.09415465947897497,0.08504042495429334,0.06783690305970118,0.1016270685668761,0.0772218333712936,0.06759907656494309,0.10563709122415053,0.1557792584933442
111,111.0,111.0,0.09892850848914832,0.1414579361440402,0.09293185849682062,0.06733591700776731,0.09270235823864936,0.1037236816158293,0.07246813076468213,0.06954590091678553,0.11482725847272127,0.1460784498535556
112,112.0,112.0,0.0821611766913315,0.13822253454080397,0.10031082013422762,0.07100385905819627,0.09275562965856812,0.09594156316816058,0.08218441930005005,0.07730496052414845,0.10594786589677348,0.15416717102773952
113,113.0,113.0,0.08411787000285742,0.1191158515536529,0.11363800204995998,0.07980661890630782,0.07155035398667073,0.09793152536526419,0.05091331574350918,0.09738749071227816,0.1287247406362097,0.15681423104328943
114,114.0,114.0,0.10053843646645422,0.1373647340299237,0.09556751061918416,0.0777210008239774,0.07386662127438846,0.10213291605403631,0.07150996293583622,0.08812227026121554,0.11820559779070876,0.13497094974427473
115,115.0,115.0,0.10296592978208516,0.11815137879363195,0.09896775629358245,0.07011597606081744,0.0880670085238139,0.12630290350811074,0.07220029443006501,0.07323745864788668,0.10351852893722437,0.14647276502278186
116,116.0,116.0,0.10007950563060604,0.12863082799001777,0.1022653881244168,0.055180892794651513,0.09525316241160343,0.10035077763855627,0.06913805959406068,0.07206139887099046,0.10823438629353467,0.16880560065156183
117,117.0,117.0,0.1139540767633715,0.12955317325751556,0.08003768626594378,0.0717051203814146,0.07398797067521092,0.1033094770347007,0.07335529133465123,0.08719892591574205,0.10378699504136828,0.16311128333008096
118,118.0,118.0,0.09067677889440981,0.12365978251271302,0.10304953820144881,0.07380201341208648,0.08933899878600217,0.11072703081067059,0.07404838100965185,0.059456159255778365,0.11508754106270924,0.16015377605452916
119,119.0,119.0,0.09292902132930943,0.13575350395510588,0.10184750562307858,0.06009708653748379,0.08195064293800014,0.10803519425384164,0.08366915054561845,0.07109148305737785,0.11405195771601409,0.15057445404416966
120,120.0,120.0,0.09151205748122274,0.12182819623735959,0.0868791877749008,0.09029250556923393,0.09812347629445214,0.10242120102094085,0.07035651157735842,0.07781226655629006,0.1010811879514727,0.15969340953676842
121,121.0,121.0,0.09370835696806513,0.13615844372040667,0.08436022971936684,0.0738709351281371,0.08424010560788145,0.08906451536672935,0.07618562531647503,0.08167582422677055,0.1330244231633071,0.14771154078286028
122,122.0,122.0,0.08737161808022084,0.13096816152979185,0.1012760047902368,0.07354818337470251,0.10418617435700968,0.09442447791901344,0.07466629600915176,0.09125571732225993,0.091071163989988,0.1512322026276248
123,123.0,123.0,0.09422209121725492,0.13345053482849248,0.09777396028114729,0.06452270552214069,0.09673827214365974,0.09348255881257608,0.08180046440835172,0.06731124307595611,0.12075025636088976,0.1499479133495308
124,124.0,124.0,0.1033403874926915,0.145969499964798,0.09145949204765018,0.07117228772400257,0.0775844948298497,0.0970726438012939,0.07424533857735792,0.08053465671110124,0.10632377838039866,0.15229742047085587
125,125.0,125.0,0.09819336772833062,0.12534435495287663,0.09582975152348495,0.06280853116836087,0.09974568754492194,0.10445156611418793,0.07673795989618752,0.08158591516164947,0.09683084309684471,0.15847202281315487
126,126.0,126.0,0.10079944575243337,0.15013831534612637,0.10500077126071052,0.07566201173773295,0.07092517114135413,0.11268447840149608,0.06181912320395688,0.07777138983827221,0.1093788985427511,0.13582039477516591
127,127.0,127.0,0.0771751623293276,0.12983140656038564,0.11604194013341694,0.07466840321475285,0.07767155041269204,0.09938339332594255,0.0801641190779437,0.0803540283175835,0.10857768321256248,0.15613231341539227
128,128.0,128.0,0.10757467798297717,0.13148241584530002,0.09440734841959589,0.07345964923678792,0.06296623384990438,0.12163130577258599,0.08311015371978489,0.07540792386107006,0.0967898495326298,0.15317044177936348
129,129.0,129.0,0.11251639866444266,0.11549688254559962,0.0939351602263105,0.06329972673545183,0.08291947331245823,0.11303461055107343,0.07986990282527315,0.08429300390490033,0.09232175216215299,0.16231308907233674
130,130.0,130.0,0.09402618523625235,0.15172548283382853,0.11002734470492462,0.10013894698769481,0.05472981151891392,0.10440922825901156,0.07072118854223498,0.0822759197650744,0.09287456507439731,0.13907132707766715
131,131.0,131.0,0.11000779456168172,0.12704946166147876,0.10336032069643916,0.07004159575033667,0.07356333395714217,0.10568638610662613,0.0934478561170367,0.07254450358234972,0.09457832360497707,0.14972042396193144
132,132.0,132.0,0.10290067639809218,0.13893783757002323,0.09826124024155339,0.051174131579824214,0.07941242082349916,0.07566838984722048,0.08825674817199115,0.0823757014144975,0.11900100764998775,0.1640118463033105
133,133.0,133.0,0.08906312424352548,0.12988597990157272,0.09521924913433297,0.07868489496047629,0.08171826260949641,0.10953698080148415,0.09623601749122712,0.08397059289476913,0.10373400208168904,0.13195089588142625
134,134.0,134.0,0.10490573369602028,0.11903173571837496,0.10566189163018691,0.0789315777858147,0.08020297920401365,0.11226684419883183,0.08978896472958772,0.06848160663903717,0.08612656599263244,0.15460210040549988
135,135.0,135.0,0.0809720248321626,0.15334807680685675,0.09387073458909188,0.07526321953964786,0.06665893756182739,0.10818256912354955,0.06381040598962708,0.074485528642797,0.13430828430292419,0.1491002186115152
136,136.0,136.0,0.0867223860236319,0.1330004472615553,0.11178696336310497,0.0724209635779782,0.07651578120066438,0.10363437697703246,0.06459062844763455,0.077186928388429,0.1100569803725963,0.16408454438737255
137,137.0,137.0,0.10312850633661579,0.12444808938822909,0.11667660984922057,0.06189041751110421,0.0812352366022133,0.10015728655752408,0.06009552730066709,0.06432712279123613,0.12086474872605453,0.16717645493713468
138,138.0,138.0,0.0927184412893358,0.137247706266055,0.08775607224643492,0.056361975205334605,0.09079392819936391,0.11465268172171358,0.0861549832861062,0.04467481449079499,0.1256465488965925,0.163992848398268
139,139.0,139.0,0.09438723190289863,0.1349324139479198,0.10125612331200899,0.07496259680981075,0.08579160291772067,0.1085994391508156,0.08163929162991133,0.06441651179510897,0.10991524773485055,0.1440995407989543
140,140.0,140.0,0.11823187611593765,0.13506737298468713,0.08663508267511813,0.06043488142838137,0.07671407623873804,0.0959092627740744,0.06601931896513633,0.07818620338997433,0.1164378753916854,0.1663640500362668
141,141.0,141.0,0.10930981309717905,0.1386799625074925,0.09754248593818238,0.07276336352221359,0.07640071331423111,0.10001115487130122,0.05798778200487522,0.07230240188711574,0.12297266695593514,0.15202965590147363
142,142.0,142.0,0.1054767936426927,0.1335110436230456,0.10819788244255144,0.06417153740968623,0.07380186182213178,0.09424521843430962,0.08104253409499962,0.07008552848087908,0.11315168683324602,0.15631591321645752
143,143.0,143.0,0.10980057827936936,0.14278582864000192,0.0997531517789104,0.08027008253280088,0.07678301016763288,0.10422325815019999,0.08115938596374135,0.06509476765722505,0.1023841702802278,0.13774576654989007
144,144.0,144.0,0.09445372967326401,0.14472675124179082,0.11325522181968714,0.06860235099157745,0.07803176099118232,0.10579947532906404,0.06830630827847238,0.0744165555464851,0.10432321750964212,0.1480846286188342
145,145.0,145.0,0.10564197253615935,0.12882027347552225,0.09678811093678463,0.07983570517039863,0.06942435595877167,0.09884807399226689,0.06298353746261194,0.06659941577990271,0.1323632232694922,0.15869533141808922
146,146.0,146.0,0.10664990479590607,0.15540367363136706,0.1077104369530432,0.073889426852653,0.08905500216446267,0.082349490097495,0.08614069816026335,0.05018534546911957,0.11556363732527461,0.13305238455041504
147,147.0,147.0,0.10012718910277611,0.1420847115521526,0.10144029905904386,0.07062537798918406,0.0844400155852252,0.0825670861189781,0.07123820311753934,0.0640559644516737,0.13351484131705932,0.14990631170636726
148,148.0,148.0,0.10207456288066107,0.1376271233438445,0.10884140726609728,0.07926174477685662,0.06720732847982554,0.10032434882970398,0.08890212084533086,0.05819497345784769,0.10703993395437723,0.15052645616545482
149,149.0,149.0,0.09377054447907841,0.14748517153199545,0.10458774715706458,0.07408432540486178,0.07087428398670428,0.09271399672491329,0.06900539566761722,0.07680150719953828,0.12008959710130655,0.15058743074691971
150,150.0,150.0,0.10389532594549199,0.13898304195989394,0.0983536336285533,0.04672564028895417,0.08671204444203953,0.08692843512193056,0.06967151198920384,0.0855154993266286,0.10946082001946955,0.1737540472778341
151,151.0,151.0,0.10275484224651825,0.12634758855306663,0.098697248211768,0.05381344636181432,0.08563500062058704,0.08969188862548759,0.07979009644200057,0.07136637555412398,0.14074757931817047,0.15115593406646274
152,152.0,152.0,0.09539093513316856,0.14360198739584698,0.10220650743407636,0.08438026172488229,0.0848139941609585,0.09600210025487958,0.06833650787743961,0.07046388875092369,0.09920812702845856,0.15559569023936543
153,153.0,153.0,0.08766484252540063,0.13306668506742353,0.11491494952289145,0.07355938881551671,0.08618364096130572,0.1032296472517025,0.06000796665881095,0.07439146866981586,0.0939881329716863,0.1729932775554459
154,154.0,154.0,0.0838222055456704,0.13658139221503413,0.11035879013262437,0.06684153966109863,0.09733606170863271,0.10967423672686023,0.04470465299253536,0.08620637082258639,0.11339321873630334,0.15108153145865408
155,155.0,155.0,0.1000320208658636,0.13970090917750602,0.0887540167816026,0.06861969988717505,0.08365633197622109,0.10353459977321555,0.057452802095613244,0.08918027932463415,0.11865265230091504,0.15041668781725326
156,156.0,156.0,0.10100649647191802,0.12647960079575118,0.10238867219550742,0.0724339374005424,0.07500792897012609,0.0899250011870852,0.06518004270172904,0.08928951755339813,0.12033038807335353,0.15795841465058852
157,157.0,157.0,0.0973201208370628,0.13941565394885685,0.11129394236471327,0.05930274083245536,0.08133771880240323,0.1085399378974897,0.08170206188071205,0.0762657958617955,0.1017740120962063,0.14304801547830454
158,158.0,158.0,0.07849154042634542,0.1563933185001207,0.09505183178377614,0.06765529462728355,0.0754391958745039,0.11668031178878438,0.08311397954921396,0.07782837223166415,0.1162428253551705,0.13310332986313683
159,159.0,159.0,0.10748358512423027,0.14846399105658428,0.10512199922979869,0.07128776829014254,0.08925632381147873,0.11180222480353856,0.06658795563276472,0.05384170608656495,0.1043578549417719,0.14179659102312486
160,160.0,160.0,0.12263871707168929,0.12699755008201416,0.09630530776105695,0.06456247402755011,0.1010147604789884,0.08886937055508605,0.06912091244043034,0.0652670322676614,0.11766429265714516,0.14755958265837762
161,161.0,161.0,0.11331601370106258,0.13814920067953423,0.09796428600085182,0.05990502611629726,0.08093361250139176,0.10692186485655239,0.07872626209025736,0.08007921318269119,0.10752557473781248,0.1364789461335485
162,162.0,162.0,0.09891429607096235,0.1135657255981524,0.09193766595567884,0.07598085094978436,0.08675966155967471,0.11428957841639462,0.0894832146465401,0.06478981487737914,0.11466263332129698,0.14961655860413603
163,163.0,163.0,0.09653082703878688,0.13170952953462572,0.1321597342855743,0.05369726389566495,0.07892908400375168,0.09802226298274855,0.072211751725301,0.06753995405248932,0.09544230330093176,0.17375728918012542
164,164.0,164.0,0.1146424607089921,0.13963569054321004,0.10126146945879452,0.05308589475933261,0.0949427183951999,0.11173725765715105,0.06883417010020412,0.050271445581125854,0.11625495600971548,0.14933393678627385
165,165.0,165.0,0.11198145996033317,0.12316565368081826,0.09552927887860917,0.06666938693595294,0.0804064656551747,0.1129212520730426,0.08489608587704563,0.07174713619527602,0.10428285840919958,0.1484004223345475
166,166.0,166.0,0.10473545005708333,0.1224356233754886,0.08648351874632458,0.0764707470421604,0.08781976040250773,0.11335849254346231,0.06969070651721784,0.0644952774244232,0.11395448350979485,0.16055594038153662
167,167.0,167.0,0.08844968371866414,0.1459933445730983,0.0995464819915052,0.07569916665568603,0.09399179702101487,0.12486302645367163,0.05278197135587996,0.0661238516392281,0.09354229052434626,0.1590083860669051
168,168.0,168.0,0.11105351993175432,0.1232675160363036,0.11978168585994818,0.07358410112978218,0.07748295153632008,0.10590096796342625,0.07012102052967795,0.05184984509037232,0.11546979085992312,0.15148860106249157
169,169.0,169.0,0.09864928287098322,0.137675813020832,0.08657974316172634,0.07251910256035551,0.08431103312395702,0.09873781374369214,0.07231094022248749,0.08853128093289687,0.10333795483337813,0.1573470355296907
170,170.0,170.0,0.103419595549554,0.13672255467818265,0.08968466407500188,0.0607387522567004,0.07395627036099198,0.11844260576300217,0.07023112126857094,0.09112842091679023,0.09404193172121035,0.16163408340999488
171,171.0,171.0,0.08606064199387689,0.12680755261255228,0.09386038958494179,0.07736029948694002,0.09474387987895318,0.11334628782546463,0.05726449029664053,0.06702798786405176,0.13305210670442214,0.15047636375215628
172,172.0,172.0,0.1224631963563638,0.14201804542047428,0.10640377083880867,0.04977164503233281,0.07407586479356972,0.09638830902721919,0.06595140627882613,0.06026425452310656,0.1185812908186085,0.16408221691068992
173,173.0,173.0,0.0851482099440499,0.12122385771535767,0.12098415733394226,0.07259321272857036,0.08721190451131378,0.0871741945545524,0.07890079902033523,0.06897998311994408,0.11740927056844697,0.16037441050348702
174,174.0,174.0,0.09748697121517091,0.13322013877908503,0.11274764979849725,0.06637797951228044,0.0805649343164269,0.08399999331331495,0.06777912966315469,0.08843902845681725,0.10135456352505805,0.16802961142019404
175,175.0,175.0,0.07959429478052063,0.12857214497375805,0.11230188185028235,0.0590821081669027,0.08168587902384108,0.09571147600667747,0.07038655192471131,0.09128450964187763,0.11370941343190717,0.1676717401995211
176,176.0,176.0,0.11734628646782842,0.12535010506580832,0.1236936276089544,0.060756869349007606,0.08742923421365519,0.10274251667509124,0.07527526988122739,0.057786924713129004,0.10535455013385045,0.1442646158914475
177,177.0,177.0,0.10200480552483604,0.14470865159033477,0.10810814411982773,0.06534178811702163,0.0651991548577762,0.10643776726027261,0.0844907136430021,0.08148360716841363,0.10380270057805666,0.13842266714045828
178,178.0,178.0,0.08449556508885252,0.15237760283586194,0.0991377126878673,0.06802079556135497,0.0845480372440047,0.10735962311865963,0.07304762645941486,0.07119856742906175,0.11269250296360024,0.1471219666113217
179,179.0,179.0,0.09949563618469523,0.14430289070279087,0.10760132692486833,0.07923302524944845,0.0747811217741681,0.0997149267895114,0.08047180301905225,0.05490719197307621,0.10317802069962616,0.15631405668276255
180,180.0,180.0,0.10806909624765428,0.11918471067753215,0.12224848212564053,0.07420982017491999,0.08128118999503635,0.10307582276357631,0.05718164852560287,0.0801192869566089,0.11363022967180467,0.14099971286162352
181,181.0,181.0,0.09251644880427469,0.13126260437886428,0.10661481762463502,0.07274240254478774,0.07470905712803332,0.11619144628880075,0.06416428656920183,0.06586431022270081,0.1214766902753013,0.15445793616339973
182,182.0,182.0,0.0867400999106194,0.13311595293570663,0.09819520532900257,0.06139788855498162,0.08178090457225616,0.1077105811009612,0.08225005456031971,0.08872867426073752,0.11406347672876335,0.14601716204665147
183,183.0,183.0,0.1051987292993851,0.13634858670053654,0.10778323389133815,0.0630372086069743,0.07588347606639302,0.1127035717460311,0.07900173790669272,0.0696209432332958,0.09036909229257355,0.1600534202567792
184,184.0,184.0,0.08437765354674402,0.13981549047980382,0.10121643799856296,0.058807764889215276,0.08694789073582161,0.11437193406419698,0.05716127769788964,0.06877480868221861,0.13177262224198646,0.15675411966356018
185,185.0,185.0,0.08117428561307152,0.13066593499266496,0.09668048468270758,0.06676737753930466,0.11025787843255956,0.10611916329016657,0.08083990664807537,0.08834128889728828,0.082132461814123,0.1570212180900381
186,186.0,186.0,0.09847587491898281,0.1320062630949366,0.10825431276748657,0.08517619752140533,0.088355680606052,0.10315712613562818,0.07922153671065826,0.07582344108616824,0.0902179839046747,0.13931158325400692
