Generations,Unnamed: 0.1,Intertwine_two,Add_vertex,Delete_vertex,Invert_path_vertices,Insert_inside_vertex,Delete_inside_vertex,Replace_inside_vertex,Donate_between_routes,Trim_one_terminal_cb,Grow_one_terminal_cb
0,0.0,0.0999999999999999,0.0999999999999999,0.0999999999999999,0.0999999999999999,0.0999999999999999,0.0999999999999999,0.0999999999999999,0.0999999999999999,0.0999999999999999,0.0999999999999999
1,1.0,0.099975403143834,0.096878170221141,0.1000718660830036,0.1015240591897213,0.1007902334142524,0.1010188876454452,0.101586092141279,0.1002964988472612,0.0998357494017966,0.0980230399122652
2,2.0,0.0987909325691465,0.0933030837116007,0.0996879410333859,0.102708070253814,0.1006739961923023,0.1030012287166834,0.1031531838551482,0.1016434797406153,0.1010563664465802,0.0959817174807231
3,3.0,0.0979585074984412,0.0901141829382198,0.1007200019978774,0.1030006565391139,0.1011870114610467,0.1042880126541608,0.1045365196873656,0.101351481728331,0.1024137771894903,0.0944298483059526
4,4.0,0.0967133467376731,0.0871194087028097,0.1019563371812551,0.1040120509813717,0.1005872214344639,0.1049861091001374,0.1058369302263482,0.1019464879064318,0.1023567570830201,0.0944853506464886
5,5.0,0.09602636505324,0.0842164780283101,0.1006887370588305,0.1043319299995023,0.1010859023774071,0.1063370900431508,0.1070390308210105,0.102447899008074,0.1036860967098134,0.0941404709006607
6,6.0,0.0957585287851368,0.0834305260011625,0.0995703255917514,0.1047010510617941,0.1024905704848382,0.1060488197873023,0.1071144144367296,0.1019923136273076,0.1041769744127352,0.0947164758112416
7,7.0,0.0949254301311802,0.0828754768174132,0.0976995766792589,0.105576096773107,0.1031895237794705,0.1051761354888052,0.1084562212374306,0.102275575859048,0.1039237979596601,0.0959021652746258
8,8.0,0.0950910102812702,0.0825101648943661,0.0961905420808429,0.1056395915696042,0.1045347237354683,0.1049948148866016,0.1083788454772645,0.1019842231895775,0.103583740914263,0.0970923429707411
9,9.0,0.0944959484431487,0.0809035947234772,0.0950097321534174,0.1054662878629014,0.1052415938857766,0.1050714461079546,0.1095461233043907,0.1012239486451342,0.1042288082745054,0.0988125165992931
10,10.0,0.0936141554792641,0.0804354214608092,0.0928619236227636,0.105927472477578,0.1062384014741446,0.1049661073766858,0.1089554212403161,0.1024944381807067,0.1041068227648758,0.1003998359228552
11,11.0,0.0924882478593668,0.0801877344616259,0.0917911737420458,0.1058575697474528,0.1062351738648005,0.1052791427738514,0.1086188220329222,0.1032590317625478,0.1040925333844454,0.1021905703709407
12,12.0,0.0919364668721993,0.0800948339007082,0.0909624323425999,0.1052989711833262,0.1064959182850666,0.1062714907420994,0.1073858213649512,0.1025865650619651,0.1047106811817885,0.1042568190652947
13,13.0,0.0908658425846097,0.0803917240810549,0.0899820959907659,0.1052085521410094,0.105963181180069,0.1067447975852827,0.1070474164326885,0.1020388702821578,0.1054705577632545,0.1062869619591069
14,14.0,0.091787188051183,0.082274253741567,0.0876299617623744,0.1045769598544918,0.106216037292474,0.106506250840107,0.1058057435936436,0.1018168452373169,0.1050769866381886,0.1083097729886529
15,15.0,0.090325233078945,0.0845971042223876,0.0871294475265289,0.1030548033933396,0.1065017929073356,0.1070568938868117,0.1040873897079913,0.1007827950187063,0.1046357638538573,0.1118287764040961
16,16.0,0.0892377407952745,0.0874675411055388,0.0856576996244214,0.1023779531185197,0.1066105890796889,0.1075054745206202,0.1032432173681251,0.0998206845446446,0.1048376968401206,0.1132414030030455
17,17.0,0.0888324273943538,0.088492761875712,0.0837601676504654,0.1019880908312495,0.1067577621052294,0.1081853752736224,0.1025530074680213,0.0986543218828899,0.1059632411586918,0.1148128443597638
18,18.0,0.0875516803720446,0.0901739706970408,0.0839492322956054,0.1000666857375632,0.1058613328637045,0.1100292456582035,0.1011494838838765,0.0978248681900612,0.1056200595483837,0.1177734407535159
19,19.0,0.0858746490842263,0.0908676917823253,0.0833484319578767,0.099287359238317,0.1048336579320596,0.11145518521805,0.1007003837047683,0.0980638065942448,0.1060490280213658,0.1195198064667654
20,20.0,0.085229047143634,0.0930861256866974,0.0826845219128626,0.0993102616682944,0.1046304682971233,0.1113497291061973,0.0988930863921708,0.0973691222322939,0.1056565266976781,0.1217911108630474
21,21.0,0.086121623517214,0.0944074006582059,0.0823542811434296,0.098040168619812,0.1043363150816147,0.1121435342180568,0.0970998732215082,0.0963159749194296,0.1055994365496801,0.1235813920710483
22,22.0,0.0855814516730802,0.0962210919320654,0.0811708305854653,0.0978649841274342,0.104777149612918,0.1115584837423731,0.0954258952001341,0.0974298052779496,0.1051665894270466,0.1248037184215328
23,23.0,0.0848773124038119,0.0993445552273904,0.0798548276973404,0.0979609154614882,0.1046775220846361,0.1113795612422658,0.093660693829753,0.0969618390604429,0.1042618424423284,0.1270209305505421
24,24.0,0.0838651074582436,0.1018165877415221,0.0782919670000862,0.0974129748309311,0.1047058399344394,0.1108823000980874,0.0944441372439111,0.0946776712195443,0.1044224672286102,0.1294809472446238
25,25.0,0.0838212282968738,0.1046029826594093,0.0783267945393754,0.0959084939525299,0.1047055246650104,0.110770788725067,0.0931495305721342,0.0936551160923887,0.1039803475993243,0.1310791928978861
26,26.0,0.0841810193041495,0.1086780892330854,0.0765747521816172,0.0958230069494426,0.104428619693524,0.1105938111139528,0.0928927557130351,0.0926484865349914,0.1026464657487155,0.1315329935274858
27,27.0,0.0846294851373505,0.1094709634658734,0.0771725152714951,0.095371169562472,0.1046068859535727,0.1089879485272804,0.0913212222308033,0.0921279126760999,0.1020361034034726,0.1342757937715794
28,28.0,0.084454971222402,0.1107260004955558,0.0766397277398033,0.0940362504890439,0.1047173051514175,0.1074513125919233,0.0905352937095084,0.0916212326678193,0.1016995263734759,0.1381183795590498
29,29.0,0.0838181121597151,0.1128708319686568,0.0772887049976955,0.0940194407077566,0.1029442002083307,0.1069306708596592,0.0902077972674824,0.0910033624841792,0.1024110383608819,0.1385058409856417
30,30.0,0.0827507156736403,0.1143534529642091,0.0776622315291475,0.0941744835890429,0.1028464998857529,0.106568158575885,0.0893457748249946,0.0917129043521078,0.10121386048919,0.1393719181160291
31,31.0,0.0828419149404671,0.1148083550764049,0.0788762058220428,0.0929776153107575,0.1022152832479342,0.1058198028615318,0.0874139800635607,0.0919042038354298,0.1009964919350758,0.1421461469067947
32,32.0,0.0829818088388333,0.116883425636754,0.0794059421849267,0.0925925389411068,0.1009711417101398,0.1057233745106659,0.0857406538696025,0.0916060454122594,0.1013614371986031,0.1427336316971077
33,33.0,0.0835443457245832,0.1174106777261819,0.0782912994309954,0.0915552729790779,0.101079256240635,0.106458851284722,0.0855571085575133,0.0905526241106635,0.1016555988820539,0.1438949650635731
34,34.0,0.0830083472340346,0.1175844599897482,0.0804957270694605,0.0914968595193166,0.1003142105059217,0.1066489220420361,0.0839864526889352,0.0890929336545129,0.1024545495524763,0.144917537743557
35,35.0,0.0847412089089233,0.1177680187158375,0.0815225315062426,0.0898233568424578,0.0987556889303251,0.106514205013294,0.0838980297978576,0.0876644947049486,0.1034951646511639,0.1458173009289486
36,36.0,0.085297962515516,0.1199188624672473,0.0827293792272398,0.0882440771368167,0.0971275955858335,0.1070142763535861,0.0838424585585861,0.0854463916566595,0.1032762083745953,0.1471027881239189
37,37.0,0.0851519138184315,0.1212396333308749,0.084207987854672,0.0873189311494039,0.0954897326683475,0.107250782502392,0.0841528022085983,0.084776961507799,0.1041231773419349,0.1462880776175453
38,38.0,0.0864349799471206,0.1218663489428521,0.0849428988229338,0.0863179203781598,0.0937530172505575,0.1075231990392595,0.0842694813015632,0.0830474387587564,0.1044434531521273,0.147401262406669
39,39.0,0.0862219278030463,0.1223435055954016,0.0854690974492312,0.085881775094982,0.0933226306441787,0.1058416762633331,0.0842100150416779,0.0827005309157198,0.1063658712154304,0.1476429699769982
40,40.0,0.0861961680954986,0.1238356622850226,0.0854098586251116,0.0856077720634618,0.0934428854144663,0.1057608674418961,0.0839306749140778,0.0822480101311741,0.1054323207216455,0.148135780307645
41,41.0,0.0874910022690014,0.1248997961730858,0.0881869752105635,0.0835640235758212,0.0921341701009212,0.1059241867938471,0.0827712737216814,0.0812382926441103,0.1058436578319609,0.1479466216790066
42,42.0,0.0864813381028584,0.1244336067802535,0.0897631854122802,0.0845242810350766,0.0924672089763876,0.1055786870088255,0.0821074714820695,0.0818928534335225,0.106152480303721,0.1465988874650045
43,43.0,0.0874003909794926,0.1251010625292412,0.0907278803322628,0.0838027071930083,0.0927506668980947,0.1055814675171796,0.0819386900342589,0.0812134533527148,0.1057317459768673,0.1457519351868791
44,44.0,0.0888759001308594,0.1264455317695818,0.0895081063865119,0.0842650730120514,0.0915609939191409,0.1045751251563721,0.0810423810536613,0.0822422954252355,0.104904744661775,0.1465798484848101
45,45.0,0.089216594032665,0.1267204199249431,0.0903748781578953,0.0828595706215878,0.0911976858454747,0.1050043263597674,0.0805090995440388,0.0830197017859793,0.1045957960344433,0.1465019276932046
46,46.0,0.0901496184078262,0.1266875459717299,0.0926487957843161,0.0820613221141993,0.0914045999447184,0.104799809449512,0.0795415653214808,0.0830086872022261,0.1044045178226644,0.1452935379813261
47,47.0,0.0903890747508854,0.1263138876459691,0.0933766442331796,0.0826349712026756,0.0904212841109418,0.1045054092976724,0.0803302079488754,0.0826073161730839,0.104912975985475,0.1445082286512411
48,48.0,0.0901383457547343,0.1261013693948595,0.0921446006920913,0.0826551516168192,0.0905095091639274,0.1042845690471478,0.0810509681290093,0.0830699379892199,0.1048341774367914,0.1452113707753993
49,49.0,0.0903768084770579,0.1265249770452942,0.0919644999285149,0.0819224830904232,0.0907047386480714,0.1038430417275418,0.0809240848511533,0.0841517376121363,0.105362679802002,0.1442249488178044
50,50.0,0.0927623259976663,0.1253426356085007,0.0916673999768709,0.0817823804413967,0.0908157410703643,0.1031505392563116,0.0821372926167194,0.0836806171946443,0.1047221946520928,0.1439388731854326
51,51.0,0.0920405564719085,0.1262250749667338,0.0912576039875527,0.0795862331936232,0.0920068668952623,0.1024733786910615,0.081913960288555,0.0866094884050266,0.1038020702091746,0.1440847668911013
52,52.0,0.0916064227134831,0.1250804940604979,0.0914840374422373,0.0780457808367429,0.0922605552859355,0.1036339215760012,0.0828893008027452,0.0877356398195139,0.1039312571913239,0.1433325902715185
53,53.0,0.0917879814181903,0.1258289832706584,0.0932913074143153,0.0775744316880482,0.0912286910464153,0.1024840313196847,0.082076485901978,0.0882347607655816,0.1035376296596291,0.1439556975154986
54,54.0,0.0924303024293515,0.1258349791874415,0.0938039335291996,0.0768972535916652,0.0899350767209076,0.1024659529343949,0.0825196286133783,0.0877440510727483,0.1034850023077722,0.1448838196131403
55,55.0,0.0918788236728115,0.1251719080091142,0.0955572585126232,0.0778813409948757,0.0893473262508666,0.1022445188631527,0.0825232018149573,0.0881106704978312,0.1025467425261201,0.144738208857647
56,56.0,0.0915921158518469,0.1257832032389585,0.0961586593743143,0.0768711932624809,0.089189088882851,0.1034518355410982,0.0827587161693678,0.0875617902637345,0.1026807335634902,0.1439526638518571
57,57.0,0.0908650309675197,0.1258974201247014,0.0943348425216262,0.076499882838084,0.0901057015233821,0.1043146374819561,0.0819870316494177,0.0867095693896961,0.1045432108064645,0.1447426726971516
58,58.0,0.0902660714649046,0.1257806947047046,0.0947789373692927,0.0775018004485216,0.088743658264133,0.1050459661457012,0.0824012644685379,0.0867292843984504,0.1039183556030867,0.1448339671326666
59,59.0,0.0909937049672786,0.1257959110559417,0.0935404433714175,0.0781761773289467,0.0884203916523053,0.1063470075883601,0.0806245988583517,0.0861254884703312,0.105068193619091,0.1449080830879756
60,60.0,0.0914739498982388,0.1265313915101784,0.0935097223509069,0.0781696631997945,0.0903042429295746,0.1053774599529637,0.0795711006441892,0.0851269707925685,0.1060558585336854,0.1438796401878994
61,61.0,0.0917412055952652,0.1256564141323698,0.0946946265709293,0.0781696367444314,0.089960707726866,0.1047114828583533,0.0806830184762647,0.0850340274772386,0.1062730796406509,0.1430758007776302
62,62.0,0.0937113793339377,0.1270526351316712,0.0941319301040897,0.0767464503235675,0.0884548083775939,0.1040506193997134,0.0812684683609111,0.0838162588111439,0.1061952496810454,0.1445722004763256
63,63.0,0.094764844312155,0.1285478774733494,0.0943576734230923,0.0761055524093509,0.0865696891661661,0.1035470458336831,0.0815018902984957,0.0842669165868676,0.1071376281461417,0.1432008823506976
64,64.0,0.0966063043750848,0.127517167422305,0.0939588525436516,0.0761484119371823,0.087810224574427,0.1041577331288385,0.0800339800615215,0.0833597982304895,0.1065848013044666,0.1438227264220326
65,65.0,0.0969422682354305,0.1271877771792383,0.0934612107619985,0.0775570383985344,0.0879944685672334,0.1033925255895915,0.0794348121578876,0.0841942565307733,0.1067494349997069,0.1430862075796048
66,66.0,0.0979344042111219,0.1275480607674154,0.0932808288371887,0.0758184248150858,0.0882929836187487,0.102277256426312,0.0798251424408517,0.0844768873227136,0.1062635768009537,0.1442824347596078
67,67.0,0.0992739747378704,0.1277939797560309,0.0939488042622566,0.0739091018481377,0.0870179722633729,0.103358712846872,0.0807320247305106,0.0832493663755025,0.1051221873266277,0.145593875852818
68,68.0,0.0989714219618889,0.1293584919343205,0.0948394071128909,0.0725175197626512,0.0864232862537425,0.1034560855998736,0.0798696974637594,0.083712687593437,0.1058883893751471,0.1449630129422882
69,69.0,0.0989640404278093,0.1302026096799726,0.094213975931905,0.0727028086399829,0.0865964205045528,0.10387887737456,0.0778800411192541,0.0835779110539013,0.1067437606694796,0.1452395545985816
70,70.0,0.0989118675182637,0.1291334488158686,0.0951882186585838,0.0727017785190692,0.0851898112688337,0.1035030503139028,0.0777857096976072,0.0822603949566413,0.1079753628052837,0.1473503574459453
71,71.0,0.0996112069112725,0.1297224966218559,0.0959289886008985,0.0724909387710297,0.0840530474896661,0.1035845664309531,0.0781279072876444,0.0828306295984609,0.1074069988873122,0.1462432194009061
72,72.0,0.0978338407727695,0.1299277100583721,0.0966342923517465,0.0725282207444145,0.0840620001221463,0.1053157643593489,0.077211325251911,0.083106287849649,0.1071916984718982,0.1461888600177434
73,73.0,0.098233187524831,0.1294397332965571,0.0970094809995194,0.0725196188764698,0.0838724621235029,0.1049832151505485,0.0776981896364903,0.0821891095240336,0.1073411779345293,0.1467138249335175
74,74.0,0.0976362262591058,0.1290640636833022,0.0969147624748979,0.0725813668134853,0.0847309320141515,0.1044189502623623,0.0778957845423195,0.0817821789596642,0.1080251345223335,0.1469506004683771
75,75.0,0.0977875635846151,0.127658276880492,0.0986335178643691,0.0717397555775328,0.0846456746833026,0.1026700706626195,0.0781383533465162,0.081301618441807,0.1091821748068717,0.1482429941518735
76,76.0,0.0977048580803857,0.1274261049645399,0.0981747631565286,0.073184825374893,0.0847614709492712,0.101313550713299,0.0787556095440496,0.0813513698791338,0.1091714057430057,0.148156041594893
77,77.0,0.0973601030327902,0.1273908495015904,0.0998441624585128,0.0733151885812447,0.0853093754686766,0.0997580471787015,0.0781974439935755,0.0827738271620033,0.1085257333594934,0.147525269263411
78,78.0,0.0944091479098052,0.1264797273813473,0.0994440931868351,0.0733527523254922,0.0848810145959448,0.1004767226644863,0.0800715259434699,0.0827782258078422,0.1102128963235646,0.1478938938612118
79,79.0,0.0932273870981579,0.1286909394677019,0.1004478223236469,0.0723365304638457,0.0852494603049993,0.1012948084181727,0.0801353243644351,0.0808218672447496,0.110935808858662,0.1468600514556285
80,80.0,0.0939673753186576,0.1289936818259077,0.0999181095447782,0.0720442839617478,0.0861579143609653,0.1020877181962878,0.079992408079013,0.0801412550856903,0.1095904185749445,0.1471068350520074
81,81.0,0.0938802138759317,0.1269735265478256,0.0999378063544971,0.0744797173610477,0.0854883348654501,0.102790609416163,0.0808969472849957,0.0794653970731382,0.1099485228715195,0.146138924349431
82,82.0,0.093848938300061,0.1263408026130822,0.0985925382569467,0.0746880325389156,0.0856363396806383,0.1026753367001126,0.0798389644776717,0.0792427893935341,0.1097841551130894,0.149352102925948
83,83.0,0.0930390597378914,0.1277635532871459,0.0996096245841736,0.0733548462490195,0.0852233697337329,0.1035697337834045,0.0814418618270931,0.0776926264850173,0.1091247078206126,0.1491806164919089
84,84.0,0.0934733395718803,0.1273336575422387,0.0991667903426335,0.0732632636980778,0.0854860786512845,0.1019758025305188,0.083454945901714,0.0757088809570493,0.1092885606771814,0.1508486801274212
85,85.0,0.0925484405974737,0.128485813710459,0.0986803802609701,0.0742880662186295,0.0857482460712273,0.1035836591394862,0.082457984389399,0.0754852904756845,0.1080313381026423,0.1506907810340279
86,86.0,0.0932942671727219,0.1272666251238173,0.0995949969021981,0.0745307712924093,0.0851871734018488,0.1038235339910789,0.0820609385427237,0.0760739443506932,0.1075636364097998,0.1506041128127085
87,87.0,0.0938411185108392,0.1257363190778362,0.1001051203176375,0.0749624385107997,0.0853541680203948,0.1037208002071086,0.0834376934248417,0.0759010216839096,0.1066710512380629,0.1502702690085692
88,88.0,0.094411508843089,0.1261355534116542,0.100396154714309,0.0735433641818919,0.0844342409731067,0.104261853229211,0.0855175473243211,0.0747331627708182,0.1056899757588914,0.1508766387927071
89,89.0,0.093201225141363,0.1267994587085527,0.1023164974889031,0.0732790863208751,0.0844051469206047,0.103447292029892,0.0843024625128251,0.0762154290316621,0.1053460187394429,0.1506873831058788
90,90.0,0.0930774804029906,0.1269520909752046,0.1013964308467108,0.0727977437366321,0.0858372939036616,0.103512937794945,0.0843594785685122,0.0775776563943956,0.1049670896459901,0.1495217977309569
91,91.0,0.0916092361525025,0.1278916640972846,0.1014094050375373,0.0734495265846927,0.0862925539753484,0.1042106133849489,0.0828906021203614,0.0781653514891754,0.1037448029296084,0.1503362442285398
92,92.0,0.0915352479794998,0.128621976055059,0.0996450526560749,0.0742197026973472,0.0861511448475062,0.1046284224344405,0.0823705235403571,0.077739837489458,0.1041805448051514,0.1509075474951053
93,93.0,0.0914660241943966,0.1305457161887324,0.0987627743711059,0.0727557694781807,0.0864290321459186,0.1028229741889567,0.0822167212487892,0.077854688095592,0.1041477401394414,0.1529985599488858
94,94.0,0.0912463462040685,0.1289177012013653,0.0988153068341151,0.0747556590522888,0.0867314816704356,0.1032816029417182,0.0805910572725678,0.0791936577256478,0.1044018420202254,0.152065345077567
95,95.0,0.0924748822530755,0.127647306784061,0.0980321318035341,0.0747204714783817,0.0870489600538304,0.103303970422903,0.081291766744318,0.080697126157276,0.1041590941499738,0.150624290152646
96,96.0,0.0904450430844364,0.1275840258283677,0.0983092212342379,0.0741839116245227,0.0898495092570916,0.1033503246655573,0.0812687901779253,0.0814590429133816,0.1049570561112098,0.1485930751032692
97,97.0,0.0921777478263806,0.1293448723605298,0.0991736803275985,0.0736406774092196,0.0901571825594625,0.1020778637299077,0.0785637961375853,0.0808064156827092,0.1035213066084641,0.1505364573581419
98,98.0,0.0917959572824218,0.1304880055838201,0.1004924035472454,0.0733740436588825,0.0893001533119223,0.1029821173269271,0.0784335249726919,0.0797340980637672,0.1030288118160845,0.1503708844362364
99,99.0,0.093301263160198,0.1317630782095137,0.1010578702910415,0.0735398092912544,0.0903119978967963,0.1016949460265777,0.0770748938663375,0.0797968368204538,0.1018709359302818,0.1495883685075447
100,100.0,0.0932002944921543,0.1331974307126307,0.101594347613923,0.0746909970304511,0.0899921682713952,0.1024279385834573,0.074349170904896,0.079600436533915,0.1015600921824853,0.1493871236746915
101,101.0,0.0928378840719301,0.1330019495903593,0.1003156052084573,0.0753260228903928,0.0911852311266438,0.1013164355916356,0.074062498521235,0.0812836134149411,0.1008910630368735,0.1497796965475309
102,102.0,0.0946561517962882,0.1326565293593705,0.0998146033909326,0.0743475954393099,0.0918012673232406,0.100578011753716,0.0731511753387912,0.0816405955383011,0.1012462519333196,0.1501078181267297
103,103.0,0.0963595383168966,0.1312353569713229,0.0991419848791567,0.0754685851422601,0.0920858067011094,0.1018619837901204,0.0727442620028784,0.0813567583411928,0.1007055900305318,0.1490401338245302
104,104.0,0.0953033943435399,0.131995055337487,0.1000300414230535,0.0759783172074807,0.0914877582999218,0.1007194303390697,0.0715396430656859,0.0818965325164819,0.1012439176395361,0.149805909827743
105,105.0,0.0955301244649931,0.1329234892624463,0.1002749844383753,0.0754698823418783,0.0918678636610544,0.0999557706196184,0.0712660684287592,0.0817707540707067,0.1006006059282325,0.150340456783935
106,106.0,0.096848417487424,0.1338085675733127,0.1003310162080853,0.075179350063942,0.0909979903041749,0.1004598765293291,0.0702059118127797,0.0805852382586184,0.1006440475036917,0.1509395842586415
107,107.0,0.0985507579599474,0.1342936365609486,0.0998861518316167,0.0735372940826151,0.0912680928128783,0.1008912632137238,0.0695837250763035,0.0782397403636208,0.1018119415255666,0.1519373965727786
108,108.0,0.0997769719550366,0.1355714336176706,0.0992989910236527,0.0741589532047087,0.08948411295587,0.0995138013328454,0.0702027164883474,0.0777995460512839,0.1009716279311226,0.1532218454394614
109,109.0,0.1018689988195883,0.1342971128719872,0.0993645906943722,0.0748751094161145,0.0894431091224842,0.0996912845735503,0.0707772739847557,0.0763661091995383,0.1006266845693718,0.1526897267482368
110,110.0,0.1026658152831837,0.1352570942948147,0.098808788814908,0.0759300351539083,0.0872665466984472,0.0997125277952234,0.0710353552391083,0.0751737066083248,0.1009478229979698,0.1532023071141111
111,111.0,0.1029171444341627,0.1361869670233772,0.0981397457318156,0.0752001214212741,0.0875998895983212,0.099960453407341,0.0708541228886864,0.0742194804109831,0.1022027569908268,0.1527193180932115
112,112.0,0.1014267211308119,0.1367530220099665,0.0982234242484231,0.0748313512228111,0.0879562500366031,0.0994430068955648,0.0716787827056033,0.0740898469991698,0.1025705033416222,0.1530270914094237
113,113.0,0.1000883540445541,0.13536649832449,0.0996523270638011,0.0753414591073593,0.0862044406600866,0.0991412868174026,0.069398922551119,0.0760135810826006,0.1052129361568333,0.1535801941917528
114,114.0,0.1003661754728647,0.1357810087874799,0.0992711472044254,0.0756366459932093,0.0847128980832594,0.0992777802014125,0.0692218570632397,0.0770321588088789,0.1067743294507669,0.1519259989344629
115,115.0,0.1008606866998432,0.1342485699329662,0.0992310735325746,0.0751626552624658,0.0846820857209688,0.101846174350955,0.0691544123322971,0.0765712987157198,0.1068251892133582,0.1514178542388508
116,116.0,0.1010381568197984,0.133756347972149,0.0995221372386024,0.0731920884861637,0.0854068192117146,0.1018070837901594,0.0688179474118261,0.0760055802535086,0.10730948213256,0.1531443566835172
117,117.0,0.1025757505291427,0.1333543275343419,0.0975887568970383,0.072890889189253,0.0840310236117455,0.1020532091635417,0.0689400532792836,0.0769707445281686,0.1073098556762347,0.1542853895912494
118,118.0,0.1017456383429987,0.1323651585230671,0.0979743890768702,0.0728176414370221,0.0842274798534871,0.1030290400558944,0.069163409908049,0.0751673975232419,0.1084050178613274,0.1551048274180414
119,119.0,0.1011130730244732,0.1325972247970555,0.0982520062721276,0.0713910694923047,0.0837165700755794,0.1037150841108767,0.0703753575385507,0.0745508052162932,0.1093539307252551,0.1549348787474832
120,120.0,0.1003202273360399,0.131445116463451,0.097040984956551,0.0730137568156859,0.0848563753397319,0.1038143255385004,0.0702677844392468,0.0746333572683415,0.1089578555962435,0.1556502162462076
121,121.0,0.099738214466586,0.1317450745092507,0.0955975519951622,0.0730048058501547,0.0846265340183594,0.1025540430127649,0.0707547672951661,0.0751257989751124,0.1117169448248688,0.1551362650525743
122,122.0,0.0985204304203078,0.1315401422235205,0.0958776666142413,0.072973136098613,0.0864104194199321,0.101820889718371,0.0710954275149742,0.0765924860732718,0.1102178739966841,0.1549515279200836
123,123.0,0.09799798396896,0.1315982206892961,0.0958335487022635,0.0720478360097302,0.0874488836093833,0.1009928957247792,0.0721511472376632,0.0756646893494747,0.111645152388341,0.1546196423201081
124,124.0,0.0984018528627736,0.1329209109635166,0.0951817998739226,0.071804772845046,0.0865610175338512,0.1005316062602964,0.0724422755766909,0.0760684791988367,0.1115781061825086,0.1545091787025568
125,125.0,0.0983000182370689,0.1321793035991358,0.0949950287977365,0.0707433154900556,0.0878882921103394,0.1008197483489612,0.0729715838437055,0.0765816776834399,0.110515927790883,0.1550051040986735
126,126.0,0.0984679083712576,0.1339229035240554,0.0957523840301491,0.0709940040842844,0.0863193615431679,0.1019386856351426,0.0719937413753203,0.0767121461620272,0.1106779219360702,0.1532209433385245
127,127.0,0.0962798965235286,0.1336236066961297,0.0976306044988967,0.0711669430433269,0.0854280200558292,0.101723078612814,0.0728464365594587,0.0770984240774494,0.1107306048997866,0.1534723850327794
128,128.0,0.0971595900839955,0.1334814184781306,0.0973416571057327,0.0712367273103829,0.0830777163645143,0.1037304266845139,0.0739816425145523,0.0769840197980793,0.1095777069822659,0.1534290946778321
129,129.0,0.098549637235552,0.1317349057256331,0.0970050425456951,0.0703057701198637,0.0827566521634401,0.1048563792177733,0.0747705878967376,0.0777538029916591,0.1079654105449532,0.1543018115586922
130,130.0,0.0980913259434227,0.1336235240454078,0.0982806090663288,0.0730817702397767,0.0796503564146091,0.1050889805818336,0.0746167604616859,0.0783102914610308,0.1064131884587682,0.1528431933271358
131,131.0,0.0992363553059776,0.1330366980038543,0.0988793838904366,0.0728410069914417,0.0784888370355271,0.1054192400710211,0.0767120268084251,0.0778776457482333,0.1050511782004159,0.1524576279446667
132,132.0,0.0996638843084751,0.1336375197938869,0.0989531825547051,0.0707095795384779,0.0779791232502051,0.1027173454457053,0.0782460140190719,0.0784180529682715,0.1061629088264456,0.1535123892947551
133,133.0,0.0986972731161624,0.1333260768158325,0.0987084828186932,0.0713470166892891,0.077765297997748,0.1034020098223626,0.0805246367821068,0.0791034850987953,0.1057651468212778,0.1513605740377318
134,134.0,0.099315242499604,0.1319259527481212,0.0994976249690242,0.072018757190265,0.0774608565761058,0.1043525438108802,0.0820878057997655,0.0782201464686532,0.1036261059603253,0.1514949639772551
135,135.0,0.0975339489702799,0.1339685330257317,0.0990903798668242,0.0723256160224821,0.0758598763586882,0.1048787398968973,0.0809738136309605,0.0779281485036052,0.1063441456168203,0.1510967981077101
136,136.0,0.0963402016716539,0.1339658877588623,0.1004632856994683,0.0723469394104821,0.0753126691389275,0.1049305354519275,0.0798776088484234,0.0779010641110171,0.106644892301494,0.1522169156077434
137,137.0,0.0968102629777087,0.1330986168263742,0.1023011023740958,0.0713138160946697,0.0753041593019152,0.1046164808247549,0.0782886446254353,0.0765835662407427,0.1080304620337572,0.1536528887005458
138,138.0,0.0962554940820192,0.1335115294005359,0.1012068386957333,0.069736926894026,0.0763116803813221,0.1057387792340462,0.0792825912500423,0.0733100228929565,0.1098839976767709,0.1547621394925472
139,139.0,0.095887710609328,0.1336889832541232,0.1014374988272715,0.0700440392570073,0.0768630393028044,0.1062326625701952,0.0797942979669298,0.0720516515263587,0.1101366751515072,0.1538634415344743
140,140.0,0.0979261651181455,0.1338746219329665,0.1001811751268141,0.0689168544210755,0.0765407953003894,0.1054318077008615,0.0787112866822808,0.0722197350585947,0.1110141333702868,0.1551834252885848
141,141.0,0.0990716249841833,0.1344148832067231,0.1000057631981919,0.0690504165481933,0.0762211722151487,0.1050260020789159,0.0768065031528992,0.0718422947706351,0.1125115623438274,0.1550497775012817
142,142.0,0.0998216187992987,0.1344268772576672,0.1008887993402688,0.0683485693210867,0.0756754217002129,0.1040340349033895,0.0772094859739879,0.0712855122420125,0.1129817614538661,0.1553279190082092
143,143.0,0.1009855434450042,0.1353559920688662,0.1009121496327967,0.0692849910098882,0.0754636254725401,0.1040411802523141,0.0776221861810521,0.0702733320462755,0.1123298882513929,0.1537311116398697
144,144.0,0.1005865411138722,0.1364605860248356,0.1022717819216106,0.0690708482909164,0.0754110777969404,0.1042070535632114,0.0767436805967098,0.0702427630151477,0.1118376499123968,0.1531680177643588
145,145.0,0.1012849351877368,0.1359467344607507,0.1019585742922336,0.0699967702887305,0.074529251217602,0.1036771236269978,0.0753363747660333,0.0694752748357878,0.1141234916592578,0.1536714696648692
146,146.0,0.1020578534536739,0.1380713434588065,0.1027172153938657,0.0703338616038053,0.0756476229641782,0.1015020377985811,0.0762619872151554,0.0671143698527267,0.1146831879531132,0.1516105203060934
147,147.0,0.1021471288371266,0.1388249186508609,0.1028229108115265,0.0703463945535142,0.0763267326701759,0.0993746946781435,0.075703576024544,0.0662073270223911,0.1169908395104832,0.1512554772412336
148,148.0,0.1024020146626791,0.1390899754318919,0.1036443213906017,0.0712241007213761,0.0752957955241844,0.0990677360552306,0.0769227439967028,0.0647833757499992,0.1165854751939138,0.1509844612734198
149,149.0,0.1017977355476978,0.1402997028327545,0.104010195759621,0.0715766707758072,0.0746537629730363,0.0980430042118746,0.0761501164223607,0.0652965889560941,0.1174301582112988,0.1507420643094543
150,150.0,0.1021860905801698,0.1406100992233131,0.1037218468528617,0.069183191859495,0.0756219149326732,0.0964888993176864,0.075449916030064,0.066744929236723,0.1171540896076618,0.1528390223593514
151,151.0,0.1024386540931505,0.1396096400614989,0.1034430121628568,0.0675132659263946,0.0764964486092949,0.0952709456213151,0.075773810081868,0.0668212288129376,0.1199573710983766,0.1526756235323065
152,152.0,0.1019327324250318,0.1403020461850598,0.1034955292245722,0.0689300159272652,0.0772928137924044,0.0947500178875619,0.0749601187356369,0.0668451012186225,0.1185342812932466,0.152957343310598
153,153.0,0.1006393756900296,0.1399046808755302,0.1048007485710927,0.0692775060950884,0.0782217189409233,0.0950164584505395,0.073328706293584,0.0672955322509512,0.1165382395203046,0.154977033311956
154,154.0,0.0989613455989083,0.1398301428536335,0.1056209720534524,0.0689612811578917,0.0802525948695268,0.0959828457927467,0.0701968963327612,0.0689533697595127,0.1164568094356323,0.1547837421459339
155,155.0,0.098920708648386,0.1400425228237877,0.1042460740332657,0.0688332973220544,0.0808832449004198,0.0963755446147098,0.0683981598449261,0.0709153443780536,0.1168788298088951,0.1545062736255011
156,156.0,0.0989926960756962,0.1389081178222881,0.1042172107839715,0.0690973996467888,0.080613720498372,0.0954396042474487,0.067442567488993,0.0728746947070826,0.1174441599469957,0.1549698287823627
157,157.0,0.0987089852007521,0.1390564734659838,0.1050634754906427,0.0680553374597786,0.0809480696044743,0.0964036055573505,0.0682121110386789,0.0734998860625116,0.116126181754835,0.153925874364992
158,158.0,0.0965568987285937,0.1408913518052649,0.1042632073372937,0.067865210904679,0.0806630279991557,0.098206607448793,0.0691807915086667,0.0742464750173774,0.1162433610112006,0.1518830682389747
159,159.0,0.0973385717904172,0.1419048292332129,0.1044578689883467,0.0680552452086012,0.08173596502682,0.0995262374959665,0.0685393334204163,0.0725555574343895,0.1151603199440294,0.1507260714577996
160,160.0,0.0996590408741423,0.1407359064391428,0.1037580366298348,0.0675860718866875,0.0839526556063153,0.0985433789866532,0.0681958030438809,0.0719891257143319,0.1154082021050901,0.1501717787139204
161,161.0,0.1010449894744078,0.1406616574206604,0.1032195580424658,0.0666678351272484,0.0841101833788282,0.0993673156741022,0.0688564117639473,0.0728933343233163,0.114639985163632,0.1485387296313909
162,162.0,0.1009748816939032,0.1381113612284768,0.1020797125889002,0.0673813764369925,0.0848027975711438,0.100921175540615,0.0706253533708985,0.0722500410294648,0.11459115167041,0.1482621488691947
163,163.0,0.1006528319320022,0.1373850186928556,0.1049746380473485,0.0658811996554781,0.0846626612285207,0.1008266019058697,0.070678833137787,0.0718714887209886,0.1126258833409826,0.1504408433381664
164,164.0,0.1021329304643796,0.1374671716200727,0.1047620954396563,0.0643480642808838,0.0860805661870572,0.1020849417128079,0.0704045359513521,0.0697606254495386,0.1127665713149757,0.1501924975792754
165,165.0,0.1033240143710995,0.1359157907575603,0.1039625817749061,0.0642139699661955,0.0859916768978188,0.103432370140085,0.0717481564027334,0.0698135257679646,0.1117308645784653,0.1498670493431708
166,166.0,0.1037579633527147,0.1343190435799988,0.1022541104344395,0.0650979752632942,0.0865971538998112,0.1047836685910058,0.0715683561677369,0.0691552862817358,0.1116914109639729,0.1507750314652894
167,167.0,0.1025297156693702,0.1351189090379092,0.1018650766356566,0.0659301497098244,0.087771512928482,0.1072360388273801,0.0696968859436011,0.0686791280770372,0.109637314137843,0.1515352690328954
168,168.0,0.1035438760561621,0.1336749494517011,0.1035152806571546,0.0665652903285698,0.0872397543467416,0.1077232360673554,0.0695773185133814,0.0667976322735449,0.1098204267917489,0.1515422355136396
169,169.0,0.1032912931369537,0.1337121411884126,0.1018429340587086,0.06710060513651,0.0873464117538347,0.1074271754803204,0.0696941368156276,0.0686229517628225,0.1088285382182914,0.1521338124485178
170,170.0,0.1034945796748634,0.1336899246355122,0.100495682302465,0.0664585384075292,0.0863765733576232,0.1090443065365536,0.0696174594263262,0.0707245365932624,0.1069513303571137,0.1531470687087504
171,171.0,0.1019408923621614,0.1327087558317656,0.0995926180905651,0.0674856352129622,0.0874582767228627,0.1100840756856742,0.0682579232971843,0.0704099584786197,0.109033766794016,0.1530280975241882
172,172.0,0.1040240267132954,0.1332877411569936,0.0999768761401856,0.0657499035351309,0.0864378642746008,0.1093566921614562,0.0677930980491697,0.0694166451352011,0.1097010613977507,0.1542560914362153
173,173.0,0.1023517406845153,0.1318167122218221,0.1018450159813436,0.0663101192096785,0.0867094770481292,0.1076509517110509,0.068651277682404,0.0693027120796872,0.1102732268103044,0.1550887665710642
174,174.0,0.1019085240783207,0.1315864857414757,0.1028940824983674,0.0662556209303313,0.0862942557994479,0.1055935976099974,0.0684139676299762,0.0711428495738146,0.1092540654148453,0.1566565507234231
175,175.0,0.099676145960649,0.1309308190590074,0.1038922012418686,0.0654782089302005,0.0859753579315459,0.1046971911454186,0.0684547824292786,0.0732564832258653,0.1094933101307191,0.1581454999454465
176,176.0,0.101241386311674,0.1299949283131385,0.106013779492971,0.0648820532406603,0.0862197905803385,0.1045036722427517,0.0689997052392567,0.0719892752839962,0.1089153050782117,0.157240104217001
177,177.0,0.1012770035348587,0.1310420330618358,0.1065414500512103,0.064762753157959,0.0842288664649971,0.1046814187331931,0.0704744357908342,0.0730764328761337,0.1082043080259321,0.1557112983030456
178,178.0,0.0995654130120265,0.132887988645501,0.1061349773511158,0.0649290741775518,0.0841816258837404,0.1049511396456998,0.0707975473474168,0.0731104424780452,0.108409374842956,0.1550324166159462
179,179.0,0.0993742901718299,0.1339367735993963,0.1065455406980984,0.0662309032778327,0.0831660819272285,0.1044535036687706,0.071853266195425,0.0714927948236771,0.1076853180330866,0.1552615276046545
180,180.0,0.1000608390820776,0.1324725232264101,0.1083903210927277,0.0670302501803488,0.0828182495869239,0.1042943351181482,0.0705605830775236,0.072392265404593,0.1080338148280874,0.1539468184031592
181,181.0,0.0992035509286183,0.1322296091353669,0.1086258386081226,0.0676747163295458,0.0818326165980306,0.1054504606515648,0.0699616427302531,0.0718535614695468,0.1091880721523749,0.1539799313965757
182,182.0,0.097787485679896,0.1321866512615473,0.1079757329325799,0.0671709613269949,0.081581496057749,0.1057502969692281,0.0711731996552109,0.0735952718193403,0.1096084685708091,0.153170435726644
183,183.0,0.0982484160372298,0.1324805455683342,0.1082516354047892,0.0668237831021783,0.0807677388060543,0.1065390515609494,0.0720495377713613,0.0734033720558244,0.1076619369853605,0.1537739827079182
184,184.0,0.0966506489161876,0.1331304212336912,0.1078385840253656,0.0660505125831153,0.0810929561190753,0.107477412127166,0.0707237180563697,0.0731082245253269,0.1098774831064702,0.1540500393072318
185,185.0,0.0947695917601879,0.1328672044762597,0.1069470209920308,0.0660781029040286,0.0837751998166354,0.1075656047787282,0.071762718804311,0.0747559056109552,0.1071264099640377,0.1543522408928251
186,186.0,0.0946708461889081,0.1327423295099626,0.1071993317074141,0.0679507089374134,0.0842638261479481,0.1073343100347947,0.0726267543621541,0.0751228876397719,0.1052090568634045,0.1528799486082281
187,187.0,0.0963667968208265,0.1317658817014486,0.1075196307401884,0.0681178499075236,0.0832656125312149,0.1099663543118278,0.0701619654593691,0.073427274350895,0.1047342348700532,0.1546743993066524
188,188.0,0.0961958722429763,0.1331342859241485,0.1043165786989974,0.0693502288339985,0.0838884097146051,0.1071115284419054,0.0694301108092316,0.0739894828683717,0.1067116082841679,0.155871894181597
189,189.0,0.0955140871061367,0.1328432019904523,0.1031275944631822,0.0712356187389466,0.0820435149417649,0.1089604000464846,0.0686787912222168,0.0753272668095193,0.1081116876341842,0.154157837047112
190,190.0,0.0954189990631342,0.1319428627478807,0.1061840479614746,0.070571091726941,0.0821154592291148,0.1087276790312876,0.0675067015690197,0.0741222743693934,0.1084922380430323,0.1549186462587212
191,191.0,0.0951985169628822,0.1320827987320805,0.107298799239116,0.0726611423530617,0.0836245061565756,0.1076504943483881,0.0676259899948271,0.072375469177163,0.1069522721450409,0.1545300108908645
192,192.0,0.0943747388025112,0.1317125114938093,0.1066344731379421,0.0742532906463205,0.0827525890792819,0.1082587463859108,0.0675225726229813,0.0715522415851374,0.108368596058294,0.154570240187811
193,193.0,0.0948776695571351,0.1334032513220806,0.1076211021006665,0.0750005809398193,0.0805341949267024,0.1080703656140252,0.0671854275084385,0.070735633501044,0.1094251498912998,0.1531466246387881
194,194.0,0.0947906038860324,0.1339099398452597,0.1075691319134272,0.0747026620240166,0.0785245275079287,0.1065238426786927,0.0680132422210808,0.0717313265913147,0.1121097629436494,0.1521249603885973
195,195.0,0.0934923024159588,0.1364538729991469,0.1081932443273109,0.0742277751999451,0.0781840059520573,0.1047630955025762,0.0681150416343841,0.0713373267349631,0.1122772016500896,0.1529561335835674
196,196.0,0.0926134989673456,0.1364032130788699,0.1078223847501633,0.0763637072252687,0.0761302865046418,0.1035163552667411,0.0691211693041051,0.0708190474362829,0.1140515028490659,0.1531588346175151
197,197.0,0.0915805830506963,0.1357916113520605,0.1090113526285414,0.077666793667992,0.0772394770379457,0.1023860266454638,0.0702730820925558,0.0696117744643283,0.1142550278861329,0.1521842711742828
198,198.0,0.0917858644622275,0.1376563388899851,0.1076711948805674,0.0776889278741624,0.0760454017725552,0.1028389747427923,0.0702569195557756,0.0698761668400461,0.1135866700587314,0.1525935409231564
199,199.0,0.0921566125577954,0.1377531119940584,0.109556567744232,0.0781559014176431,0.0740085403681447,0.1014381525836479,0.070186624228938,0.0704368515370376,0.1143628009431774,0.1519448366253248
200,200.0,0.0929689067561014,0.1389887547058231,0.1083373052306981,0.0775597541327729,0.0732372504855636,0.1004261630198425,0.0715817374248402,0.072022974469951,0.112962877531349,0.1519142762430576
