,Unnamed: 0,Generation,Intertwine_two,Add_vertex,Delete_vertex,Invert_path_vertices,Insert_inside_vertex,Delete_inside_vertex,Replace_inside_vertex,Donate_between_routes,Trim_one_terminal_cb,Grow_one_terminal_cb
0,0.0,0.0,0.10000000000000003,0.10000000000000003,0.10000000000000003,0.10000000000000003,0.10000000000000003,0.10000000000000003,0.10000000000000003,0.10000000000000003,0.10000000000000003,0.10000000000000003
1,1.0,1.0,0.09802313297051372,0.07394676043610533,0.09730552327862087,0.11304289342952575,0.10477013826935627,0.11169323982594048,0.11282082564425594,0.1022527380170743,0.10052665428923237,0.08561809383937452
2,2.0,2.0,0.08997897313220796,0.07154855387237889,0.09561415964348235,0.1110183988268486,0.10147500825473495,0.11371279928108365,0.11272122285392067,0.10793448870848822,0.11090082663102017,0.08509556879583412
3,3.0,3.0,0.10081226853188205,0.07571202993011021,0.10339980600357568,0.10550877021668735,0.10139372020591605,0.10887471457918844,0.11041444723807234,0.09779342680767655,0.10969737056144034,0.08639344592545045
4,4.0,4.0,0.09642623967512144,0.06543093186879995,0.10072372092468024,0.10945576887094222,0.10203470068811152,0.1090646101179843,0.11127245299766936,0.10265703424672627,0.10741943401874925,0.09551510659121501
5,5.0,5.0,0.09709313900790975,0.06978656828795773,0.09375505712571129,0.10558918304653926,0.10175190525872704,0.10977964416891961,0.10580669762545211,0.10545956659356126,0.11118889703974694,0.09978934184547453
6,6.0,6.0,0.09583770325400642,0.08251455552884832,0.09050903401856031,0.10551950088975211,0.10209592996335069,0.10623801402565879,0.10257613501802482,0.10197453660715186,0.10902489434349664,0.10370969635114963
7,7.0,7.0,0.09134095475257147,0.08770349085710648,0.08201605912315642,0.10491344411582121,0.10745189100831869,0.09882624160909569,0.1065113844374001,0.10474102233164709,0.108744461080696,0.10775105068418639
8,8.0,8.0,0.09342473904142916,0.0960251496315568,0.08156670356204292,0.1034823269086585,0.10980140181295497,0.09932880118273207,0.09876408615521189,0.10345365553765024,0.10445668688049423,0.10969644928726881
9,9.0,9.0,0.09375480788026874,0.0831322684011717,0.08361052045524547,0.10363747367114207,0.10844193028796487,0.09809950031438869,0.10545443362162307,0.10319813241182176,0.10667046197335478,0.11400047098301834
10,10.0,10.0,0.09180645460312192,0.09794892276278894,0.08130302764730041,0.10030722526880052,0.10715839313791814,0.10192371132226555,0.09752151358600974,0.10615409821966185,0.10314363566187527,0.11273301779025714
11,11.0,11.0,0.08836804239846209,0.09278931661336484,0.08082294565884351,0.10178846469192833,0.10372999029344714,0.10811539955532026,0.09885538587707574,0.10624596083125064,0.10537589234020305,0.11390860174010389
12,12.0,12.0,0.08555357335550239,0.0960359524904994,0.08363291538429746,0.09869377937016237,0.10534736518036408,0.11363499363071984,0.09931533243855152,0.09633718616413649,0.10416992880370014,0.11727897318206584
13,13.0,13.0,0.08488829612426785,0.09673110806784899,0.0793052909171908,0.10238472553820124,0.10243668852293558,0.10411855535973141,0.09641698052216524,0.09856429013121924,0.10970135244928658,0.12545271236715258
14,14.0,14.0,0.09779101819870079,0.10829566428519842,0.07585448270695441,0.10041856929987866,0.10305794657938853,0.10245350170195859,0.09163738938925349,0.09578268698092678,0.10363570335192833,0.12107303750581158
15,15.0,15.0,0.0831488443298542,0.10583818989811486,0.08314841168501824,0.09573664953532453,0.10338940273550051,0.10856311456758996,0.09323416338250762,0.09555235600970004,0.10563814671595656,0.12575072114043298
16,16.0,16.0,0.09063641353391487,0.11138108660720276,0.07608952040834159,0.09964746189213135,0.10633490166284239,0.10403216145317615,0.09491767540107729,0.09214938987973745,0.10477140762363855,0.1200399815379371
17,17.0,17.0,0.09220095191905237,0.10929451182985961,0.07596509062098769,0.09718965141427549,0.10432646948795515,0.10365818979984845,0.09261006045421248,0.09186677634240678,0.11046807359116072,0.12242022454024087
18,18.0,18.0,0.08436224334503088,0.10239993097218075,0.08907955188337068,0.09238081419650299,0.09594396603365654,0.10741801536761869,0.10065986109388812,0.09285368791103873,0.10378031114110459,0.13112161805560757
19,19.0,19.0,0.08344025747742397,0.10168794423304098,0.08944740913779896,0.09923427576186834,0.09376474303119925,0.11178642546534884,0.09332237133696723,0.0986898610517988,0.10653540004084695,0.12209131246370619
20,20.0,20.0,0.08333310801961201,0.10694813025723529,0.08983695799765963,0.09581225943496306,0.09691733402898457,0.11177558046035428,0.09063190929388895,0.09199377477970128,0.10323414857520716,0.12951679715239328
21,21.0,21.0,0.09256446924159296,0.10808908929357416,0.08113703787671406,0.09244328998510357,0.10115811670724076,0.10910478335127859,0.087261293292159,0.09194577140254959,0.10582209665068694,0.1304740521991
22,22.0,22.0,0.08627771414438393,0.10540024626818072,0.07643007999571423,0.09777982497384397,0.10181609303661876,0.11425844046057258,0.08384498362016263,0.10540030994481273,0.10804421768805302,0.1207480898676569
23,23.0,23.0,0.08389651030493356,0.12156457685639349,0.0746945706661974,0.097202868185682,0.10553279559481747,0.10036051140715047,0.08308437957056487,0.09402606634369273,0.10580746776801153,0.13383025330255596
24,24.0,24.0,0.08889222257234092,0.11200241560877035,0.07768698728886433,0.09530978244873142,0.10214748875874385,0.1065274978107646,0.09061399270219485,0.08949459141520111,0.1059211395210077,0.1314038818733804
25,25.0,25.0,0.08986431623977843,0.11624422736780714,0.08692440387879012,0.0991013089134774,0.09412806162396253,0.10388404890029285,0.09075808161173465,0.09384257927927286,0.10065029022235368,0.12460268196252988
26,26.0,26.0,0.08718879138524126,0.12535174040494546,0.07725478640627455,0.09630761364253054,0.10335504352058106,0.10254838298014574,0.08970235253173428,0.09012936487268691,0.10531253525300852,0.1228493890028512
27,27.0,27.0,0.08390438034900917,0.1115053983235677,0.08508970320955368,0.08824218903723141,0.10532240160144855,0.09887788752251686,0.09046872468449663,0.09689454672920395,0.10028669601112311,0.13940807253184842
28,28.0,28.0,0.08700042479106042,0.1158571960621941,0.07970917014553278,0.0902972519335479,0.10050244851163234,0.1081684608498012,0.08463573129223996,0.08799433676842686,0.10310253243048077,0.14273244721508319
29,29.0,29.0,0.08831333805346724,0.11693968522213691,0.07668680741996385,0.0926626017213259,0.09463957583473284,0.10605415973159893,0.09406197307991564,0.0888611032991091,0.10894740584742296,0.1328333497903262
30,30.0,30.0,0.09083528243340594,0.11516438132067695,0.08400136619718718,0.09381549656659906,0.09226549153923515,0.10934904203616513,0.08795640114127597,0.09906079462940716,0.09219330235750993,0.13535844177853704
31,31.0,31.0,0.09321484655916955,0.11001176677908299,0.08692724441821782,0.08637782530884738,0.09567962307035227,0.10673048980543401,0.0823312396089207,0.098916054785007,0.0998336224608605,0.1399772872041073
32,32.0,32.0,0.0870352146323624,0.12294376352316037,0.08743388687158356,0.087355898914166,0.0936915276803087,0.10549657424634871,0.0879569226057724,0.08785066563342675,0.105545580502468,0.1346899653904026
33,33.0,33.0,0.09568163133078672,0.11243566606890804,0.08235301681785073,0.08574597459457457,0.1005463001890537,0.10954192600005114,0.08581536652687591,0.08288438363400119,0.10515353354269713,0.13984220129520028
34,34.0,34.0,0.0845847063471962,0.10760348256489198,0.09563990419441436,0.09125054813698177,0.09584344779726013,0.1110225140525092,0.08143602410638945,0.0814555279312418,0.11388065664210784,0.13728318822700677
35,35.0,35.0,0.09622314371497612,0.11412570356818137,0.08369793441593477,0.08727538477144016,0.08941188632165448,0.11321310203158602,0.08171741616840678,0.09594978141880556,0.105292868860542,0.1330927787284723
36,36.0,36.0,0.09111580177930513,0.12047258825818379,0.08652610011880857,0.08602516692997324,0.09634244500034225,0.10731805161261596,0.08391966753431207,0.08258746901665316,0.10605329669108543,0.13963941305872
37,37.0,37.0,0.08660570939361856,0.11592696530633383,0.08761934496836178,0.09114720576533779,0.08558585531364456,0.11374067418114911,0.08314923381254756,0.08871574737687059,0.1115942827467628,0.13591498113537306
38,38.0,38.0,0.0917745430277514,0.12272557059877097,0.08306256471762107,0.08633833369843237,0.0843836426586612,0.10701325194214312,0.08330024092847992,0.09040591396206106,0.11249577461923924,0.1385001638468392
39,39.0,39.0,0.09076538044605093,0.11635449509618079,0.09056516483221111,0.09317125363351755,0.08705164498029157,0.10062220511391667,0.0854911556047901,0.09365386477766356,0.1029028655215522,0.13942196999382508
40,40.0,40.0,0.09061441363993589,0.12548582334359001,0.08042402299398076,0.08530420634653126,0.09779288333537084,0.10852543858473468,0.08611334971735775,0.08589449221554417,0.10513548000997533,0.1347098898129789
41,41.0,41.0,0.09081734695635771,0.12108171534233929,0.09887599388025903,0.07560970432353313,0.09011687955440618,0.10680032701714742,0.08224126971175395,0.08751010957459436,0.10386305613977241,0.143083597499836
42,42.0,42.0,0.09168053960070081,0.11234049004354614,0.08959517023160163,0.08945941656650222,0.09470390823993204,0.10730145907109902,0.08185500644961287,0.09457867827456673,0.10544263693731294,0.13304269458512508
43,43.0,43.0,0.09433232228885695,0.11609864792328575,0.09905596706022719,0.07797980933088912,0.09524077981730977,0.1107293915377559,0.08184638642255838,0.08161747829169258,0.10451145791725998,0.13858775941016394
44,44.0,44.0,0.0975447257943284,0.12911229280974879,0.07902219339897949,0.08429441942581829,0.08946451164542332,0.10466816199019009,0.07919964204262635,0.08942609151854686,0.10268912498246431,0.14457883639187358
45,45.0,45.0,0.094882392356001,0.11197898224966275,0.09687136311367467,0.08542229516289572,0.08444294275280477,0.10668976681771622,0.07954010078005588,0.08622280746710698,0.10959038914149173,0.14435896015858987
46,46.0,46.0,0.09805284208385665,0.11673719486542483,0.10057266918949923,0.08693494232920378,0.09520300016032064,0.103686342592385,0.08171142396495168,0.08338930371869671,0.09888402384708958,0.13482825724857148
47,47.0,47.0,0.08920637030504702,0.11583604705929886,0.09224876435886031,0.08951699307612661,0.0885509809446346,0.10696387141056812,0.08818172575713287,0.08805408653745939,0.10659250517066418,0.13484865538020763
48,48.0,48.0,0.08131475160836339,0.12972564880695087,0.08411617590147645,0.08684678260265037,0.08588274886970472,0.1154128663862059,0.07844939117593783,0.09069517485764028,0.10513544844794764,0.14242101134312202
49,49.0,49.0,0.10028623025549743,0.11938602090446149,0.08594961340919971,0.07610554992636116,0.08988132528558238,0.10292257136270994,0.08188608483752907,0.09626665840576787,0.10633450146860234,0.1409814441442882
50,50.0,50.0,0.09885592006116074,0.11538156346353946,0.09059453878974871,0.08516965989965852,0.09249550995630122,0.10013802895889279,0.08753271585167072,0.08127940715583268,0.10799888323843095,0.1405537726247637
51,51.0,51.0,0.09042495761538587,0.13156123601842898,0.09278731182294317,0.07537995510872787,0.08711835925872133,0.10843044569437996,0.08147308018126705,0.09529967512506331,0.10125497165643615,0.13627000751864587
52,52.0,52.0,0.08537205326788463,0.12244602598459209,0.08965831900540351,0.07825375247636361,0.09276833841770532,0.11277240471389367,0.08593106013962407,0.08563871132832915,0.1025747638846773,0.14458457078152606
53,53.0,53.0,0.09133603376001148,0.12394238244568137,0.09177439256382942,0.08609174895877562,0.08275762466791152,0.09839396405967304,0.07706975103558873,0.08915189442205253,0.10910481076568829,0.15037739732078745
54,54.0,54.0,0.09554439668276761,0.12641028314336583,0.09380900714975181,0.08556004651960848,0.08508728493313174,0.10028865293056158,0.08436198819539675,0.0756454833377699,0.10530435983215011,0.14798849727549576
55,55.0,55.0,0.08731729015229363,0.12439836205808247,0.09728702847396396,0.09028006774704733,0.08934540064216183,0.1048039163098009,0.07468481807072742,0.09167576151143847,0.09763678835088727,0.14257056668359624
56,56.0,56.0,0.09315236286139163,0.12681273900442205,0.09074074671602919,0.07380580801377595,0.09245377420310127,0.11563469781334744,0.07654837362894505,0.07853607935962582,0.11277800016911953,0.13953741823024163
57,57.0,57.0,0.0861505048696474,0.12361140743224909,0.08231437775042479,0.07392084701449225,0.09259545304012493,0.1223905397875605,0.0758585935097762,0.08307473069880698,0.11167989106628008,0.14840365483063725
58,58.0,58.0,0.0907034973379844,0.11512025846848127,0.09549894704170486,0.08808379158399186,0.09247527857803876,0.11659539159575062,0.0847519511773976,0.08283228230975831,0.09633250895681271,0.13760609295007908
59,59.0,59.0,0.09539520584289289,0.1265116171127142,0.08561275815005469,0.08019028465799587,0.09003580290080082,0.10907965602634809,0.06889466146920775,0.08775944440037985,0.11699014302081963,0.13953042641878585
60,60.0,60.0,0.09579593855478451,0.13165729742920307,0.08978447948088197,0.07491109091288804,0.09501326862465319,0.10232278840346641,0.07582848781661783,0.08049192214602757,0.11382357417546757,0.1403711524560094
61,61.0,61.0,0.09237988078111618,0.12314792327175657,0.09880915509530383,0.07761117554544272,0.08843848245170477,0.10754540155751784,0.08118170433210573,0.08512025602458752,0.10791651353510956,0.13784950740535484
62,62.0,62.0,0.10319571293189456,0.13494189902024079,0.09000709667717427,0.07280711900061536,0.07805281643744358,0.10905727791832824,0.07619526798370548,0.07914733469242624,0.10239503583704274,0.15420043950112833
63,63.0,63.0,0.08702947970851527,0.1313143266756559,0.0962934031115151,0.09152414098893767,0.08309070185039467,0.10118652837728775,0.07874215559159069,0.08704945343216945,0.10678908364698764,0.13698072661694546
64,64.0,64.0,0.09804280296485463,0.12186597684428624,0.08702301146672764,0.07540037962148476,0.09970818425827593,0.11028670974703284,0.07458879643863475,0.0821481644546997,0.10774700429111007,0.14318896991289298
65,65.0,65.0,0.09471504447224015,0.12108451581303051,0.08600153014177575,0.08893229650908628,0.08747363829508685,0.10643554745917402,0.07942769485360485,0.08895645014256945,0.10733305381652475,0.1396402284969069
66,66.0,66.0,0.0934620475672217,0.12615376125880182,0.08679329138198424,0.07032220883277421,0.0906169135748979,0.10454589797706183,0.08126404035083286,0.07799622628766262,0.11644432018963319,0.1524012925791292
67,67.0,67.0,0.10243213313819947,0.1370200559196787,0.09244019230480721,0.06485653638334822,0.08742029076891378,0.11246194184710806,0.0784805660147661,0.08321418538554604,0.09212416728305027,0.14954993095458163
68,68.0,68.0,0.09329967537210443,0.13979904074337834,0.09299714110701213,0.07413009726352844,0.08360959740601209,0.10417981771214337,0.06907413937132649,0.08487443999943456,0.11369712800675856,0.14433892301830123
69,69.0,69.0,0.094321268173787,0.1392387049677011,0.09190410173024732,0.07572180907623434,0.07988651745220511,0.10030886357906772,0.07389046026529654,0.08684733689778426,0.11291426087549393,0.14496667698218219
70,70.0,70.0,0.09098799742359409,0.13420274388743503,0.09424258234426351,0.0809570953519828,0.08051720849615623,0.10199283212751045,0.07404049619072166,0.08111265400707256,0.11369457493088092,0.14825181524038228
71,71.0,71.0,0.0914271709132286,0.13021160569001855,0.08803294697515276,0.08178425630606019,0.0831275204335267,0.10602107019295347,0.08391063460053262,0.08466161381258352,0.1074395996439683,0.14338358143197483
72,72.0,72.0,0.08881701119310564,0.1364745588752196,0.09074619291104863,0.08208252255111718,0.08810256539632913,0.1106465446094467,0.07091580659946056,0.080664915277464,0.11125663757016893,0.14029324501663923
73,73.0,73.0,0.10424751552539778,0.12519745868670518,0.0953362055779842,0.0720478463661889,0.08166193573318084,0.1048270933145899,0.07806946235460384,0.08489388837980243,0.10905105439982694,0.14466753966171955
74,74.0,74.0,0.09152614999678482,0.12624664440175865,0.09152381827957554,0.07378271734807829,0.09272980087881859,0.11132447788164283,0.08428678569117892,0.07157977399690404,0.11201786767639223,0.14498196384886558
75,75.0,75.0,0.09243372448276227,0.1205146141802948,0.10053497315853747,0.07338864744687529,0.08940078637631778,0.1110121020248771,0.07271179392308397,0.07715630069162924,0.1123734891454227,0.15047356857019895
76,76.0,76.0,0.09196982756453173,0.12429756327962455,0.0966531880579354,0.09036023682908094,0.0900335126792328,0.09752164351552482,0.07267169807502577,0.07978059247843154,0.11190365294961291,0.1448080845709991
77,77.0,77.0,0.09321962498416875,0.1237630882094986,0.0976432970561219,0.07698730425368004,0.09338689936184652,0.10239393367313261,0.0781278362958507,0.09219726395872356,0.09787991652385133,0.14440083568312548
78,78.0,78.0,0.07783955964691658,0.1256366985920624,0.09641086351592826,0.07188247445255683,0.0911531510237252,0.10869495965598852,0.08670606615814312,0.08168791762671528,0.11420500212302809,0.14578330720493526
79,79.0,79.0,0.08765596096749403,0.14067532707483055,0.09697500337001629,0.06852323651188774,0.08338517451320257,0.10949217530347181,0.08060630873952587,0.07836040873379028,0.1087657266384066,0.14556067814737375
80,80.0,80.0,0.09403388485786444,0.13219195966534122,0.09588149455333338,0.08651360241924894,0.09021819742662862,0.10386933204442815,0.07416006665886143,0.0770796539002927,0.10578366491553051,0.14026814355847017
81,81.0,81.0,0.10080992171016384,0.1187339776574326,0.09877117258251449,0.08502516078384634,0.07923636053483976,0.11527767037357695,0.07566381054185037,0.07667401319760744,0.1072215285454764,0.14258638407269136
82,82.0,82.0,0.09515377002382813,0.12125551795912935,0.08608450241506577,0.08135772667039208,0.08753907013065156,0.1053424379227878,0.07331176330039645,0.0817465912779379,0.10109579068147428,0.16711282961833612
83,83.0,83.0,0.08928472856819197,0.13368619500066115,0.10225059623717364,0.07505762384830585,0.0879068316599701,0.1099677852072472,0.08372794737003737,0.07111696791358645,0.10578719817950505,0.14121412601532068
84,84.0,84.0,0.09427993717552176,0.13052587656303474,0.09025623674837749,0.07833345497597882,0.09201220281728442,0.09592677672585677,0.08019478372228206,0.06305218628220065,0.12247960836490392,0.15293893662455887
85,85.0,85.0,0.08006789690472214,0.13413921556447,0.09722972166438927,0.08277450915504993,0.08507636221910034,0.10784651233183555,0.0804131606814697,0.0772550854621976,0.10610126340441961,0.14909627261234545
86,86.0,86.0,0.09135865595012695,0.11132436382862647,0.10864612478021818,0.0782214762599264,0.07989533207418914,0.09970780934261944,0.08260948359187541,0.0878310540471423,0.1117252099447218,0.14868049018055346
87,87.0,87.0,0.09213511460419231,0.12301730974927248,0.09799661626959165,0.08982981843482327,0.08273334388093444,0.10197294282615564,0.08657085916937095,0.07665369309512308,0.10521076053466985,0.1438795414358659
88,88.0,88.0,0.10822967703696652,0.13719199018532416,0.09776504889154396,0.06892637616458235,0.0754586200554266,0.10579006444269584,0.0850043131903924,0.07601600197331163,0.09997516339594822,0.14564274466380786
89,89.0,89.0,0.0882242904822709,0.1320149732455771,0.10876257727843493,0.08066520557311037,0.0805660223031618,0.09871627421045269,0.06792881147947426,0.08709627260314218,0.10736878669089184,0.14865678613348343
90,90.0,90.0,0.09728108685811053,0.1312100934139827,0.09267898178367057,0.0801929967855908,0.09130695428924107,0.10212832095384318,0.07828677686986013,0.08987061312714499,0.1000293680573014,0.1370148078612541
91,91.0,91.0,0.08674885194070453,0.13900009690967724,0.09772830605052926,0.0746921659838196,0.0870571771277558,0.11275211095276358,0.07191614485456609,0.07989822358860178,0.1009743703588088,0.14923255223277282
92,92.0,92.0,0.09229415463322409,0.13455844848483103,0.09236776722256873,0.08082272342619201,0.0813201160209756,0.10387092830540245,0.07531670914076553,0.07533949255775745,0.11173772080517559,0.15237193940310706
93,93.0,93.0,0.08989859882306778,0.13634244992260658,0.10005036926963562,0.06325128484534932,0.09135588768438514,0.08980684294139417,0.08030817115584515,0.08707699851583509,0.10052521186879187,0.16138418497308882
94,94.0,94.0,0.08385346387627803,0.12211965158024557,0.10009057073277852,0.08635381508986509,0.09156649265323284,0.11226283542699557,0.06951921011667099,0.08290054009478123,0.1141775567733847,0.1371558636557671
95,95.0,95.0,0.09533012636056147,0.12902717349541176,0.09042364911682892,0.06785731340471572,0.0812123130489093,0.10723649532723847,0.08103234491252422,0.08957022760356158,0.11336663392424844,0.14494372280599965
96,96.0,96.0,0.08502754711832544,0.13175219837145125,0.09524878072951672,0.07518246428760367,0.09538541272845527,0.11131133159723243,0.07485132564992,0.08853487639677536,0.11042021264551115,0.13228585047520827
97,97.0,97.0,0.08896782362448627,0.14803977597675533,0.10090579749473139,0.07600026268982839,0.08795561829578695,0.09461808061735394,0.07284015719808247,0.07821698861973406,0.09622604799954186,0.15622944748369894
98,98.0,98.0,0.09002958308241306,0.13203167781377442,0.09784083762846235,0.07596644259005551,0.07852165650031566,0.11239791715921858,0.07679845413851477,0.07225422395360236,0.1121470359199637,0.15201217121367916
99,99.0,99.0,0.10337750432796344,0.1437844278805877,0.0983749970128786,0.07867670965888224,0.08641846146148174,0.09602977194074869,0.06505636463108239,0.07606208050378747,0.10222438988194749,0.14999529270063977
100,100.0,100.0,0.09533592620385913,0.13906797846510813,0.09258029871577701,0.08148955771912565,0.08213537606647886,0.11114050971360884,0.06690056426243512,0.0757323125641235,0.10370151025288729,0.15191596603659605
101,101.0,101.0,0.09446380534101236,0.12981367680564027,0.08755604375883842,0.08277518476395516,0.07993277174566635,0.09892464414121671,0.081409945083803,0.08168226259300623,0.10936449710217905,0.15407716866468193
102,102.0,102.0,0.1034152488573341,0.1368665608399445,0.09176399006966687,0.07001768241658729,0.09105185903624446,0.10181412443610277,0.06345412018811951,0.08442000472384283,0.10834322957132517,0.14885317986083202
103,103.0,103.0,0.10182080537196009,0.12459345640094553,0.09747066886736006,0.076672623465982,0.08473431457508845,0.1131121669260166,0.07189803849121673,0.07769927427293946,0.10711764175414791,0.14488100987434271
104,104.0,104.0,0.09159431777936725,0.13882096376947792,0.10606991742611432,0.07511976218213094,0.0788742938131847,0.09802228807276775,0.06958088208511698,0.08158354392268145,0.11011702751159366,0.15021700343756456
105,105.0,105.0,0.09173103350302925,0.13385126161040103,0.09751540076297262,0.07235010758146893,0.08344605425736336,0.1086974457798331,0.07720517156660339,0.07897009832616857,0.10245847341595775,0.1537749531962015
106,106.0,106.0,0.09255907546785033,0.14304362632822146,0.10934474673767561,0.08489353823614275,0.07986499204522542,0.09247637256834407,0.0689060048653326,0.07073743445598779,0.10149067431884688,0.1566835349763726
107,107.0,107.0,0.10251665663205861,0.13517554666902665,0.09560535250145466,0.06666073552889809,0.08101478050636622,0.09432443999960372,0.07502245985778883,0.0688551302335077,0.11621434443771846,0.16461055363357657
108,108.0,108.0,0.08974982010024837,0.13501738034984656,0.09936168773080355,0.0822438450048515,0.07239762633243522,0.10324791282087048,0.07512031327079167,0.07949881464285131,0.10552957450406135,0.1578330252432395
109,109.0,109.0,0.11024547577240608,0.12193569154374988,0.10141881670541006,0.07610078142754188,0.08113346275877163,0.10618190511827301,0.07496017295819143,0.06658877849882928,0.10961376564736253,0.15182114956946383
110,110.0,110.0,0.09490434488956295,0.14636558041204992,0.10120345631620188,0.07509046082139417,0.07909645964577464,0.09860983897837908,0.07676835468309323,0.0750778218328701,0.10241917836001843,0.15046450406065515
111,111.0,111.0,0.09409443451324324,0.14132595436758472,0.09532304785077474,0.07631131979709398,0.07808355068668735,0.10175023376202745,0.0718882341982151,0.07712647335194162,0.10984559898314866,0.15425115248928267
112,112.0,112.0,0.08436220629436161,0.140283959596397,0.10153321794170628,0.06945475619609175,0.08729985921547301,0.09661682956839653,0.08149556346309887,0.0796956836725992,0.10834047786493915,0.1509174461869362
113,113.0,113.0,0.0954588536212371,0.14018439143650122,0.099163051509259,0.06999679706665403,0.0812667238560216,0.0946940433618987,0.05844902055707399,0.08051266876782245,0.11211567018452755,0.16815877963900397
114,114.0,114.0,0.0970640664590804,0.13228889967425364,0.09904526047103576,0.07105257780523117,0.07766575223060436,0.10928396081209582,0.08272789548237489,0.07867011169878657,0.11439381318306571,0.13780766218347126
115,115.0,115.0,0.09976992222629182,0.1245980212388493,0.09444464445035299,0.07762658968894393,0.0811627865637775,0.10515494335134566,0.0705453345430612,0.08262765589340935,0.10481954752920315,0.15925055451476466
116,116.0,116.0,0.09872369025420218,0.13575170253233115,0.1014415503834318,0.06286414949266002,0.08871666135644274,0.09710875718376193,0.06861194430322007,0.0764005433340166,0.1151521044583261,0.15522889670160694
117,117.0,117.0,0.08793810575552653,0.1337817125910593,0.09217649575688064,0.07451863027715912,0.0846687512094716,0.11303357058437197,0.0644384537527079,0.08181093778384749,0.1122695557631924,0.15536378652578262
118,118.0,118.0,0.10220844444972957,0.12478911818368515,0.0977327397717127,0.07201541741966705,0.09728210629568171,0.10606718620171114,0.06761458883460285,0.06023209658980704,0.11406294245367965,0.1579953597997227
119,119.0,119.0,0.09591430095340911,0.13352694844253896,0.09897456038392335,0.06569346705290485,0.07482538327164857,0.1076106576292202,0.07817341520398759,0.07290241546951921,0.12016938722481993,0.15220946436802776
120,120.0,120.0,0.09267998840081794,0.12202299544542239,0.09318407995509641,0.07401451970776912,0.08190702793273136,0.09845080913927796,0.07924860812565972,0.08392063815958577,0.11410693905107114,0.16046439408256774
121,121.0,121.0,0.09408792439156174,0.13542734647612237,0.0933944501943519,0.07440477916699588,0.0778357103914308,0.09850381585100515,0.07803781427528439,0.07681393819115938,0.11611969026217268,0.1553745307999153
122,122.0,122.0,0.09186080355960688,0.1258154017195767,0.10068966584704399,0.07798295796723297,0.08800877422232072,0.09631987470788167,0.071674567014223,0.08869680683043127,0.10297498711970214,0.1559761610119802
123,123.0,123.0,0.09128147508364114,0.1337218780032178,0.09768688149833224,0.07508645629854499,0.08347474861268295,0.10361155347493839,0.08143714367518486,0.07453119375749567,0.11133579824064418,0.14783287135531736
124,124.0,124.0,0.09277356348222605,0.1307780098829617,0.10477329099793399,0.06959125374150793,0.08652388025410575,0.0941604275955586,0.0744860011432197,0.07363519315115581,0.11961716806342879,0.15366121168790123
125,125.0,125.0,0.09149791374449036,0.13160925691270783,0.09440158618581905,0.073880047436026,0.10162925493272566,0.10007569657023446,0.06916598941965907,0.07417462817345302,0.10825034306598617,0.1553152835588979
126,126.0,126.0,0.09337122013310166,0.1426147633006985,0.10439148115704452,0.07477735215615088,0.07259659088949526,0.10563658975713762,0.06249901246984243,0.07530872528584082,0.11757101653563834,0.15123324831504947
127,127.0,127.0,0.09202863725946997,0.1314202993577948,0.09766614933662339,0.0787018414747095,0.07284102572331054,0.10757260448293264,0.07861247085189238,0.07544043575296851,0.10628538749711468,0.15943114826318308
128,128.0,128.0,0.09224749668884376,0.13640591516008763,0.09761134377516854,0.07138924007905238,0.06850231416693506,0.12034253859411306,0.08384356621232017,0.06387490270755694,0.1123031976967966,0.1534794849191254
129,129.0,129.0,0.09606104543612076,0.12239624187651829,0.1015963852460112,0.07481359912453187,0.07859465776628027,0.10547067877825207,0.07146898554653212,0.07510976972431747,0.11182918541365264,0.16265945108778285
130,130.0,130.0,0.08401013329926504,0.14229739962431528,0.11230542943544486,0.08705708715317796,0.0769564782066153,0.09949512502356012,0.08022510533754218,0.07747531988078987,0.10092572412372902,0.1392521979155599
131,131.0,131.0,0.10220397274898313,0.12661233774057298,0.10799192176201675,0.0722567323495755,0.07772701673602939,0.09310435162335334,0.07683495409199857,0.08430921387186263,0.10071445645584673,0.15824504261976047
132,132.0,132.0,0.09763987976241394,0.13514160055945376,0.10362130835904189,0.0616411482907406,0.07590994564817101,0.09496312821356695,0.0754747892774392,0.06843895582442833,0.12445832564966319,0.16271091841508067
133,133.0,133.0,0.08816760181375628,0.13229328786333952,0.09956705865354176,0.07836624060635791,0.08878582018660773,0.10790124932834294,0.0709961088611944,0.07650612988096693,0.11260815100544964,0.14480835180044244
134,134.0,134.0,0.09296581447460343,0.13071121550788747,0.10626409838401879,0.07468937914969927,0.08163527375052299,0.10197302220952814,0.08226132212282838,0.07396543130995886,0.10175819514399624,0.15377624794695594
135,135.0,135.0,0.08405532843594009,0.14497470325928108,0.10777947950109762,0.0683571713385493,0.07298032513540952,0.10036478836533888,0.06794225167055104,0.08210247251010507,0.11761211738477617,0.15383136239895082
136,136.0,136.0,0.10073846943347758,0.13635728563041727,0.10122868624904657,0.08128642989645761,0.08330185449571834,0.09165612237586934,0.06480090706549899,0.07593819406886333,0.11301686548358005,0.15167518530107052
137,137.0,137.0,0.09769085381485487,0.12814011441172768,0.11747000485495003,0.059411009189836245,0.07948931484580908,0.09457405439168201,0.06770403719634434,0.08205866372310995,0.11182523201508661,0.16163671555659875
138,138.0,138.0,0.08975527778925418,0.1369873626927254,0.09832784285767672,0.07288641387688574,0.08475311273016722,0.1042181964407775,0.07488849297030069,0.07775751162372696,0.10982622948673547,0.15059955953174964
139,139.0,139.0,0.10163234296441877,0.13302658169522033,0.10207563688610667,0.07495356256777484,0.08995141464726762,0.10476227491480988,0.07694531583755168,0.06646074151933165,0.11496984886862216,0.13522228009889597
140,140.0,140.0,0.09495250492962709,0.136989739139506,0.10430481376198038,0.07300315407201155,0.08139527485932135,0.09171222211002589,0.06854827355612882,0.07726893663914518,0.11537036402958628,0.156454716902667
141,141.0,141.0,0.09893795700001226,0.13969052643791122,0.10282500079855793,0.06517536328863206,0.08350563961207363,0.09834605972182557,0.0655660866590462,0.07214372460030605,0.11715367603888531,0.15665596584274943
142,142.0,142.0,0.09737382325232091,0.13596705013949328,0.10465124737656933,0.07324649257178928,0.07335645089444026,0.10440300214180293,0.06662838744759365,0.07023661866029268,0.12163514788041535,0.15250177963528194
143,143.0,143.0,0.10997402575938944,0.13787417263780866,0.09888547630231237,0.082049012139907,0.07750922256744824,0.09966137822161043,0.07270838951686195,0.07350191411765133,0.10774745717217325,0.1400889515648369
144,144.0,144.0,0.08881587973229534,0.13743191944701738,0.11734194544432221,0.06795312820813658,0.08903364624215343,0.09816152192000463,0.06773279151028379,0.07222280552892561,0.11281630263278489,0.14849005933407575
145,145.0,145.0,0.10208811164637947,0.1322189403262536,0.10659541048914555,0.08000291408810022,0.0752766327428875,0.10033890611464003,0.06054750760447598,0.060905539270485094,0.1264903488770892,0.15553568884054297
146,146.0,146.0,0.1037485468295227,0.14717308183417488,0.11161471474963168,0.06500694231026911,0.08774391033420141,0.09452660761556543,0.07400529913981388,0.061057775357887506,0.10911285159709533,0.14601027023183763
147,147.0,147.0,0.09351539023618353,0.1452873733698427,0.09511225276604648,0.06547910593574048,0.08516476095173116,0.0910574657902929,0.07829172266944034,0.06824739173579468,0.12225133735592197,0.15559319918900527
148,148.0,148.0,0.09932013587877996,0.12976736512127365,0.09301026614382844,0.08307838681676485,0.07365113977730657,0.10692552844528752,0.08192952858043677,0.06618519772388791,0.11362174360870252,0.15251070790373136
149,149.0,149.0,0.09767641942061248,0.14002640114549714,0.09605784996181171,0.07632441701405455,0.07508641396493382,0.10006614518613922,0.06888609538537219,0.07868786620464348,0.11741458390570732,0.14977380781122762
150,150.0,150.0,0.09855449895518982,0.13594547042131086,0.10582533171277349,0.07148080283401669,0.08067308106016134,0.09526186021957035,0.06975795917711448,0.07978483266655664,0.10989154052827449,0.15282462242503136
151,151.0,151.0,0.09446699409761186,0.13156280047594568,0.10270158355248432,0.06907165508026426,0.08847823962421544,0.09114565898427078,0.07918972117798193,0.06589616867120746,0.1204224467486817,0.15706473158733616
152,152.0,152.0,0.10136627109152128,0.13397248935911213,0.10578136582063886,0.07269330939985892,0.08996718091611455,0.09653530826268639,0.06556991579696833,0.07644722613374992,0.10649107321228991,0.15117586000705918
153,153.0,153.0,0.08707672522554005,0.1255646006258604,0.11300263597430939,0.07889053649357165,0.08223542414948878,0.10685084900094557,0.06243195239956941,0.07119057236323549,0.112735133796728,0.1600215699707508
154,154.0,154.0,0.08320002769375984,0.13019334194827029,0.11313504438976207,0.07004526006421706,0.09449567887173521,0.10924310553110467,0.06510784751367378,0.07339894026802064,0.11121208669411538,0.1499686670253406
155,155.0,155.0,0.09759359683829989,0.13422686167831271,0.10174962164324233,0.0696992450624983,0.08266444209572603,0.09750699501860631,0.06609606677080812,0.07661693801245778,0.12134458399865908,0.15250164888138903
156,156.0,156.0,0.09534493577399317,0.13868186006377173,0.09575980848513423,0.07502753563311437,0.08461516250646084,0.09102992184641304,0.0731710251616244,0.07560849867911415,0.11646398463669597,0.15429726721367765
157,157.0,157.0,0.10106652213371461,0.1370331298195126,0.10128862193553008,0.07048429713002363,0.08742273092507896,0.09555480463388005,0.07556415052301403,0.0685532973018449,0.11124379804154974,0.15178864755585098
158,158.0,158.0,0.08359583272441308,0.14159697916170114,0.10184654880722027,0.07306918508717171,0.07858400613810027,0.11602064044813812,0.06534229691126058,0.08144877256096786,0.11600290546571485,0.14249283269531177
159,159.0,159.0,0.099298983365627,0.1354861002348419,0.11431798361698801,0.07528580998010363,0.07877343315507418,0.09700790654749687,0.0733717733641708,0.07808429800498788,0.10453980400642407,0.14383390772428523
160,160.0,160.0,0.09921902022968514,0.1237537149217011,0.10255196255481304,0.07447451830731262,0.08728865802572718,0.0967213718495447,0.08167267417895047,0.07148454583220144,0.11063745092926204,0.15219608317080185
161,161.0,161.0,0.10731779307499746,0.13499568710514814,0.10162644369310703,0.06349204296413213,0.08139595704891106,0.10396690980579598,0.07309975824129475,0.08239409249146096,0.11106436481069287,0.14064695076445918
162,162.0,162.0,0.09328535231270679,0.1330818060810851,0.0966746534440626,0.07262462629875796,0.07730553414723929,0.1056391901355227,0.08169615425112917,0.06935721353660773,0.11542739461000134,0.15490807518288685
163,163.0,163.0,0.09688804896317847,0.13785785589240723,0.11897288777972048,0.06257452325673213,0.07238989413778942,0.09216606533800406,0.07998622108459058,0.06591246677914792,0.10968214701391481,0.16356988975451447
164,164.0,164.0,0.10489321242789662,0.13387394258650887,0.1220196352544428,0.06540184470842597,0.07745832688362554,0.09851975239961924,0.06592884969244843,0.0647691258997875,0.11416527133073501,0.15297003881650964
165,165.0,165.0,0.09982524108553575,0.127730027405755,0.09539654466180124,0.07087543551838053,0.07052736541789144,0.10280546221893902,0.08351545649243634,0.0737267511187726,0.11473681648479969,0.16086089959568797
166,166.0,166.0,0.10223292016904201,0.12603417183313204,0.09559003642033376,0.07293109709527387,0.08052790412296693,0.10740039764756161,0.07824628306575646,0.07309009075745805,0.11696812384855287,0.14697897503992194
167,167.0,167.0,0.08599206729751871,0.1405774112995637,0.10970504433459008,0.0775301601054967,0.08114644463058501,0.11768056515770958,0.0625162453821999,0.06789527004076987,0.0979424818976324,0.15901430985393372
168,168.0,168.0,0.10368525393345773,0.13119376108404499,0.11312447248003028,0.08145321392894073,0.08239279264501694,0.08547077976629718,0.0707836149226682,0.06701665558463804,0.11568064074256441,0.14919881491234102
169,169.0,169.0,0.08739333162904814,0.1381346364074814,0.10475639384170272,0.07938897126753626,0.08623813876892172,0.0984013487343583,0.067135565701476,0.07579045941366597,0.1062003061999151,0.15656084803589398
170,170.0,170.0,0.1000147443628465,0.1344116453958718,0.08912538877498485,0.06450790025901898,0.08330782010259018,0.10808737049010288,0.07633019425494894,0.08846784987353999,0.10257284558002076,0.15317424090607468
171,171.0,171.0,0.0964205744442057,0.1322192816033444,0.10920485128498787,0.0722246261302276,0.0840175407882689,0.10744877238288236,0.06705103225131098,0.07274238463498878,0.11466111001486026,0.1440098264649227
172,172.0,172.0,0.10092827678760491,0.13273208077673632,0.1056502318663596,0.05838131328075437,0.086917474320581,0.1007210904693605,0.06800115772929981,0.07025483390340345,0.11761858628825451,0.15879495457764514
173,173.0,173.0,0.09118720224941453,0.1266486086721138,0.1066825848365659,0.08427366287357273,0.08050975261767733,0.08643573102418162,0.07143664902420217,0.07156660167135333,0.12531928607738488,0.1559399209535333
174,174.0,174.0,0.10052481591452021,0.12987977719254157,0.09920246415601847,0.06532494198285187,0.08233775955517977,0.10000520836844824,0.07010655586504351,0.07713839452834155,0.11575252981930767,0.15972755261774663
175,175.0,175.0,0.08426612956967561,0.12849021007222663,0.11076842288113455,0.07435303123417793,0.08173674515553249,0.10245356282139027,0.06603281065194408,0.0784385520375304,0.1121404008401617,0.1613201347362259
176,176.0,176.0,0.10341058650435847,0.13031681046427068,0.10848948078830538,0.06988857436801996,0.08107689586164614,0.10130374689159206,0.06077179888516567,0.06756424568542593,0.12405214381341992,0.1531257167377954
177,177.0,177.0,0.09411654021352983,0.1373861397231508,0.11168250519822731,0.057513453291293565,0.08308225266392359,0.11292838242078555,0.07428473958450488,0.0743045504123992,0.10783502059417267,0.1468664158980122
178,178.0,178.0,0.09085541696854808,0.13492011284352104,0.10026026366899907,0.07377769215526259,0.07712086189434503,0.10902165938204098,0.07355356284006304,0.0676355455010465,0.11783249152951585,0.15502239321665742
179,179.0,179.0,0.09366804273395016,0.14229435648103114,0.10013840386903235,0.07715383679962454,0.07749750384780735,0.09829031142451203,0.07906537490089742,0.07288511181574209,0.10693641157415555,0.15207064655324698
180,180.0,180.0,0.09464512381108202,0.13176976123928513,0.10837065806939489,0.08147617841580196,0.07489937986856755,0.10657207543336483,0.06276052238171784,0.08235561910459542,0.11868609881037423,0.13846458286581564
181,181.0,181.0,0.08941034899975946,0.13339257714115157,0.10629585700798065,0.07840746933411026,0.0713547621081489,0.11024118517286788,0.07574216935963927,0.06677807866891611,0.11541749321056699,0.15296005899685852
182,182.0,182.0,0.09137460727500601,0.13591213525825363,0.09642830283861144,0.07041236840458166,0.0848160199731936,0.11328605601754821,0.07546205881629812,0.07677453394389026,0.1071077613942129,0.1484261560784037
183,183.0,183.0,0.09665096566510784,0.13382681189436235,0.10194638336537104,0.07665274403546177,0.0797129272177123,0.10243148306160736,0.07670959281766922,0.07179470041319427,0.10136373044910246,0.15891066108041088
184,184.0,184.0,0.08007330373642745,0.14805825434916187,0.1013419226627536,0.06600280049883644,0.07864377051386015,0.10864355167727958,0.06467525465649408,0.06894124010998381,0.1269212991780343,0.15669860261716825
185,185.0,185.0,0.09021203896117648,0.13315192779969934,0.10888086849417213,0.06559017579074392,0.09501782224660667,0.10088792975794186,0.07343589951705715,0.07368157020705916,0.10434331055386509,0.1547984566716778
186,186.0,186.0,0.08881510523825836,0.13897796006827146,0.09900067121709401,0.08566088104009757,0.08718170062318208,0.0971406909635298,0.07408267515960765,0.07013192969640675,0.10755319352832261,0.15145519246522932
