,Unnamed: 0,Generation,Intertwine_two,Add_vertex,Delete_vertex,Invert_path_vertices,Insert_inside_vertex,Delete_inside_vertex,Replace_inside_vertex,Donate_between_routes,Trim_one_terminal_cb,Grow_one_terminal_cb
0,0.0,0.0,0.10000000000000002,0.10000000000000002,0.10000000000000002,0.10000000000000002,0.10000000000000002,0.10000000000000002,0.10000000000000002,0.10000000000000002,0.10000000000000002,0.10000000000000002
1,1.0,1.0,0.10371027961053839,0.08152344060323202,0.10476431758321358,0.10461919745152226,0.09366841546589966,0.10649245965335552,0.0927471457990168,0.06894433697830868,0.13120449767450826,0.11232590918040442
2,2.0,2.0,0.10611723106651365,0.08054471212149869,0.10727756067120128,0.09458682705542551,0.09564596111489548,0.09687509178772262,0.09729228181295939,0.07027912833288227,0.1379672341777416,0.113413971859159
3,3.0,3.0,0.10612389192795339,0.09089502829922359,0.10697174494797153,0.09040059535314682,0.0975914049742119,0.11164959670386491,0.0846046917030597,0.06879892101569852,0.1296009326234668,0.11336319245140229
4,4.0,4.0,0.107488639454034,0.08703615407777458,0.10937669284439404,0.09861600115697437,0.09209744859047962,0.09619459004633771,0.09507620431677444,0.07016383182988181,0.12585977055600223,0.11809066712734669
5,5.0,5.0,0.10362113095111977,0.09531436992715356,0.11272430741577003,0.09719004684738171,0.09145587786866108,0.09954535603589679,0.0871709602335988,0.07484787394224894,0.11992136550215826,0.11820871127601058
6,6.0,6.0,0.1073101356944031,0.09291979382612917,0.10816216891076431,0.08786127199588326,0.08629453555085213,0.10929723672764365,0.07479471846497619,0.07683079401860991,0.12349129941273192,0.13303804539800582
7,7.0,7.0,0.10975134123693062,0.09627654492768888,0.10512599995674113,0.09041611906890366,0.08886969416864972,0.09430850290903865,0.08460358776207624,0.0780172026952467,0.11965623897231825,0.13297476830240568
8,8.0,8.0,0.11922064001235935,0.09239315107992185,0.10921203671902513,0.10157863600335051,0.07952157424934017,0.10039367467154765,0.06912122095022676,0.07227601278933846,0.11891369528167757,0.13736935824321206
9,9.0,9.0,0.11817749886050848,0.09806953907265147,0.10123086538930337,0.08924781952334228,0.08106646201024462,0.09776621582270238,0.07582233886060172,0.08013081685089667,0.11912824637711535,0.1393601972326332
10,10.0,10.0,0.11130244395096581,0.10416627808173014,0.10370411799888604,0.0856814474775236,0.09435885175650013,0.08816630780094738,0.0730496288609637,0.09032636710586762,0.11246665481603875,0.13677790215057645
11,11.0,11.0,0.12321774253555176,0.10882155288804991,0.10245983703208254,0.08072957791864958,0.0855874571101647,0.09225077671941646,0.07082571069747523,0.0730530038919414,0.11881772638696306,0.1442366148197049
12,12.0,12.0,0.1224244664907892,0.11485403907704386,0.10266661910148789,0.08597744786673107,0.0878053710578077,0.09104917810259797,0.06521801240329929,0.07678791150504252,0.10980354030034749,0.1434134140948525
13,13.0,13.0,0.12453032011773202,0.10655042011717715,0.11074129317057375,0.07806760558281282,0.08837323861004134,0.08320869870694315,0.06598344032003053,0.08221593353486917,0.10566515314867495,0.1546638966911446
14,14.0,14.0,0.12638370047262965,0.10096174065783363,0.11454508365866327,0.07140626511467477,0.07799685344528681,0.08270248980909786,0.06780055124389392,0.07502476129770189,0.12000181970080799,0.1631767345994098
15,15.0,15.0,0.14534880534320435,0.11047546032785942,0.11310458984214436,0.07279560880534429,0.06461400539579945,0.09719995241285191,0.060279717123488855,0.0756394916105812,0.09968908016731279,0.16085328897141288
16,16.0,16.0,0.13814781459634548,0.11381146130329807,0.10755126832746553,0.07337875441485828,0.07242835212433055,0.08248119176852746,0.06482179359477146,0.08095042889070671,0.10698502450355803,0.15944391047613798
17,17.0,17.0,0.1416794172187326,0.10527496725851866,0.11115896259147388,0.07203605764733198,0.07525754142699759,0.08671900081261971,0.07016507651154576,0.07653902350604966,0.105022587570973,0.15614736545575675
18,18.0,18.0,0.12951921650301945,0.11229601420694624,0.11314266710375727,0.06362821747193192,0.0806260456669233,0.07923356664152455,0.06778285850159074,0.074927224915179,0.11150747158376959,0.16733671740535752
19,19.0,19.0,0.13010592009199168,0.11459597614641666,0.11040535989799609,0.06947955333526998,0.07725578799956058,0.0882258675395607,0.04925938158297326,0.0820849295249331,0.1121963203100184,0.16639090357127911
20,20.0,20.0,0.12660050714811016,0.12457032100349283,0.1062734634690132,0.0657856658001362,0.07361415622549247,0.07682385981290508,0.07132799885241928,0.0758906325752409,0.1171420823488302,0.16197131276435928
21,21.0,21.0,0.14025340592753296,0.11990548053971158,0.10653332080437998,0.0654978808262585,0.05728020297965321,0.06922935791106899,0.061720630449030436,0.0963908254249041,0.10864550332594174,0.17454339181151818
22,22.0,22.0,0.15278546326873993,0.10306399968379676,0.11617938431847244,0.0665767544123588,0.05513776105922834,0.08398013989915123,0.05569299427680685,0.08018971935238152,0.11395012820169917,0.17244365552736463
23,23.0,23.0,0.14182120413215754,0.11520247410592233,0.1080571572601086,0.06622399928103614,0.05441104811423444,0.07446410946694762,0.07116504606169502,0.07814756557790707,0.09773494051882732,0.1927724554811635
24,24.0,24.0,0.14943206537213405,0.11063108611683181,0.10286728199749436,0.05936295640695628,0.05376080689535383,0.07691051258037535,0.06816542312527459,0.0927726677170874,0.10877216341027962,0.17732503637821231
25,25.0,25.0,0.156705311716992,0.10603390606882208,0.10853150711226729,0.0604739770837141,0.0577212423818602,0.07884464674130584,0.07216617896274036,0.07536912806418455,0.10937495274379454,0.1747791491243187
26,26.0,26.0,0.14734219488049477,0.11833802004413112,0.10028935056710522,0.06095203156796445,0.07493580675522866,0.07031029424642235,0.05814349984778372,0.08275852172270838,0.1035178789813533,0.18341240138680764
27,27.0,27.0,0.16456121339346602,0.11363408433673769,0.1116739389118436,0.05262074419532914,0.06298824629550759,0.07961701125020645,0.05570170758387103,0.07259500808596575,0.10027207524188413,0.18633597070518818
28,28.0,28.0,0.16542998898337344,0.10948775843600005,0.1108452998730115,0.06967054912972083,0.06708168814119234,0.073601217754069,0.05234277351025266,0.07049340953985042,0.11819789419242106,0.1628494204401083
29,29.0,29.0,0.16420814464106936,0.0937913241667069,0.11830469587599095,0.06280582016963979,0.0580806666441341,0.07505820329684827,0.05680298542734939,0.0744026706730799,0.10457741621038541,0.1919680728947956
30,30.0,30.0,0.17216477400665564,0.1275500161119169,0.11815897034110404,0.05486542519089993,0.053717334384368855,0.06098882882054048,0.07165847953489526,0.0718945750014209,0.09882221107624249,0.17017938553195514
31,31.0,31.0,0.17099081897726343,0.10748531526530118,0.10399494481931612,0.05500493394675208,0.05927298379178605,0.06706220473838471,0.06448384796452927,0.0776765401471955,0.10487248545232539,0.18915592489714586
32,32.0,32.0,0.1652219511795739,0.12220392349250489,0.10140610572043636,0.0587341019736343,0.055162415543339546,0.059752686263628785,0.06725125152681223,0.09461577803998159,0.09491880598425226,0.18073298027583584
33,33.0,33.0,0.17690254325640214,0.10243254075602903,0.1213541320039162,0.052276371519073564,0.05971041969948534,0.06992600320003159,0.057829003617641206,0.08322627308702037,0.09454631865409406,0.18179639420630608
34,34.0,34.0,0.1899673513514132,0.11560990928824051,0.14036445720938362,0.05269383767964185,0.04740006240807446,0.055237753314477146,0.06621509192755393,0.07071559772185362,0.08519023215200043,0.17660570694736094
35,35.0,35.0,0.17115362452392052,0.1215588911049865,0.11632476330003408,0.060296951921097165,0.061456074141206976,0.05260128097353327,0.05853708456317839,0.07188205003861356,0.10979053567206103,0.17639874376136816
36,36.0,36.0,0.1667576186593267,0.088744079503317,0.1168936106080845,0.06016329176235918,0.04477840681813091,0.07156468020949558,0.06227373275226069,0.06386554803949578,0.14560087329762422,0.17935815834990515
37,37.0,37.0,0.17511664444351213,0.10229092379156716,0.13084578271625621,0.044021050021884334,0.059396020529945984,0.0656010887799145,0.053519004222150876,0.06949915487267384,0.10434563991063592,0.1953646907114587
38,38.0,38.0,0.1864582429377634,0.09319982761237953,0.1141036132796462,0.05294198249801846,0.05290805741045439,0.05926854595485531,0.05165317901275718,0.09021012404781774,0.1074224590018743,0.19183396824443313
39,39.0,39.0,0.17262974278844842,0.0881917272927186,0.11502445446021044,0.0504390315506835,0.05555930159716503,0.05928446332483085,0.07001171721768482,0.09371678665451205,0.08953305795918488,0.20560971715456108
40,40.0,40.0,0.1759107602796022,0.09628320397485332,0.1280828458265888,0.04755500656001838,0.05371108955082053,0.05739903767631425,0.05248872315752893,0.10383274947896275,0.09149851807911803,0.1932380654161926
41,41.0,41.0,0.21024342596260293,0.0982557590513201,0.13204675690252926,0.0393653083664193,0.04761318268628616,0.05987350231112774,0.049311561236754876,0.06477654767725613,0.10762382047540497,0.19089013533029833
42,42.0,42.0,0.1958222940130226,0.10920064975544008,0.11376898460241418,0.04580012820770662,0.050615395131173926,0.05472254954428848,0.07016517474890994,0.06674968981954427,0.10996449432017878,0.18319063985732084
43,43.0,43.0,0.1930514427867282,0.11428831915189133,0.10696428705613234,0.04402114657113277,0.04311003197415535,0.05544501554635719,0.08046282771037638,0.06970458195887971,0.10529737920541167,0.18765496803893472
44,44.0,44.0,0.22460870260013902,0.09291754201777701,0.09317335606580117,0.05780884590894555,0.0474440310571287,0.06894502736645133,0.05746640084884573,0.06519986586342809,0.09515991182016831,0.19727631645131488
45,45.0,45.0,0.2007933110276599,0.12040093309965649,0.12295891832110455,0.043883065097604174,0.04144331319990906,0.044356122276986834,0.05695435912456093,0.05403200303739429,0.11216865823075813,0.20300931658436544
46,46.0,46.0,0.17999550805185555,0.10272304027413201,0.11869069126554972,0.05840334531302092,0.041955760657002364,0.06214088462051304,0.05597347998577555,0.0663445861540697,0.12483721349319113,0.1889354901848897
47,47.0,47.0,0.2267842240230172,0.10689985132673212,0.10568247155189951,0.05164918167753936,0.048554011101251494,0.057878582695129,0.05402982965803142,0.05812445600428824,0.097864166923451,0.19253322503866038
48,48.0,48.0,0.20718638253788946,0.07910418629445254,0.1350290620165282,0.045879186593135904,0.04073929023836599,0.053953532834320396,0.05266637976976361,0.09180374692986532,0.09863727235083405,0.19500096043484433
49,49.0,49.0,0.2019048323809121,0.10012037210029519,0.11479548917250759,0.06850018476592935,0.04232578178970996,0.061951739961679096,0.04343388458171549,0.0994220455623668,0.10121637340398111,0.1663292962809031
50,50.0,50.0,0.20981803844479044,0.08908047676733147,0.11652908331936407,0.041359378215371674,0.05814435433165506,0.04009141280945865,0.04118925725288684,0.10047620422759104,0.10773377595586504,0.1955780186756855
51,51.0,51.0,0.22433576821944895,0.10217761197866346,0.11822932459704123,0.054469234969260136,0.05048798456604766,0.05406865849797565,0.03755529698926218,0.051765378099885725,0.1338814820892929,0.17302925999312183
52,52.0,52.0,0.21899957631264408,0.09220262709422787,0.12058219697760408,0.056386435047255455,0.03943608744082401,0.055977724134798436,0.04152131745175697,0.05886989895672995,0.12710844740364227,0.1889156891805167
53,53.0,53.0,0.2269567831839145,0.08815491194162436,0.11812528569705305,0.05304592264214538,0.04388772100382736,0.054718999769612295,0.06458190155634871,0.06570877322894578,0.10963915703618077,0.17518054394034757
54,54.0,54.0,0.2574440015546738,0.08790518863194408,0.1303912082328674,0.06860781878629837,0.04650119441370294,0.04872917613039874,0.05009389559212531,0.04957854150295319,0.09332790497288404,0.1674210701821519
55,55.0,55.0,0.23832816319194702,0.08097303161489103,0.10684276143094515,0.0397860686696501,0.06683674068351357,0.043452004945533564,0.06563102902087678,0.048797795981898144,0.11788953244146767,0.19146287201927684
56,56.0,56.0,0.21654715792461082,0.09491240157677142,0.14568219136898236,0.04027425853902213,0.038135713957665296,0.04905601286065113,0.04849902148597574,0.06210326296647321,0.10916531171132011,0.19562466760852754
57,57.0,57.0,0.25861886357839836,0.10041644465471469,0.11673189431692585,0.05294115627915014,0.03397552436339882,0.06854628464940579,0.04409077104809034,0.04352527366228885,0.09145117259734838,0.1897026148502786
58,58.0,58.0,0.2564175793880469,0.08684842036479186,0.11622414023431737,0.05136985488677914,0.06884487803561588,0.036376220033913935,0.035590526019839135,0.06589587521719502,0.09732166672790733,0.1851108390915933
59,59.0,59.0,0.2674305504894431,0.09914341402420625,0.12140243507719206,0.0407076968731246,0.04948990241586821,0.04995962464799093,0.05802036902568338,0.049053275506094486,0.11156570469614117,0.1532270272442555
60,60.0,60.0,0.27215212522969695,0.10069032788469093,0.10850870872391347,0.05399508446315188,0.05872187814316819,0.04549593188206473,0.05343739466592151,0.042202128910655626,0.07797995263511753,0.18681646746161898
61,61.0,61.0,0.26640313695729506,0.09508608568762114,0.10786861576892628,0.036331853018243564,0.039002816368238664,0.051838794617634,0.0607995992962021,0.04121937731860491,0.10250366697734326,0.1989460539898909
62,62.0,62.0,0.28244858170812953,0.09296737784334212,0.0973592816016403,0.03766696055098963,0.04984751406395116,0.05390832496093336,0.04179585294575795,0.04231963377975355,0.11953600807504565,0.18215046447045663
63,63.0,63.0,0.2425333306222015,0.08965907536209904,0.09231989593493688,0.03146686184875096,0.06826461240565736,0.07694571306227577,0.049090492276808784,0.051241492172317236,0.09217803065607663,0.20630049565887565
64,64.0,64.0,0.2776659597822215,0.06965667794784068,0.10269981222074953,0.05054088102235288,0.039871672569044184,0.09365822124283177,0.03858728387032113,0.04776396329277016,0.07890315138712042,0.20065237666474753
65,65.0,65.0,0.2627927028765316,0.08976781347571179,0.09557403005011277,0.04185387973711365,0.07017757245636544,0.1032652399285348,0.03340772632020201,0.050874009703280376,0.08276946590872185,0.16951755954342557
66,66.0,66.0,0.26611820514237944,0.07529720453072546,0.13209169633015905,0.04434927090500847,0.03636474437292058,0.09332425041058659,0.035010889501800334,0.056949309672648815,0.06826766273296725,0.19222676640080394
67,67.0,67.0,0.2637380843749243,0.07326319907340002,0.14756742373534265,0.03491240698024936,0.036179203061822915,0.09670722941417643,0.049496919112130375,0.05567703110501785,0.07883251029770189,0.1636259928452341
68,68.0,68.0,0.22844030482136546,0.09928304034778436,0.1306938039462769,0.030000000000000016,0.0497731763345434,0.08981807546714723,0.05980216403400982,0.05180636611648024,0.09593166220381003,0.16445140672858244
69,69.0,69.0,0.27497408714723914,0.08291302106612547,0.10276136856722562,0.030000000000000016,0.03602633574374435,0.08580929303716509,0.04172675961341462,0.03671764806791453,0.09963182841569254,0.2094396583414785
70,70.0,70.0,0.32100632413271,0.061363128252753384,0.13938845673502867,0.030000000000000016,0.030000000000000016,0.0786169139948387,0.030000000000000016,0.04597574145871273,0.09447980889076049,0.16916962653519585
71,71.0,71.0,0.35425848622313655,0.05248785185890516,0.15323620687027117,0.03511810475160227,0.03439984912059754,0.06890977737644075,0.05091114338561287,0.0339914304548451,0.07471054398104732,0.14197660597754125
72,72.0,72.0,0.33959956584047946,0.0855939254411974,0.10490981040506697,0.034095221652841984,0.030000000000000016,0.034595095903266246,0.039600711804739404,0.05192052809952711,0.13671134044537897,0.1429738004075023
73,73.0,73.0,0.36522587678104573,0.05975384123531511,0.09724549511637538,0.030000000000000016,0.03541875343170261,0.05926858110379305,0.056795735386602056,0.030000000000000016,0.10527614343933293,0.1610155735058331
74,74.0,74.0,0.3899014025050174,0.05005858754963023,0.10685906924272362,0.030000000000000016,0.031268689839548294,0.06958815442680534,0.036476645505711065,0.030000000000000016,0.11527736047421437,0.14057009045634955
75,75.0,75.0,0.3603580156367191,0.04669480276057573,0.1045652464447809,0.030000000000000016,0.053425831755465926,0.056630878591520606,0.03836092052500909,0.05254579133625821,0.0874241449432121,0.16999436800645826
76,76.0,76.0,0.3883164354293836,0.042103225634397126,0.12878914620239384,0.030000000000000016,0.057646719147488555,0.041104762606463216,0.03149628634821263,0.043452876280893095,0.08942349004128856,0.14766705830947927
77,77.0,77.0,0.4236741050728236,0.06622832489140759,0.11060209994524209,0.039080476467170264,0.04500816311517618,0.041171926041128286,0.03230369097091614,0.035787042752431615,0.07110440842655454,0.13503976231714965
78,78.0,78.0,0.33973593574711136,0.04430243656547152,0.1118159303772687,0.030000000000000016,0.04040010170533201,0.049996674348719086,0.042870029249070546,0.031241303708723456,0.1699537973389383,0.13968379095936492
79,79.0,79.0,0.4103519221576345,0.045142733600956796,0.12001648601480444,0.030000000000000016,0.046372385894331035,0.04620973712287966,0.046942956064003546,0.03440565189653173,0.10749382986135822,0.11306429738749998
80,80.0,80.0,0.36141961862526994,0.05097034602855718,0.07408760875722295,0.030000000000000016,0.04899800417332263,0.04825089163861878,0.04742260052157874,0.03797549662304512,0.1164612924633986,0.184414141168986
81,81.0,81.0,0.405966519822485,0.06160683397670008,0.13894233038524825,0.033564761116042785,0.030000000000000016,0.048056476131372136,0.0434532065392538,0.030000000000000016,0.07955710700190885,0.12885276502698903
82,82.0,82.0,0.42860286060574204,0.04485021626379966,0.11697674279132084,0.030000000000000016,0.030000000000000016,0.035618694377413884,0.033818719287469295,0.04495769638696846,0.10511496979923123,0.13006010048805466
83,83.0,83.0,0.41936838349595035,0.05033616010359585,0.1399663747075297,0.030000000000000016,0.030000000000000016,0.039519148517541014,0.04229803217796872,0.04097810098521175,0.0627391147251894,0.14479468528701306
84,84.0,84.0,0.40556092809581334,0.05695938457605375,0.1248105402359702,0.030000000000000016,0.05594110933629476,0.06744737707467992,0.04092159366478505,0.031288016896243886,0.06481814951760762,0.12225290060255149
85,85.0,85.0,0.3980212861958255,0.06299999996793637,0.14923462924857614,0.03723267963430077,0.04893945224873132,0.0493989893542985,0.040448082426647235,0.030000000000000016,0.05298739736864818,0.13073748355503595
86,86.0,86.0,0.3988045238623359,0.036021398478070205,0.15902407485410197,0.03116425611722836,0.03827591420202212,0.05039519930282591,0.030000000000000016,0.030000000000000016,0.08472928461588193,0.14158534856753352
87,87.0,87.0,0.3676247649477989,0.04793331893472503,0.172580043140466,0.030000000000000016,0.030000000000000016,0.03485765124555161,0.060123908769868936,0.030000000000000016,0.0778462694091319,0.1490340435524575
88,88.0,88.0,0.36329459054664637,0.09562071865762282,0.10488793505904608,0.030000000000000016,0.06521384223701887,0.03654935086335005,0.03767143431499384,0.041969751446446046,0.11327857914526103,0.11151379772961496
89,89.0,89.0,0.4146806177710176,0.05477806293014535,0.10425705540287186,0.030000000000000016,0.05555170486307661,0.03322057212226718,0.030000000000000016,0.03527372758526799,0.06706065277949616,0.17517760654585712
90,90.0,90.0,0.3950691715204821,0.06830970574254917,0.10855850342519979,0.030000000000000016,0.04843732637104374,0.030000000000000016,0.03369674312060919,0.03367607454486697,0.13256248277744112,0.11968999249780783
91,91.0,91.0,0.37807891806693406,0.058839113620767644,0.12618281442442092,0.030000000000000016,0.03446408770427501,0.035181777193312336,0.030000000000000016,0.030000000000000016,0.09342980158093495,0.18382348740935492
92,92.0,92.0,0.3698165321746115,0.07683991199845416,0.11959345996101085,0.030000000000000016,0.05793618558842554,0.03269532862399772,0.04061180991301641,0.03662824498815334,0.07230078492068368,0.16357774183164678
93,93.0,93.0,0.37428795288094213,0.04806125118226744,0.16953761445457044,0.038969664560038905,0.03534536419498636,0.0344407641004502,0.04349439456823437,0.031195422714633058,0.09510063200119583,0.1295669393426813
94,94.0,94.0,0.34734308996603924,0.07616016270754178,0.18642035624630698,0.030000000000000016,0.042050542280261866,0.042447580645161305,0.030000000000000016,0.030000000000000016,0.11041223791311036,0.10516603024157842
95,95.0,95.0,0.31074578335180914,0.08855177938571147,0.17510752751208486,0.030000000000000016,0.05848914829031129,0.07179166611209346,0.03621175030599757,0.030000000000000016,0.09762552752827228,0.10147681751371991
96,96.0,96.0,0.3026955857965242,0.07577945737466248,0.18791937335864176,0.030000000000000016,0.03753338935078721,0.08068508671933207,0.03147247329498769,0.030000000000000016,0.11584716322460091,0.10806747088046356
97,97.0,97.0,0.4090938772444758,0.05180555555555557,0.15658079977617095,0.030000000000000016,0.03841620824794163,0.07932410337167049,0.0388802588996764,0.030000000000000016,0.051906603354930955,0.11399259354957803
98,98.0,98.0,0.41850813984054885,0.08627521018438904,0.11539294969405152,0.030000000000000016,0.040038444262425046,0.08295028347143481,0.031292454858125554,0.030000000000000016,0.07313088021621962,0.09241163747280556
99,99.0,99.0,0.4872311215236184,0.03751244800201691,0.10725842278442861,0.04365819435535602,0.03413951216437667,0.07538616221591742,0.055344827586206916,0.030000000000000016,0.04031204599083036,0.0891572653772487
