,Unnamed: 0,Generation,Intertwine_two,Add_vertex,Delete_vertex,Invert_path_vertices,Insert_inside_vertex,Delete_inside_vertex,Replace_inside_vertex,Donate_between_routes,Trim_one_terminal_cb,Grow_one_terminal_cb
0,0.0,0.0,0.10000000000000002,0.10000000000000002,0.10000000000000002,0.10000000000000002,0.10000000000000002,0.10000000000000002,0.10000000000000002,0.10000000000000002,0.10000000000000002,0.10000000000000002
1,1.0,0.10900000000000001,0.1004044204775487,0.0979860550257523,0.10051931061657031,0.10050349252221595,0.09930985728578309,0.10070767810221577,0.09920943889209285,0.09661493273063566,0.10340129024652142,0.1013435241006641
2,2.0,0.31601,0.10104215264426994,0.09591100555653084,0.10128046454994877,0.09999455580189368,0.0988300689896886,0.10044069942315804,0.09888782456543992,0.09342514536614184,0.10741675719299389,0.10277132590993464
3,3.0,0.6191589000000001,0.10166752846468546,0.09492482971765367,0.10199489247887893,0.09906381229591107,0.09856096283038726,0.10164221302726598,0.09731365723293749,0.09017485583604642,0.1104995520592391,0.10415769605699468
4,4.0,1.015801321,0.1024114050903002,0.09361108602633504,0.10292814092924925,0.09896105155148184,0.09775967607008108,0.1012781484419764,0.096816968239758,0.08717232699217539,0.11309096503775562,0.10597023162088724
5,5.0,1.50262148669,0.10274491554669936,0.09319078896960055,0.1041673115108716,0.0987225209465912,0.09691773863882766,0.10123473133021528,0.09556201609834905,0.08476837029230526,0.11495708426821856,0.10773452239832154
6,6.0,2.0757334209441005,0.10342273758583113,0.09259429981801261,0.10491192114288012,0.09755964117604768,0.09558924211121701,0.10215395024586178,0.09311102443557125,0.08270389630655767,0.11704322777903195,0.11091005939898882
7,7.0,2.7307768275633495,0.1043157719563882,0.09239638963182059,0.1053109553939643,0.09667155039805891,0.09455816403254354,0.10155380675290095,0.09170285580907528,0.08090577956416903,0.11860173161105964,0.11398299485001953
8,8.0,3.4630081252450404,0.10612078846023787,0.09186873263242976,0.10607684034179624,0.09692596607802215,0.09263849707116753,0.10154974174704848,0.08881627468357396,0.07868446973673922,0.11994067576443307,0.11737801348455168
9,9.0,4.2673862119061114,0.10777198771403869,0.09196672431672588,0.10599937162564509,0.09596838524124152,0.09093411635380128,0.1012717766861417,0.08669151292432681,0.07740668672873419,0.1211569108071854,0.12083252760215932
10,10.0,5.138652627782014,0.10867461666296986,0.09272561888105953,0.10612928997970392,0.09468271962637809,0.09063073613936164,0.10002656172051574,0.08439326460040332,0.0773034783482484,0.12156507654525413,0.12386863749610526
11,11.0,6.071405875792507,0.11070479084834647,0.0939885580615985,0.10609753668186832,0.09294042089562506,0.0895178356379038,0.09919571260410359,0.08198901293512893,0.07561348337199475,0.12247654864931626,0.12747610031411416
12,12.0,7.060169740244025,0.11257774952758122,0.09587678189124749,0.10605325992425896,0.09177503060298572,0.08869871279607866,0.09825833917880393,0.07915278358458785,0.07444037385987605,0.1223588667116871,0.13080810192289283
13,13.0,8.099455520847952,0.11457246487121886,0.09693559401380286,0.10678701184109143,0.08987721928385596,0.08800935557627669,0.0965585635457067,0.07653737224896112,0.07395085287840354,0.12171356098854019,0.13505800475214244
14,14.0,9.183818168183006,0.11665262526844764,0.09742580523920209,0.10786731042834442,0.08738495891281493,0.08635493439231712,0.09484464593774704,0.0742596738199941,0.07287381757792621,0.12240596841452264,0.13993026000868364
15,15.0,10.307906369102724,0.12051859086505282,0.09885372666325029,0.10876230750752341,0.08512107200996356,0.08344408971233445,0.09463044478967225,0.07139307059612227,0.0719874682759823,0.12097381965742017,0.14431540992267827
16,16.0,11.466506686239443,0.12352616297209311,0.10058867337908363,0.10905589555066283,0.08301863372630254,0.08141746333003783,0.09299148276820429,0.06915620180703953,0.07175736786559132,0.1202016328147514,0.14828648578623332
17,17.0,12.654581904800096,0.1267323546469106,0.10142870389809784,0.10966584794365716,0.08089577080114053,0.07978652740418049,0.09183509494329559,0.06763400410641983,0.0712010675680249,0.11917825487997907,0.1516423738082938
18,18.0,13.867303782456686,0.12855137770839326,0.10292529869365759,0.11042810669505856,0.07805581301941664,0.07881024563512963,0.08999464154246148,0.06605111509891785,0.0705925970005083,0.11876414646687358,0.1558266581395829
19,19.0,15.100080434523047,0.13025684721057113,0.10459593735874129,0.1108675544548307,0.0759407086467241,0.07761272427656551,0.08912985282250502,0.06279148473433106,0.07080409022986547,0.11838776701887246,0.15961303324699302
20,20.0,16.348578617037543,0.13143971919695727,0.10719694703090099,0.11084524585015898,0.07360311440467289,0.07616722251368095,0.0872023023490492,0.06192935810163397,0.07048781283426839,0.11848168725246411,0.16264659046621302
21,21.0,17.608741195130214,0.1338212017421586,0.10924510542919252,0.11080543601567966,0.07139232660339366,0.07320734493961903,0.08460427230739392,0.06028669369937555,0.07230721066060705,0.1177031615113714,0.16662724709120838
22,22.0,18.876800103462312,0.13728206380881425,0.10951090365316861,0.11169149236394453,0.06945156048308104,0.07016993951132117,0.08358737432474914,0.05821987148761716,0.07256539424470257,0.11744237425010941,0.17007902587249193
23,23.0,20.14928511992658,0.13945544774974533,0.11089950045726593,0.11172159929109181,0.0676408474009602,0.06721328154683277,0.0817244907528925,0.057881667903415326,0.07266978734401787,0.11555122448620234,0.17524215306757576
24,24.0,21.423028783545156,0.1421962369844051,0.11173512851853103,0.11119306357895309,0.0653109328584442,0.06435924292257916,0.08021993203670484,0.05741015616557443,0.07428102912965857,0.11477474914815745,0.17851952865699192
25,25.0,22.695167792966423,0.14546263021396197,0.11201643534485164,0.11120054613369096,0.06326563207334071,0.06208066734912931,0.0790261484136657,0.057493423854861204,0.0741757091573192,0.11407617441988976,0.18120263303928932
26,26.0,23.963141223515898,0.14757849925194375,0.11344019759331081,0.1103563743882246,0.06144475026527634,0.06170781152068859,0.07709649288671853,0.056312824414802426,0.07483179473713482,0.11281473757144378,0.1844165173704562
27,27.0,25.224685898775267,0.15120232019370997,0.11430016827069292,0.1106344084135675,0.05896790071378176,0.06030976518146524,0.07622261262644153,0.05502441244668807,0.07448518766515035,0.11126189544799456,0.18759132904050793
28,28.0,26.477829247520948,0.1546842255322879,0.1146528484509235,0.11081217043747568,0.05838024504569128,0.05948765247187311,0.07486848502881613,0.05353572121939515,0.07394417964996094,0.11154702122988285,0.1880874509336933
29,29.0,27.720879968916847,0.15780321353728843,0.11334896628605245,0.11171842715364634,0.057277785089242035,0.05792358924022757,0.07378279607248373,0.05262999082944977,0.07381369084851232,0.11050809536500412,0.19119344557809304
30,30.0,28.95241681848399,0.16147001498938537,0.11535576511099609,0.11258534833193469,0.05554681198136771,0.05608116987980913,0.07141149263639743,0.053342112835232505,0.07345133115828834,0.1089382347816528,0.19181771829493577
31,31.0,30.17127581490958,0.1647596883835061,0.11527735647879297,0.1120049110603071,0.053996073191961355,0.05495491904121984,0.0697804304975456,0.053448723150397,0.07368783639009552,0.10802922745719082,0.19406083434898347
32,32.0,31.376536153543515,0.16720581896438338,0.11660072912039564,0.1111435339435444,0.05298341369173176,0.05357341710915049,0.06755434046751177,0.053931764038414653,0.0756345019255716,0.10618418549831904,0.19518829524097706
33,33.0,32.567505096778625,0.17055555701700767,0.11587065816791155,0.11226572288457487,0.05148375397888808,0.05280075577024455,0.06649017459208278,0.05355747092159742,0.07643736317334805,0.10437374520717796,0.1961647982871669
34,34.0,33.74370209472243,0.1749402719362646,0.11639694998977818,0.11526760954324243,0.05018373302878745,0.05094342147538053,0.06409795860172073,0.054101931274413616,0.07597675985896692,0.10171046602941078,0.19638089826203461
35,35.0,34.90484237192463,0.17715541347499805,0.11745764040411738,0.1158163066217697,0.04979912664435097,0.0506419881926431,0.06159271492342805,0.053945276462042044,0.07562625048632875,0.10160834278265228,0.19635694000766954
36,36.0,36.05082019768737,0.17864942238388798,0.1151717931238644,0.11637210329003193,0.049544593135251794,0.04881107236535744,0.06114442119706193,0.05422387003082722,0.07447169984656547,0.10517928755202004,0.19643173707513165
37,37.0,37.18169203889697,0.18071101494306185,0.11420493786425626,0.11827275257546564,0.047807475789286125,0.048584682836509595,0.060248800290498644,0.05367963001693724,0.07388990343602563,0.10467183036320823,0.19792897188475064
38,38.0,38.29765977559663,0.18364466439074795,0.11230651837196327,0.11843485029010288,0.04709829916785641,0.04784024932553173,0.05886301007697993,0.05300162522554903,0.07539347609842063,0.10451953889787573,0.1988977681549723
39,39.0,39.399054140870355,0.1849302346642041,0.10990606388933766,0.11862950998122826,0.046268181947137804,0.04748606166517195,0.057621445980589395,0.05421379027166448,0.07724552423473954,0.10262256567584752,0.20107662169007917
40,40.0,40.48631852820801,0.18629234474067247,0.10833765915722189,0.12007449228466877,0.04527438244546,0.04706320396553362,0.05633212590242867,0.053710418676613,0.08008867646406936,0.10098094071084882,0.2018457556524833
41,41.0,41.55999329152982,0.19084769453318337,0.1070028058541407,0.12185145100077845,0.043583799315735645,0.04613932020525857,0.055429853413304225,0.052927451093798414,0.07897933402044448,0.10102118425566137,0.2022171063076947
42,42.0,42.62070064560415,0.19369935346577932,0.10680845648375141,0.12172488967428319,0.042663571573619295,0.04562278469031007,0.054147149385386534,0.05427198272191036,0.07803621217197901,0.10135749719266748,0.20166810264031326
43,43.0,43.669130257815,0.1960099907879587,0.10716623092276306,0.12085095567509055,0.04168883400839807,0.044457292515563206,0.0530707163620565,0.05667075840362775,0.07737002649876928,0.10127953729577138,0.20143565753000142
44,44.0,44.70602560622662,0.2012157048792489,0.10542237108675341,0.11854645529059449,0.042213663259107595,0.043828276861174284,0.05347567081491189,0.05676793452408783,0.07624333333793648,0.10023580506913697,0.2020507848770481
45,45.0,45.73217116373481,0.20375323838137108,0.1064761880518429,0.11919723017783043,0.041449383330110404,0.04269824852846183,0.05153593287905069,0.056811173523321,0.07400208853583849,0.10094656177373529,0.20312995481843787
46,46.0,46.748380453854836,0.20392763896216348,0.10579608148834914,0.11939372175222004,0.042237896233229544,0.04171991842144443,0.051496846865107596,0.056753432564764714,0.0730165256706334,0.10296531929868731,0.20269261874340036
47,47.0,47.755485010424316,0.20852414977288974,0.10557093627432257,0.11826271189293898,0.04243379597328653,0.04150160479190926,0.05114187963757445,0.056499301143499756,0.07124078668180503,0.10230361535611515,0.20252121847565857
48,48.0,48.7543242612326,0.21088382609653186,0.10260202822899481,0.12005365966263848,0.04212526008794001,0.04059417450213247,0.05049727117728931,0.05610954316067983,0.07287938737764203,0.10174099786621188,0.20251385183993934
49,49.0,49.745736344347726,0.21244240533652564,0.10179665114943866,0.11979190939450488,0.04414721687345944,0.039937587553830096,0.050751506892338864,0.05480107982342792,0.07530520146266771,0.10146151497545987,0.19956492653834698
50,50.0,50.730549855707864,0.21453107152935172,0.09995105945405032,0.11967972936565031,0.04349642700429586,0.04095239849691128,0.048906288651354816,0.05328532813460121,0.07783501844671026,0.10185926921325664,0.19950340970381766
51,51.0,51.70957651737491,0.2178155137495154,0.09949103462246683,0.11971728500698606,0.04420033130954824,0.041272010927471035,0.04855516804490191,0.05143679487947756,0.07546718297738682,0.10489076370804261,0.19715391477420358
52,52.0,52.68360474770151,0.22030309510168158,0.0981063795591601,0.11997149271814507,0.04512825422867203,0.04054663213883821,0.04848520096730732,0.0500309020172136,0.07380956509190513,0.10723171246859742,0.19638676570847957
53,53.0,53.65339410751842,0.2233246038178678,0.09639638096227436,0.11996069557272765,0.04574191542355827,0.04032784913838887,0.04837128339262848,0.050986561005980646,0.07285219976084144,0.10779040466570106,0.19424810626003142
54,54.0,54.61967059027847,0.22912900529317184,0.09474999520390266,0.12115921629667667,0.04792344018555706,0.040427890497626406,0.047733252375266,0.05053380690495233,0.0703061135249659,0.10668058996046945,0.19135668975741169
55,55.0,55.58312271885972,0.2327245327472878,0.09250658425394324,0.11997536018740047,0.04721148124569855,0.042612215387082014,0.04664126657870459,0.05167564244377372,0.06772928564035229,0.10800439262274351,0.19091923889301382
56,56.0,56.544398407394254,0.23383844323370512,0.0917661158687773,0.12266250669529107,0.04654528306100261,0.04195025036797156,0.04618698753697936,0.0511296475409939,0.066551372346073,0.10842224434396266,0.19094714900524346
57,57.0,57.504102543001395,0.23887522038376854,0.09168156148700221,0.12241610569392386,0.047149684223569265,0.04090031752724242,0.047755853831538846,0.05017112082415334,0.06358897035700721,0.1070343276553363,0.19042683801645807
58,58.0,58.462795239617805,0.24338562783173678,0.09033600894608948,0.12208672727066255,0.04759442985119796,0.043373065406169475,0.04615873134327186,0.04839761877841108,0.06295923175539142,0.10621642049804858,0.1894921383190209
59,59.0,59.42099071417639,0.2486766111606109,0.09031963513939648,0.12224949030365138,0.04696623936505414,0.04391775906152352,0.045981836452145694,0.04891638031024175,0.060737573477445204,0.10681576031561162,0.18541871441431937
60,60.0,60.379156734137354,0.25409819302391135,0.09054782788826934,0.12109813384574888,0.04766702126160814,0.04538690235761561,0.04541603965549798,0.049016008140067596,0.05793612338803622,0.10404409038912128,0.18478966005012373
61,61.0,61.337714584760846,0.2585832571956994,0.09029420214251216,0.11987200948691956,0.04659468245603135,0.04487057490446106,0.04554190773433763,0.04988610751519745,0.05515920320358925,0.1037413175119625,0.18545673784928982
62,62.0,62.29703950447439,0.2643025582230081,0.08990198702235387,0.11759753021006464,0.04566045998990896,0.045431672380830984,0.04592511090845622,0.04887795723557995,0.052630602424852,0.10515967952694363,0.18451244207800185
63,63.0,63.257461537171835,0.2656398642738443,0.089248817074297,0.11484417780814063,0.044119714905785756,0.04782252836056575,0.048653564715821954,0.048629264874131065,0.05114393787679386,0.1038441708840108,0.18605395922660914
64,64.0,64.21926675122782,0.27012563729908246,0.086664826962498,0.11317890945625825,0.044513917716864713,0.04733942559911663,0.05306334544397126,0.04735973318220508,0.049459162438542065,0.10121606377619626,0.18707897812526555
65,65.0,65.18269877636592,0.27275091055605916,0.08618026792451944,0.11086279875014535,0.04406026975136674,0.04986054557224382,0.05839879872586454,0.04561147441134093,0.04823691719370875,0.09901426970743257,0.18502374740731894
66,66.0,66.14796061122655,0.2753466246371277,0.08433297935135202,0.11227717805564803,0.0438794617990655,0.04895144100855503,0.06265527213980036,0.04407632035481165,0.04777079739539132,0.09542002668998269,0.18528989856826591
67,67.0,67.11521665648885,0.27735247103839644,0.08237666134156255,0.11529583735386392,0.04277774634057792,0.04798882580376901,0.06713108589540948,0.04405263035643818,0.04731584684291511,0.0929701690911811,0.18273872593588658
68,68.0,68.08459493066005,0.2754918109775477,0.08312682463750881,0.11664798460716644,0.04121630833631087,0.04836377321931418,0.07076616431594242,0.04511627673764693,0.04660293668945379,0.0923338358549357,0.18033408462417347
69,69.0,69.05618942810752,0.27800008009380933,0.08232653183279733,0.11521213179062466,0.03969885104910742,0.04734063586537722,0.0738273757629359,0.04441287691163892,0.0445044800407523,0.09216713082699184,0.18250990582596538
70,70.0,70.03006258152917,0.2848304860675262,0.07945714391955305,0.1174580654402834,0.03823615098013324,0.04570403567124319,0.07598304733373969,0.042580279933908005,0.043463810076272404,0.09157654132523615,0.18071043925210495
71,71.0,71.00624779379335,0.2946648260335659,0.07580622700158039,0.12108348465144794,0.03734916988341538,0.04451404005186989,0.07697877675223429,0.04289625419317239,0.04135389532167813,0.08909711695833997,0.17625620915269602
72,72.0,71.98475200689319,0.30264577656663166,0.07559782538220747,0.11983524951716384,0.03642628793517513,0.04290191717306144,0.07436277508780403,0.0421297367603474,0.041174257158343164,0.09292184894479365,0.17200432547447253
73,73.0,72.96555827861411,0.31276080103318593,0.07292621650477352,0.11779615197631804,0.03516286135365139,0.04186386275357348,0.07407804531802413,0.04313408317943509,0.03892799271080082,0.0936584829470032,0.16969150222323479
74,74.0,73.94862834037681,0.32485652638296053,0.06942051939381988,0.11671681503359221,0.0339741488167435,0.04045015632360018,0.07470565121538113,0.042142702490596574,0.03681707478090471,0.09543775185740325,0.16547865370499842
75,75.0,74.93390511255946,0.33343878927214843,0.06573539419661427,0.11541745204743602,0.03286456604535897,0.04130172006337546,0.0739235939715882,0.041382226802722855,0.037103657029814975,0.09445216840983117,0.1643804321611101
76,76.0,75.92131515639825,0.3442278601153297,0.06176921789215097,0.11656189327963018,0.0318372958906593,0.042611457285296375,0.07149420369986814,0.03998112220317973,0.03660671089136214,0.09369479758215775,0.16121544116036618
77,77.0,76.91077104428919,0.35791467659167736,0.060415509221257505,0.11589545829211739,0.03180242743924003,0.042676717800415875,0.06901057438785255,0.0387160201673116,0.035461337667803745,0.09113854260036959,0.1569687358319548
78,78.0,77.90217363294813,0.3624965887726305,0.05706271074156128,0.11536411626308977,0.030935778676524965,0.042297960576186615,0.06737939635433035,0.03856993887088176,0.03397918491307665,0.09852251066626047,0.15339181416545808
79,79.0,78.89541422641172,0.3734543018462855,0.05400161907162231,0.11567048214186029,0.030146437003316158,0.04253532890457164,0.06535881518152031,0.0388887592893701,0.03293430344055956,0.09963639804453103,0.14737355507636357
80,80.0,79.89037661826481,0.37879198946245196,0.05174080895673062,0.11139678374572506,0.029434565127395073,0.043049892797914914,0.06355291679697879,0.03930420407951346,0.03236560807250524,0.10161421726334684,0.14874901369743848
81,81.0,80.88693900474995,0.3878768747283515,0.05076202401886065,0.11366283560212086,0.029156010899396418,0.041672680998345674,0.061755146448583154,0.03936234895683064,0.031112331464457244,0.09985230676613262,0.14478744011692168
82,82.0,81.88497576253909,0.3984978019969281,0.04831390390306604,0.1137585184613156,0.02859292348475982,0.040316463568749905,0.058756388256459145,0.03849213919706188,0.03146902884126632,0.10061942160072981,0.14118341068966384
83,83.0,82.88435908692391,0.407434239413756,0.04662455330643784,0.11617577846951181,0.02810021557673928,0.038992703246426216,0.0562161743587698,0.038510147503224026,0.03152698361567583,0.09711719492644812,0.1393020095830115
84,84.0,83.88496048800103,0.4142156289897094,0.045803576284689826,0.11707363499211262,0.0276757763037534,0.04030550285750011,0.056555834448150995,0.038426589974199024,0.03070464567744297,0.09382931359682382,0.13540949687561826
85,85.0,84.88665214409042,0.41947836840912966,0.045780316587218525,0.12040148381615254,0.028040291158458654,0.04094321286349822,0.05516560518282121,0.03832898711116861,0.029841573555597016,0.08939703354447386,0.1326231277714821
86,86.0,85.88930811312994,0.424078586831126,0.043233719544314916,0.12466382377266527,0.027853436060744564,0.04053076045807792,0.05395635368059192,0.0372175272449313,0.029066392910379688,0.088218073860324,0.13118132563684487
87,87.0,86.89280540413424,0.424848066889781,0.04206085104070469,0.1301991290729775,0.027601949061643885,0.03930941341043689,0.051278660979080466,0.039157428969855294,0.0283780664005803,0.08643382073146971,0.13073261344347065
88,88.0,87.89702491199675,0.4245353484830354,0.045832734038685485,0.12883550217579143,0.027399591271836835,0.041638491157157474,0.04887369741216472,0.03886775787479952,0.028971767022399647,0.08828534837589039,0.12675976218823945
89,89.0,88.90185221995306,0.42878009706003767,0.04564104301030982,0.12730567433153908,0.02724347334829212,0.04300420090261039,0.046253108862344114,0.03782794722215189,0.02896647504015972,0.08557986292698622,0.12939811729556933
90,90.0,89.90717827491419,0.43049823136139587,0.046913055565210464,0.12612848788465805,0.02713053248361896,0.04364737686391938,0.04344219658787808,0.03718351247460842,0.028865019477554765,0.08950991692129207,0.1266816703798642
91,91.0,90.91289994163006,0.4299912362888544,0.04732477415421627,0.12665575133779267,0.027057580380576922,0.04287681085749186,0.041296131294311096,0.03619897919621838,0.028454212567396733,0.0895642230550782,0.13058030086806371
92,92.0,91.91892044225806,0.42818957895211557,0.04961054411675567,0.1264666236301391,0.02702134768403332,0.04444638400858996,0.039054884132159365,0.03631209044500681,0.028762768721395868,0.08753885269471916,0.13259692561508538
93,93.0,92.92514968840067,0.4264314989519087,0.04906216468023943,0.1312220925059156,0.027915491236307634,0.043734815721032695,0.03714870967878644,0.03674514622911828,0.028575841795310634,0.08784362340070688,0.13132061580067395
94,94.0,93.93150451304501,0.42163330519952247,0.05136850520492254,0.13757344389277465,0.02793379571058794,0.04368102755549824,0.03620675486943856,0.035852949461386334,0.028314261099563847,0.08972164771329216,0.12771430929301344
95,95.0,94.93790881009448,0.41291229800861706,0.054931289919980496,0.14264684639106087,0.02797093178033434,0.045260173954769806,0.0383558123454759,0.03561261790641347,0.028095695862396103,0.0903401044581333,0.1238742293728188
96,96.0,95.94429358933806,0.4032367066347056,0.05719676885708507,0.14881870003538444,0.028024644925302756,0.044718119563517233,0.04151366467229955,0.03492838312983275,0.02791803019032117,0.09279173332882458,0.120853248662727
97,97.0,96.9505969547639,0.4041630923345987,0.05702413660374427,0.15163051769026112,0.028092740306521303,0.044246705198978054,0.044611347652145,0.03501879129303052,0.02777895078355052,0.08883469762443749,0.11859902051273317
98,98.0,97.9567640140995,0.4059875735732085,0.06026354722813901,0.15009187139229727,0.028173098746552782,0.04392635090283077,0.04810900790117759,0.03437999291181988,0.02767598980962143,0.08702651223392292,0.11436605530042994
99,99.0,98.96274672736057,0.41462711051893775,0.05856285720141956,0.1475466478161851,0.02962950979065118,0.04300925976008932,0.05084890275545776,0.03617943626100151,0.027606565034989036,0.08197830563974384,0.11001140522152508
