,Unnamed: 0,Generation,Intertwine_two,Add_vertex,Delete_vertex,Invert_path_vertices,Insert_inside_vertex,Delete_inside_vertex,Replace_inside_vertex,Donate_between_routes,Trim_one_terminal_cb,Grow_one_terminal_cb
0,0.0,0.0,0.1,0.1,0.1,0.1,0.1,0.1,0.1,0.1,0.1,0.1
1,1.0,1.0,0.1050209503983809,0.0873076704432076,0.0723195104811379,0.1288557315145332,0.0840329464178815,0.119214103176453,0.1134009501769235,0.1107290661895621,0.1011405564122578,0.0779785147896622
2,2.0,2.0,0.1492717219710135,0.0623780558380908,0.0834237921328498,0.1332859981235096,0.0793142696610921,0.1162999719069112,0.1163874085552465,0.0995751711497579,0.1071676997474497,0.0528959109140785
3,3.0,3.0,0.1128515715092243,0.084552475067802,0.0770990845788872,0.0940398620361154,0.0834526267801447,0.1243026017178163,0.1153214015542147,0.0990429762576869,0.097508687896405,0.111828712601703
4,4.0,4.0,0.0847962071603942,0.0743240431252966,0.0970447711138941,0.0964860646879449,0.1105891693187212,0.1077109847001954,0.1186480862505933,0.0964860646879449,0.1280439663601032,0.0858706425949117
5,5.0,5.0,0.097989700816844,0.044689132892528,0.0900919072876146,0.1187146315482942,0.1277934052845016,0.1268457947681789,0.1073866513362452,0.0996741303415856,0.1021102887451375,0.0847043569790698
6,6.0,6.0,0.0994841875595484,0.03,0.1321417557125362,0.1305941533532553,0.1025597171728399,0.1038761126222746,0.1099068156934807,0.1013893991539231,0.0954754844311129,0.0945723743010286
7,7.0,7.0,0.1053495089614284,0.03,0.0939759981747977,0.1096965960168954,0.0823260478898808,0.1084890718348213,0.1260336878920167,0.1304660119485712,0.1119016401754657,0.1017614371061223
8,8.0,8.0,0.1026440065021516,0.0758216041013572,0.0978010727353415,0.0891456166414681,0.1196723865209355,0.1182490153063175,0.1104974126104923,0.1025508731604822,0.1018196773503542,0.0817983350710994
9,9.0,9.0,0.0991030545339728,0.063665590670397,0.1309967720111911,0.0956479018072742,0.0956479018072742,0.115814250728463,0.0986514005827704,0.108553044897593,0.0968636036925941,0.0950564792684699
10,10.0,10.0,0.1306170026589764,0.0569770224520444,0.0827198020468057,0.1095476303073104,0.1046863862329747,0.1117675641763516,0.1001097758640702,0.0877182805950717,0.1186387880567173,0.0972177476096773
11,11.0,11.0,0.1016633107740505,0.0895896008066833,0.0922982190251689,0.1178564627278023,0.093181881706377,0.0922982190251689,0.0851375041946897,0.1148442411485634,0.1112184188772573,0.1019121417142382
12,12.0,12.0,0.071018190724358,0.0851739250232533,0.0959220922355754,0.1517727537129379,0.0838363753257199,0.1014155999218733,0.0876818307061285,0.1241744174793934,0.0840000117248862,0.1150048031458735
13,13.0,13.0,0.1115476758110254,0.0857590945716413,0.0603433212320094,0.1110869544787597,0.1347031886956376,0.1005277196203463,0.1041342507372958,0.0893074005898366,0.0931336844988584,0.1094567097645888
14,14.0,14.0,0.0821621627005192,0.0846460752100677,0.0708024028235172,0.1038201366872845,0.1133702942307444,0.1059619201501651,0.1065045052940949,0.0967896474789717,0.1172419797213362,0.1187008757032984
15,15.0,15.0,0.0670175946562005,0.1204126705845382,0.0937525241301231,0.0898719357048112,0.1065030289561477,0.0931149988888218,0.0873772717171108,0.1218036347473772,0.1167034328169674,0.1034429077979018
16,16.0,16.0,0.0853370203709713,0.1096457828910765,0.0932423089953957,0.1256347111637692,0.0963714857425637,0.0968356220064977,0.0771276821840689,0.1191141626753304,0.1225797134460376,0.0741115105242885
17,17.0,17.0,0.0703300722090223,0.123207277994185,0.0776628126106628,0.1140843958320183,0.1003317112913439,0.107452070492327,0.1119204591745767,0.1173818231195484,0.0770517509105261,0.1005776263657891
18,18.0,18.0,0.1270309317905585,0.0813144350815454,0.0690490335254686,0.0996091467193137,0.1241770808555421,0.1218612509984386,0.0867734175370289,0.0755572057797134,0.0922615145656084,0.1223659831467817
19,19.0,19.0,0.1338126219430758,0.1334148724337154,0.0539922504046219,0.1156866085879356,0.11074315040017,0.0899806260115549,0.1170686506619345,0.0783714725899636,0.0557059825763806,0.1112237643906472
20,20.0,20.0,0.1015271730251085,0.0995808553917722,0.0569522680964177,0.1539804332435215,0.0995808553917722,0.1462316561658014,0.0919902166217607,0.099988954250375,0.03,0.1201675878134702
21,21.0,21.0,0.0826188573563469,0.0771925376914736,0.0818599315290919,0.0821945117325053,0.132732054838582,0.1076327459859739,0.1337198630581837,0.1123996689851126,0.0922319178349102,0.0974179109878194
22,22.0,22.0,0.0870856954019647,0.1115509934313782,0.0528342781607859,0.1178241467722535,0.1099199735627507,0.1124571155806158,0.0965999779689589,0.098254635806697,0.0926550315387418,0.120818151775853
23,23.0,23.0,0.0950437798946516,0.1041499090799029,0.1006189610284789,0.097970749989911,0.1041499090799029,0.1277169344463836,0.0986573232221323,0.1006189610284789,0.0674494490302539,0.1036240231999035
24,24.0,24.0,0.0865672615301769,0.06971743894672,0.0860015889148752,0.0698871715917914,0.1337066461386577,0.0898307573876871,0.1200610348046238,0.073211102557774,0.1485218813013231,0.1224951168263704
25,25.0,25.0,0.0862138540505177,0.0958505147448922,0.1020240005022258,0.1015766464618393,0.0867676851249071,0.1094747591748699,0.0806542421114555,0.1178006863265229,0.0998414550324614,0.1197961564703076
26,26.0,26.0,0.0997917798731304,0.0508573135253033,0.0833701846088644,0.0750429217620912,0.1463196331218841,0.0837655193096708,0.1124811943955178,0.1086320719903936,0.0972068991370886,0.1425324822760553
27,27.0,27.0,0.0868952932677803,0.0839008041484234,0.078767394229526,0.1018677388645646,0.0902420752247086,0.0888571999321865,0.0466522809564235,0.120568017854834,0.1372882673049572,0.1649609282165952
28,28.0,28.0,0.0845950611419733,0.1096177974987111,0.0572975305709866,0.0777706784992266,0.1517683961744993,0.1300909454269511,0.090661179046637,0.1143011973515764,0.0815173983815189,0.1023798159079192
29,29.0,29.0,0.080749997136008,0.0940090053967668,0.0485026031225029,0.0892083299920093,0.1006965134232947,0.0892083299920093,0.1221018466542367,0.1204571708211254,0.1286805499866822,0.1263856534753641
30,30.0,30.0,0.0675497227347824,0.0865017054358283,0.0559271895073497,0.1265996899386742,0.1056209693964368,0.1077815685220493,0.1226759114305268,0.1176690560460386,0.0867157270473276,0.1229584599409858
31,31.0,31.0,0.0968794316021591,0.0980954212676529,0.03,0.1470390053037785,0.0909691562512707,0.1049049633944183,0.0901914884419432,0.0682168180583766,0.1321431319014794,0.1415605837789208
32,32.0,32.0,0.0994074602038278,0.1177233177576157,0.0502438425594497,0.0970140995071441,0.1449327835633278,0.0640948927317049,0.0858450829226201,0.1199726335975546,0.0850021382747314,0.1357637488820234
33,33.0,33.0,0.1005459120311402,0.0978202745208462,0.055118620192906,0.0978202745208462,0.126455501540759,0.1484163523379854,0.0696609792519568,0.1015242066509865,0.0865168954340385,0.1161209835185348
34,34.0,34.0,0.0641087628236088,0.1030902060505903,0.0770465694118742,0.0765119493049211,0.0982175256472176,0.0754783504314784,0.135854781176717,0.0709305153883305,0.1664350512944353,0.1323262884708265
35,35.0,35.0,0.0777689811206325,0.1078457470114012,0.097801134493801,0.0903975623364319,0.1134061575122155,0.0860489378482088,0.0925546181341616,0.1149226331033467,0.0909227585306618,0.1283314699091383
36,36.0,36.0,0.0967466896770756,0.0877268667477411,0.0978061609417911,0.1109050783964553,0.1376225694017964,0.106281931059515,0.0623620313585821,0.0978061609417911,0.0905927395650048,0.112149771910247
37,37.0,37.0,0.0621369773572701,0.0942739547145402,0.0604455574963611,0.0642794425144214,0.0964902979805588,0.1071287456574482,0.1071287456574482,0.1684362101543943,0.1342280346722273,0.1054520337953298
38,38.0,38.0,0.088250343515454,0.0869558914373328,0.089329053580555,0.1053827974905876,0.0922955062595828,0.1319381011520446,0.1100942223337493,0.0852373947129305,0.0844036227172637,0.1261130668004992
39,39.0,39.0,0.114629177225662,0.0671542729283394,0.0585623473136609,0.0885894303869967,0.0814636888534431,0.1032367879837459,0.1388089421472797,0.1159941639551081,0.1005243143547183,0.1310368748510454
40,40.0,40.0,0.0862428047139803,0.1422043954043907,0.0941167973739375,0.0610242567938407,0.1023899325189617,0.0700729983587109,0.0999455971352046,0.1117174868491361,0.1316485812025839,0.1006371496492532
41,41.0,41.0,0.0967492892621105,0.0996335178104732,0.0850946514544404,0.0878493840271624,0.1081748432799492,0.1049899422574327,0.0931084189387226,0.1061176105620558,0.0661558650169765,0.1521264773906762
42,42.0,42.0,0.0991485983157177,0.1033394224560642,0.0548225737543602,0.1136612670980288,0.1438918089905939,0.0931356767230466,0.0780607279073783,0.1008351494941499,0.106831775906353,0.1062729993543068
43,43.0,43.0,0.1214176471774058,0.0975084163771612,0.0593514853813744,0.1338591021187095,0.1014031327066128,0.0827409502946572,0.10383733041252,0.099239401412473,0.0862570136476343,0.1143855204714515
44,44.0,44.0,0.1158889128421506,0.1492901567252093,0.0777160626900837,0.1271993869612816,0.1015740940351255,0.0944811657974104,0.0909141225830856,0.0565089237167131,0.0830178474334263,0.1034093272155134
45,45.0,45.0,0.1152740112166131,0.0901462461559183,0.0898025533207416,0.1081901200026938,0.0698683688804944,0.0813012099565186,0.1276775037572114,0.1034417321482792,0.1105034371625369,0.1037948173989921
46,46.0,46.0,0.098990026441525,0.1105505173587535,0.072576702032484,0.0801504422978778,0.08519202115322,0.1114944687340514,0.0858819214176352,0.1324501892656646,0.0817425198311437,0.1409711914676444
47,47.0,47.0,0.1311487957620498,0.0831031177750761,0.0956100296834917,0.1038112833939282,0.1155874425678883,0.0766840595824845,0.0985201519678402,0.0974325305080332,0.0963788972188452,0.1017236915403625
48,48.0,48.0,0.1183311439973566,0.0848262273087041,0.0796862684985131,0.10776981156289,0.0899985129038648,0.1122393409630561,0.0896235221982157,0.0991287213892356,0.1052008388085603,0.1131956123696033
49,49.0,49.0,0.0986963493661296,0.1072833930368958,0.1195134249316234,0.1069255995506139,0.0959362281862405,0.0776442423023157,0.115870436707662,0.0591507535139168,0.1069255995506139,0.1120539728539881
50,50.0,50.0,0.0617566292555841,0.1153459411243825,0.0372634843510112,0.1038127058373037,0.1210356705326746,0.1473506690460259,0.0855741011972723,0.0940094558432868,0.0927031404179136,0.1411482023945446
51,51.0,51.0,0.0678342225123074,0.108033083931634,0.0981016005221533,0.0397288000745933,0.0818164351798992,0.0867513337684611,0.1401643537858363,0.0855931432833904,0.1680437848422027,0.1239332420995218
52,52.0,52.0,0.1002994710567194,0.0715101638620628,0.0951922445269577,0.0818877048275786,0.0867521771551641,0.1283704404022844,0.1158505661692664,0.1233978686896415,0.10264278675861,0.0940965765517147
53,53.0,53.0,0.1266563061060211,0.1017599848362884,0.0561738546515337,0.116111981803546,0.0903025082657885,0.0990402186471579,0.0719376534757529,0.0859168713010039,0.1266563061060211,0.125444314806886
54,54.0,54.0,0.1110530362330191,0.0906055657287802,0.0662808828852561,0.1173008744426477,0.1628892803355313,0.1043315649356468,0.043605331081971,0.1032594750567673,0.0844213243278842,0.1162526649724958
55,55.0,55.0,0.085520279030797,0.1176993795302794,0.0740068571119681,0.0943496495505195,0.1354164259000328,0.0649798094992567,0.0901858486972506,0.0913895656711956,0.124083625549725,0.1223685594589748
56,56.0,56.0,0.0763158044360207,0.0810877358021562,0.0890299468302225,0.0857505053396546,0.094511299035886,0.1236608489706197,0.1126419255623115,0.1303509096113783,0.0885380306066373,0.1181129938051127
57,57.0,57.0,0.0818207006626435,0.1398490894254996,0.0968848578320167,0.0769942628558287,0.0820215560915685,0.1365203291398784,0.1051908205693259,0.0766026439986968,0.0675954102846629,0.1365203291398784
58,58.0,58.0,0.1137300990874144,0.1065532334513503,0.0682766167256751,0.1164310700257181,0.1326933619469334,0.1051862114254333,0.0980473186234225,0.03,0.1017686563606409,0.1273134323534114
59,59.0,59.0,0.1132086278622104,0.0816902082174337,0.1089711514433015,0.1072162369667837,0.1294259742761567,0.0591585789944498,0.1247653817319618,0.1247653817319618,0.0828923060829554,0.0679061526927847
60,60.0,60.0,0.1221983050532359,0.1419550847075008,0.1064571310197566,0.0789803495595316,0.099971927942188,0.1046367231383339,0.062653566373021,0.1098198289118293,0.1106735169215814,0.062653566373021
61,61.0,61.0,0.1116059245216829,0.126420538511773,0.065609857973098,0.082227791693877,0.1146937162603412,0.0848391812785709,0.1083416875408156,0.0918487006901175,0.082227791693877,0.1321848098358464
62,62.0,62.0,0.0775161940996717,0.1064149320316358,0.055546340913802,0.0716808720172559,0.1199927918554389,0.1289920710409828,0.1190928639368846,0.1054225303169393,0.1061477469546022,0.1091936568327863
63,63.0,63.0,0.1355821420110153,0.1128491449273039,0.0862190626292419,0.0571402371313581,0.0693533438404693,0.1182057706769141,0.0747197089096242,0.1022816519518825,0.1349422502412516,0.1087066876809387
64,64.0,64.0,0.0908779681464984,0.076058989058206,0.0883413861403943,0.1140115960421678,0.1036943824931297,0.111677940596552,0.1272356435673239,0.0928291850742708,0.0952632455129835,0.1000096633684732
65,65.0,65.0,0.0521295226111059,0.1372430711153593,0.0759613161922968,0.1226352109302107,0.1120094073235101,0.0950336991020255,0.114890299852439,0.0963885678333177,0.0928944326841957,0.1008144723555388
66,66.0,66.0,0.1470314666249651,0.1060704533062273,0.0797192505269459,0.1065488838301658,0.0950174814583139,0.0920983292295733,0.0896631006323351,0.0933920444218561,0.072261362947904,0.1181976270217128
67,67.0,67.0,0.0690984625820581,0.08756162546803,0.0714443703369816,0.0596031216692726,0.1614089791172589,0.1110868115288771,0.1275161654987804,0.0871646487406643,0.0778204273119019,0.1472953877461745
68,68.0,68.0,0.0875438844345598,0.0640720368362525,0.0721052812935803,0.0587719422172799,0.1101504104624226,0.1019298555431997,0.1621160612017955,0.0916541618941712,0.1335789919822076,0.1180773741345303
69,69.0,69.0,0.0862334552805845,0.1634933329704312,0.03,0.0558012324228564,0.0937994110819723,0.0914069331663983,0.1053879759855337,0.0926601358840799,0.1177241902377119,0.1634933329704312
70,70.0,70.0,0.0631277727153471,0.1125925292355231,0.1169604033777863,0.03,0.0898437184535304,0.1674189090414402,0.1191901573105501,0.091838509068648,0.1055005052582331,0.1035274955389413
71,71.0,71.0,0.1066757293985378,0.1482996967863155,0.0863331889458645,0.03,0.0875067970489033,0.128044375296491,0.1273191950058365,0.0875067970489033,0.0900070925727687,0.108307127896379
72,72.0,72.0,0.1360708961550759,0.0904996963254877,0.0855609456050397,0.0624105516029398,0.1297247741628918,0.0970563136612548,0.1236304824084929,0.0840175860048997,0.077142620513367,0.1138861335605502
73,73.0,73.0,0.0937396191961081,0.1333932993411524,0.0460259613978786,0.0648390465171274,0.105121694052556,0.0932603739389945,0.0735488081464093,0.1472631321795997,0.0949701137751836,0.1478379514549899
74,74.0,74.0,0.0995450328424205,0.1299841961533887,0.0537336223192387,0.0983528322794075,0.1439213871323459,0.0433501625545717,0.0989040647977899,0.0962904623399427,0.1133571125358629,0.1225611270450311
75,75.0,75.0,0.047437427380753,0.133014955603218,0.0792350890750674,0.0553635307356408,0.1346245642845183,0.146249515871687,0.0834253094218816,0.1084684232133887,0.0965792681810571,0.1156019162327877
76,76.0,76.0,0.1581143509089726,0.1427406287998959,0.0497099001398419,0.03,0.0929333653587935,0.1098634914757231,0.1178498406232955,0.0998805550412577,0.0956996671328064,0.1032082005194129
77,77.0,77.0,0.1287855393593097,0.1114166533181123,0.0745649049741246,0.0798078349710805,0.0904809424648834,0.0770407330282427,0.0779282940287755,0.1168444302059865,0.1146733194508368,0.1284573481986475
78,78.0,78.0,0.0827647367430671,0.1222274390130921,0.0717479235769322,0.1144235787889074,0.1294992178583552,0.1264840900444656,0.0933176840916805,0.0761891920425633,0.071115379280312,0.1122307585606241
79,79.0,79.0,0.1228199959194278,0.1056570532777222,0.0439229993879141,0.0784278239579623,0.1391108523461029,0.10034778638104,0.1110065418933188,0.1162327704025652,0.0570021806311062,0.12547199580284
80,80.0,80.0,0.0790294131935329,0.1672823569418923,0.130287436077681,0.0930378169631138,0.1046755677870732,0.0584686915317288,0.100917544083503,0.105108888296476,0.0996733766434415,0.0615189084815569
81,81.0,81.0,0.1198362347921591,0.0953354434852066,0.0668558911967832,0.1098544309263637,0.1133263627057708,0.0449727057986931,0.1098544309263637,0.0813349913098052,0.1145517503926203,0.1440777584662338
82,82.0,82.0,0.0821579478633844,0.1061959586178138,0.1107606934658856,0.0958837236169067,0.1551790748721227,0.0735405477816079,0.0941943973703193,0.03,0.1078892021426541,0.144198454269305
83,83.0,83.0,0.0878527877827253,0.104648758429323,0.0878527877827253,0.0795881038137646,0.1134597594242595,0.0778781691994968,0.1071370503769671,0.1291762076275292,0.0961174717516861,0.1162889038115226
84,84.0,84.0,0.1026059872866438,0.1021550184215094,0.0530495197735377,0.0853188474564905,0.1311930136399218,0.0559307097452299,0.1431521879791852,0.1129782711847358,0.1071890894741729,0.1064273550385725
85,85.0,85.0,0.1173778783431122,0.0959792142590847,0.1179722856787796,0.0509933863551633,0.0857410603223302,0.0642114444306365,0.0754283114570747,0.1404434673467287,0.0944448139274781,0.1574081378796118
86,86.0,86.0,0.1134825605435442,0.0842976003535247,0.0885842530130135,0.1492608007764918,0.0901676112025544,0.0745240322898902,0.0856550403623628,0.1095072005176611,0.0962560004313843,0.1082649005095727
87,87.0,87.0,0.0613631488935328,0.1901760818491141,0.1089137294740503,0.0955265789382739,0.1080742217136881,0.0649475087670794,0.091158140342389,0.1196986058355039,0.0621884949170468,0.0979534892693211
88,88.0,88.0,0.1445721001258949,0.1213747860263309,0.0704999051607814,0.0643716300377684,0.0714641886169905,0.0893691791561455,0.0806248814509768,0.098293957722102,0.1170747960956801,0.1423545756073291
89,89.0,89.0,0.0892139427045598,0.0982827447403933,0.0849230772911859,0.0611908833999327,0.0947810655229372,0.0982827447403933,0.0937995342271351,0.127924866488161,0.1313703710497814,0.1202307698355197
90,90.0,90.0,0.1028444621944173,0.1105938730661638,0.074389594149723,0.0798409478172328,0.0826098893626347,0.1246978008527425,0.1271259495925564,0.0976412863233874,0.0857045887369073,0.1145516079042343
91,91.0,91.0,0.0591011649153779,0.1205699520325538,0.03,0.0759095963751221,0.1818238406440441,0.058943006410403,0.1187585529919027,0.096568914743927,0.1145319552303835,0.1437930166562855
92,92.0,92.0,0.1124939584669304,0.1147356421209231,0.0609352344250989,0.1064282262267149,0.1199934092366514,0.0799723017636213,0.0819711938341661,0.133117448083663,0.0809521508178099,0.1094004350244205
93,93.0,93.0,0.0822970879156575,0.1348723518308665,0.0615961572823764,0.0982476997299331,0.1340814592831224,0.0931923145647528,0.0737485254679058,0.0931923145647528,0.1077751563873881,0.1209969329732441
94,94.0,94.0,0.1068332596358322,0.0624795143006018,0.0710660525639793,0.0907609961405816,0.1247319167100886,0.1623239471506,0.053818310487108,0.0853914197374604,0.0910725909925846,0.1515219922811632
95,95.0,95.0,0.1511936090302854,0.1040627610740632,0.0812742192051207,0.1025512761541844,0.0844134571156383,0.0922127193022131,0.0511607888783037,0.1001647210175336,0.0934823666349113,0.1394840815877457
96,96.0,96.0,0.1213633399769182,0.0807574110982879,0.0656888046784836,0.0617233819364299,0.1405201693269172,0.1760751075212355,0.1201611907666956,0.0608659932354453,0.0571914702312256,0.1156531312283608
97,97.0,97.0,0.0958939653252127,0.1162316089441056,0.0429347413416158,0.0731158044720528,0.1270105600621188,0.0937877655202973,0.0817389653664633,0.0747741046440548,0.1480998122495359,0.1464126720745426
98,98.0,98.0,0.1042938200845339,0.1058416080029617,0.0603366432011847,0.03,0.1853828066402144,0.0533358793855267,0.0701514395309797,0.1210099296035541,0.1031329791457131,0.1665148944053312
99,99.0,99.0,0.1076818446838127,0.1209987323438949,0.03,0.1311097026043277,0.1133086986246925,0.0637032342014425,0.0845992394063369,0.1058322769532457,0.073332729687569,0.1694335414946777
100,100.0,100.0,0.1020239461240905,0.115042851837483,0.0814456758029218,0.0858806478548978,0.138364295840197,0.1098294969355683,0.0787380086553996,0.0814456758029218,0.087876385278287,0.1193530158682326
101,101.0,101.0,0.1230611478191007,0.1212146964734836,0.0736583162608126,0.0801606186826358,0.1164434661964091,0.0937175426509158,0.0933749752173087,0.03,0.1490681352567618,0.1193011014425714
102,102.0,102.0,0.0845437572817978,0.1004664690348692,0.0600134960704072,0.0750202441056109,0.11253711419362,0.1268913949229452,0.0719153996845343,0.1312955492376246,0.0797592171693594,0.1575573582992309
103,103.0,103.0,0.0976961296979222,0.1409556077000091,0.0794476077793518,0.1215064925571914,0.0998339022146987,0.1372919791438767,0.0773872907885455,0.0824905374888504,0.0529756561399008,0.110414796489653
104,104.0,104.0,0.0997841362697999,0.1492145661275749,0.0761475739848677,0.1175862118488305,0.1253716529020599,0.1444459834824719,0.0850221074434961,0.0815522448119243,0.03,0.0908755231289744
105,105.0,105.0,0.083008603635117,0.1002113957582116,0.0425293063137549,0.1360172072702341,0.0833505946263113,0.0759407898171014,0.1233635405960448,0.0970487202736075,0.1481334595296894,0.1103963821799275
106,106.0,106.0,0.0805822930191774,0.0917574507792282,0.1722626991164365,0.0620591998008871,0.0950343767389424,0.0817318905877951,0.1169383161267112,0.1222785075349858,0.0699333892256664,0.1074218770701695
107,107.0,107.0,0.0539246204730828,0.1029131290608237,0.0647994479608477,0.1256984818923312,0.1105881952777525,0.1017738614192484,0.1120272701934267,0.0950027424174325,0.0995988959216954,0.1336733553833587
108,108.0,108.0,0.1226012958838246,0.1488383297175749,0.0531503239709561,0.0923641380442084,0.1166905748699635,0.0591032644206306,0.0979076169814714,0.1098913140958487,0.0724422606134196,0.127010881402102
109,109.0,109.0,0.1284381941130769,0.1361770458515263,0.0701955959295063,0.0692152155409818,0.1103911918590127,0.0824290381689213,0.1234781300686195,0.0835941279060085,0.0891111704845682,0.1069702900777782
110,110.0,110.0,0.0979369810967727,0.1588459986318104,0.0683234252340769,0.0669040391142963,0.1066468504681539,0.0903884276415758,0.1258085630851924,0.0869376603477714,0.095553227374079,0.1026548270062708
111,111.0,111.0,0.0797483538056247,0.107166480618952,0.1209462093009077,0.0646461749717743,0.1039901363803995,0.0921854422570309,0.1467704415715358,0.0555287605055179,0.096902958566185,0.1321150420220718
112,112.0,112.0,0.0600673811315263,0.1159068032329323,0.1123584787515721,0.065078611320114,0.0969682579747631,0.1352358339603421,0.0913875698101995,0.084905652501048,0.1271407698095465,0.1109506415079555
113,113.0,113.0,0.0813552361415699,0.1556564288570329,0.076871842510163,0.080803029301338,0.1068240930898282,0.094427478068515,0.1087446954170739,0.0824964636113826,0.0801102607199561,0.1327104722831399
114,114.0,114.0,0.134141559909391,0.1144650439818102,0.03,0.03,0.1112812174902564,0.0860089061697565,0.1616805134416616,0.1252151404885861,0.0895094628053663,0.1176981557131714
115,115.0,115.0,0.0675618998941757,0.1436655753319405,0.03,0.1171436077544877,0.1319765622658899,0.0721662618166876,0.103850515046176,0.0875476654982466,0.0980809435581935,0.1480069688342021
116,116.0,116.0,0.0750853201817307,0.1170067582454452,0.0750853201817307,0.1062982341536981,0.1369671321958709,0.0568074876756236,0.1083060824209007,0.0901137602423076,0.1051422003028845,0.1291877043998076
117,117.0,117.0,0.053885397739008,0.1031807930727056,0.1480219652986282,0.0593974126018561,0.0948961749890031,0.139190389664037,0.1235917625691745,0.069085196300195,0.0758599636588955,0.1328909441064964
118,118.0,118.0,0.03,0.1266300106387637,0.0634923690270188,0.0938448284577545,0.1047451650237126,0.0981011503549382,0.1137309225675469,0.1004494658844188,0.1188275874194846,0.1501785006263615
119,119.0,119.0,0.1376042140599105,0.1089097569772677,0.0465544944707554,0.0972526337874441,0.1160833712479284,0.1160833712479284,0.1145461681899297,0.0789110063908684,0.0709920815466325,0.1130629020813344
120,120.0,120.0,0.1108016511689858,0.104157959850647,0.0801820780944228,0.060756757541743,0.1076071672855608,0.0733390674451833,0.0776729741897016,0.1166781348903666,0.122270272625229,0.1465339369081596
121,121.0,121.0,0.0807981397626088,0.1039620914943585,0.1210863195743331,0.1134158926628103,0.1054715219330189,0.0759391872635767,0.0620182214261292,0.0944269089672112,0.0903772175464151,0.1525044993695379
122,122.0,122.0,0.1176669768587443,0.0660615933177813,0.1060529756509619,0.085268311497904,0.1277823972655225,0.0872599623626934,0.0653103101236609,0.0942005638612017,0.1303556182461941,0.1200412908153353
123,123.0,123.0,0.0525919091976264,0.0663084254961853,0.0984274172812724,0.0891067391798366,0.1184031229472339,0.1288396027396157,0.099316085038172,0.1026168509923707,0.1296701876365873,0.1147196594910992
124,124.0,124.0,0.0716259324556996,0.053414587006331,0.0891526408580995,0.0640575811001178,0.1164538597156839,0.0891526408580995,0.1345488536096642,0.1236583480253242,0.1132518649113993,0.1446836914595806
125,125.0,125.0,0.0768646988522889,0.1185222089432123,0.03,0.1685565009545933,0.0625183624689351,0.1210514149130184,0.0716575100909234,0.0934188959593163,0.1041116167896661,0.1532987910280458
126,126.0,126.0,0.1417678470915362,0.0999223970934973,0.0874362547553728,0.1029349266734892,0.0899334832229977,0.1150907477857374,0.0899334832229977,0.0628207170030701,0.1193452851750243,0.090814857976277
127,127.0,127.0,0.1242944237460356,0.1331345259722265,0.0614314745820118,0.0771472118730178,0.0942916525541152,0.0636765799092984,0.0889340148412722,0.0950306370662315,0.0973531598185969,0.1647063196371938
128,128.0,128.0,0.0990478464338394,0.0671796096182212,0.0658025870397685,0.1055210820370118,0.0800001646589871,0.1460003820088502,0.0857694144273318,0.1105558208394793,0.1086824296571658,0.1314406632793443
129,129.0,129.0,0.1056210110113669,0.1255650139154637,0.0460302603987229,0.0682260055661855,0.0884633026306366,0.1261815623923377,0.0941210415948917,0.1512044078927832,0.1128230120600685,0.0817643825375428
130,130.0,130.0,0.089043526924226,0.1232584938085211,0.1743286213703302,0.0918551234444272,0.1053018894106071,0.094487256356956,0.0744088065754862,0.0752373290862229,0.0722425233279015,0.0998364296953211
131,131.0,131.0,0.0975609125385612,0.1471055817335061,0.0633177102929891,0.086300760448801,0.141475505688626,0.1395582365490182,0.0668514068392152,0.0450135361196802,0.086300760448801,0.1265155893408017
132,132.0,132.0,0.1370207377910745,0.1321065202394436,0.1339630024256153,0.0699857701636982,0.1112210956450119,0.085694465585151,0.0819815012128076,0.0646543341418717,0.0685048157131908,0.1148677570821349
133,133.0,133.0,0.1027017919344991,0.1524451232581039,0.0769043818932252,0.1208772399181239,0.0964702097686849,0.1161650867371842,0.1130877622108562,0.0606112808145259,0.062311907526444,0.0984252159383521
134,134.0,134.0,0.0653182313047617,0.1225581234193756,0.0971046394790473,0.1156654972072944,0.0952406217157404,0.1144083515459715,0.1063792644476961,0.1194728526387298,0.03,0.1338524182413827
135,135.0,135.0,0.0738419571800922,0.113353844515237,0.0695991871304058,0.0909434298389934,0.1391177600926739,0.0996496341017067,0.1067234250651613,0.1036544880625549,0.0884559429067896,0.1146603311063849
136,136.0,136.0,0.0684851342835809,0.0901330223180952,0.0684851342835809,0.135599453826899,0.1016478563790071,0.0846663839255411,0.0822895846244306,0.113261107825055,0.1352327890566667,0.1201995334771429
137,137.0,137.0,0.0510128812033112,0.1174590190624308,0.1029921136536076,0.0947196741061988,0.0930386436099338,0.1140515248132451,0.0646712539854636,0.0813648207192054,0.1304963883636627,0.1501936804829406
138,138.0,138.0,0.0612641757253788,0.0940534331934591,0.0900762592370025,0.1047290053923689,0.1394246150388259,0.0814939364888592,0.1081604393134471,0.0786331622394782,0.1141727807990969,0.1279921925720829
139,139.0,139.0,0.1006714194298743,0.1049545357589576,0.0535571398099581,0.0959599914678827,0.0878596416384936,0.1059907735805101,0.09498521326885,0.0809343563458554,0.1426645816997998,0.1324223469998179
140,140.0,140.0,0.1135809014797231,0.1076108370883143,0.0479101931742263,0.0920886696706514,0.0765665022529885,0.118698099529502,0.1364377194354025,0.0858798027035863,0.1039150829412517,0.1173121917243536
141,141.0,141.0,0.1061744359460588,0.114248224087807,0.0537426813338365,0.0902698833858927,0.1682662030617538,0.0712372886324529,0.0889737568614649,0.1375403801591419,0.0792772631456984,0.0902698833858927
142,142.0,142.0,0.104122238459864,0.1326113981400158,0.0553937298427311,0.0934843246068279,0.1228458247374859,0.0463245406131843,0.1269578775813372,0.1182097984010662,0.0854045014750498,0.1146457661424373
143,143.0,143.0,0.0617948185248692,0.1239846836898652,0.0576732679753492,0.063207921570419,0.1011598319366122,0.1011598319366122,0.1348671207486917,0.096415843140838,0.1147861827329847,0.1449504977437582
144,144.0,144.0,0.0535444843427944,0.1505937002923619,0.1006334530283834,0.0582533812113533,0.165969397079638,0.0849371301331871,0.0802814411388492,0.0825993799147536,0.0653167265141917,0.1578709063444872
145,145.0,145.0,0.1084368762322277,0.1352988201473742,0.0849058133625594,0.0622975372720937,0.1305317709455313,0.1316774321528878,0.1107438431802344,0.0692184381161138,0.0561456254107425,0.1107438431802344
146,146.0,146.0,0.0922926599311343,0.1210318964801588,0.0429439293363396,0.096742135640501,0.0936180356743499,0.0802529021293184,0.1339012706187259,0.0932814323109935,0.1154299336198413,0.1305058042586369
147,147.0,147.0,0.1016243096948742,0.1233286459660482,0.0513878147005527,0.0465583081552666,0.1639063181251996,0.073997790241137,0.0766643229830241,0.1356809667556722,0.1522160840031584,0.0746354393750665
148,148.0,148.0,0.0628319150262956,0.0918755321649418,0.0746878843413469,0.0970318265120203,0.1021881208590988,0.1551260761557713,0.1164926793703488,0.0845343673318131,0.0958558295556691,0.1193757686826938
149,149.0,149.0,0.0749683078596612,0.1831063815221798,0.0938259853491965,0.0959535181941697,0.1081028504930957,0.1091442218330037,0.0815261860891951,0.0760140824610486,0.0794651386456273,0.0978933275528218
150,150.0,150.0,0.1165890747761013,0.0960386010292399,0.0440707246511164,0.0962151748287834,0.1258006784756866,0.1110473739904309,0.0962151748287834,0.1026230949735043,0.0962151748287834,0.11518492761757
151,151.0,151.0,0.1013704726769431,0.121195603976094,0.0851771721536031,0.1161439524438905,0.0798942514154921,0.1193344692010716,0.0925341284407501,0.0643175095101677,0.131406694768784,0.0886257454132032
152,152.0,152.0,0.1010380918075874,0.106957932791553,0.0882034785818468,0.1057883593448729,0.0852256261892872,0.1128384392839309,0.1355423078284156,0.0978486264611243,0.0908897929779321,0.0756673447334491
153,153.0,153.0,0.093553805009832,0.1253307075147481,0.1222555234013691,0.1230055683070713,0.03,0.0544437711576277,0.1447499257121968,0.1193725382950763,0.0995119742295038,0.0877761863725746
154,154.0,154.0,0.0941112619655746,0.1234599729987043,0.0884124831241901,0.0738093623431426,0.1108788227873402,0.0628570217573569,0.0730911760752222,0.1480170577407107,0.0684667571793447,0.1568960840284131
155,155.0,155.0,0.0847824894473691,0.0599999346973688,0.0999998476271939,0.1313790896669704,0.1321619397802289,0.0734481812858444,0.1349997714407909,0.0966665215497084,0.0449999673486844,0.1415622571558403
156,156.0,156.0,0.0756478757340306,0.1258605390414642,0.0627728338603296,0.1023475766350673,0.0943089570089487,0.0891731722478174,0.1297130902558966,0.0908638343120407,0.0908638343120407,0.1384482865923635
157,157.0,157.0,0.1386764256546378,0.1476262489438433,0.0699929246409067,0.089513280715635,0.089513280715635,0.0938184967674043,0.0708091067764354,0.0871327494870096,0.0602976701825051,0.1526198161159876
158,158.0,158.0,0.0750436104539067,0.1048776901051956,0.1476649415938789,0.1035405884961743,0.0633914023442088,0.0955179788420462,0.0479055345903728,0.1229932602919365,0.0868037649073898,0.1522612283748898
159,159.0,159.0,0.1126056846912486,0.1820695559088896,0.1084108647655212,0.0718191278749446,0.0671725581110619,0.0740201346052049,0.0578794185832964,0.102728918043382,0.0937243853332489,0.1295693520832015
160,160.0,160.0,0.0647217358660424,0.1200888281929749,0.1040730365142238,0.0746422318277688,0.1081239056985954,0.0837626877925818,0.0994434717320848,0.0784489337665708,0.1261524993213482,0.1405426692878085
161,161.0,161.0,0.1309088243747855,0.1547003358127431,0.090865640099077,0.068732680063049,0.0550623223937375,0.1395581521783386,0.03,0.03,0.1401877967310876,0.1599842483471814
162,162.0,162.0,0.0964567575918224,0.1680823741074533,0.03,0.0695148288383809,0.1031024333510046,0.1321861971573183,0.1599598815128972,0.03,0.0956047478791067,0.115092779562016
163,163.0,163.0,0.1128086850105191,0.127993220001787,0.0557472381965479,0.0612645035243796,0.1106295090891896,0.0936658980860094,0.0991110077907339,0.1029505082235525,0.1085620857792104,0.12726734429807
164,164.0,164.0,0.112231472926608,0.0709111805605015,0.0503040673892859,0.0665473213007147,0.0756841516258933,0.1015056286318331,0.1474735327522972,0.1083156885015315,0.08671136063904,0.1803155956722943
165,165.0,165.0,0.099414398262967,0.1420777327435281,0.0669298276472928,0.1087474266008449,0.0532818478645976,0.1489961113079434,0.0641797340990901,0.109752712897877,0.0746235417404787,0.13199666683538
166,166.0,166.0,0.1077319654478953,0.1292963171527954,0.0474896922257764,0.0958435472029231,0.1232783585374744,0.1192227777314973,0.03,0.1388247516270535,0.0999587689031058,0.1083538211714785
167,167.0,167.0,0.1412042945393168,0.0909830002312382,0.0600075080502918,0.1200225241508755,0.1556128243965705,0.1071621635578933,0.03,0.0868563310426582,0.0917297308463146,0.1164216231848405
168,168.0,168.0,0.0926250769628878,0.1302001231406205,0.0801000615703102,0.0801000615703102,0.088087027907606,0.1199756207793326,0.1101600985124964,0.0872572132232117,0.1205033370302378,0.0909913793029864
169,169.0,169.0,0.1311190080420109,0.1635534068479389,0.058088613345003,0.0805595040210054,0.1167442470948623,0.1109612972885381,0.0848707795576803,0.0484331525076582,0.1243777408392101,0.0812922504560925
170,170.0,170.0,0.1036666649521327,0.0689456382811454,0.1104876524477005,0.1507314786715508,0.1051218089511872,0.1287803007312689,0.0836584349651337,0.0702438262238502,0.0678765423283296,0.1104876524477005
171,171.0,171.0,0.0835561829359688,0.0846273065946881,0.0744124443859253,0.0967667080601744,0.1117075098638498,0.0846273065946881,0.1600650157016385,0.1091700095575191,0.1000350084547284,0.0950325078508192
172,172.0,172.0,0.0762726746485201,0.1225453492970402,0.0731878296719521,0.1533937990627203,0.1163756593439042,0.1312214757936377,0.0482999278270983,0.0790770791726728,0.1004149396825306,0.0992112654999232
173,173.0,173.0,0.1163705582460968,0.1167722817728228,0.079971537270956,0.0610934009685948,0.113952182615206,0.11695612135285,0.0883001268161153,0.1017540022352188,0.0766401014528922,0.1281896872692468
174,174.0,174.0,0.0632295701225442,0.1570265127379528,0.1317655585002917,0.0734199716267911,0.0856666302907578,0.100032212301276,0.1048620200461916,0.0619264497255817,0.090305516148321,0.1317655585002917
175,175.0,175.0,0.0869079721642644,0.146811100758227,0.0626918137964923,0.1006443792383972,0.132434349895676,0.1275565237101676,0.1044977090150371,0.055608587473919,0.0920814241791976,0.0907661397686213
176,176.0,176.0,0.1193087752851755,0.0604461733926735,0.0523271938212938,0.0736836400851402,0.1292319725390839,0.1058282054308094,0.0790109132662549,0.0557621467168775,0.1357603917850763,0.1886405876776145
177,177.0,177.0,0.0756534643130157,0.1179429891503354,0.0542161854182083,0.0839005417373024,0.109567466374113,0.0627630743893406,0.0777404798244678,0.1924502438471475,0.056522488791371,0.1692430661546979
178,178.0,178.0,0.1070264973905283,0.1120499646116497,0.0768856940637998,0.1070264973905283,0.1267768813368176,0.0617167930431587,0.0941887478254402,0.1630457682200035,0.058378183249142,0.0929049728689314
179,179.0,179.0,0.0907808522986788,0.1565234068258213,0.0896119897544735,0.0959536907921834,0.1211712784480183,0.0587020691410428,0.1056054504203078,0.114760797932142,0.03,0.1368904643873318
180,180.0,180.0,0.1367093759125824,0.1171096946225162,0.1062209827947017,0.0941860907744856,0.0886315252266936,0.0808139885298011,0.1113023816476818,0.0808139885298011,0.03,0.1542119719617361
181,181.0,181.0,0.0849743563855225,0.1281684935455759,0.0652399720420016,0.0919080589927055,0.0823565298909738,0.1042896707912466,0.1237062892935042,0.0726157801438159,0.1132944793720038,0.1334463695426498
182,182.0,182.0,0.1230867506482215,0.1086846496045344,0.0758273233960475,0.0480531880045035,0.0577095443790054,0.0895755204148617,0.1101978159430831,0.0776604163318894,0.1623900453663594,0.1468147459114936
183,183.0,183.0,0.1157826687611031,0.1654463190964786,0.0695920009666629,0.065092909947724,0.1925355829157743,0.1112677914578871,0.0467835656271723,0.0557348006283309,0.0912733348293594,0.0864910257695069
184,184.0,184.0,0.0970508662579098,0.0768291764340957,0.0607316470348753,0.0768291764340957,0.0693365082046404,0.075528365977593,0.1746195154582368,0.1155141482709574,0.1142925175813723,0.1392680783462233
185,185.0,185.0,0.0965419372240047,0.1308211170060678,0.0965419372240047,0.0854516143533372,0.0501642234012135,0.1217819823779375,0.1330931421780355,0.1067791583353901,0.1131774215300059,0.0656474663700025
186,186.0,186.0,0.1108473515522767,0.1426088110906711,0.03,0.0720406228071839,0.1981624912287356,0.1000677046786398,0.0525217622181342,0.0408725748639268,0.1501160651633825,0.102762616397049
187,187.0,187.0,0.0919653550376296,0.1434281075265085,0.03,0.0518701253073987,0.1375061581375743,0.1332755917293828,0.0795722840301037,0.0691360137079766,0.1341017964632178,0.1291445680602075
188,188.0,188.0,0.0459802511340231,0.1027376948169327,0.1040137947260017,0.0619605022680462,0.122866365080738,0.0748807053125755,0.1334016249848553,0.0862504839917613,0.1530479337319778,0.1148606439530881
189,189.0,189.0,0.0690066010993975,0.1185555268202538,0.092410561759036,0.03,0.102125413353603,0.0890370178801692,0.1162251182197209,0.162386040094925,0.0676615458890735,0.1525921748838208
190,190.0,190.0,0.0614238926029949,0.0709876860039065,0.03,0.03,0.1219723685941317,0.104425008796567,0.1904624303131659,0.0963885054992852,0.0728507626404477,0.2214893455495007
191,191.0,191.0,0.03,0.2015764567379624,0.094991082097713,0.03,0.0916294744030037,0.0980858955309374,0.0764222014983664,0.1216540901378004,0.1039553692836045,0.1516854303106116
192,192.0,192.0,0.1423947005578885,0.0932220190638122,0.0453265500760757,0.1311552305020996,0.1172027849156031,0.0670080111593047,0.1311552305020996,0.0805776152510498,0.0546720074395365,0.1372858505325299
193,193.0,193.0,0.0928705063047481,0.1252583428859821,0.03,0.0733589698653435,0.0871550057315892,0.0973612567550873,0.1326457245791806,0.0928705063047481,0.0898766726711887,0.178603014902132
194,194.0,194.0,0.0845854725198871,0.1017881668897909,0.0652531176690937,0.0723037412029125,0.1312397225368846,0.0983696827521818,0.1044971543195943,0.114607482405825,0.1105785546722143,0.1167769050316154
195,195.0,195.0,0.1153146382476424,0.0476723179227259,0.1537062254590815,0.0529085602702002,0.0862301024814007,0.112470816972721,0.1132638055974587,0.0741807948068148,0.1057385053831111,0.1385142328588434
196,196.0,196.0,0.092683488506041,0.142830279310874,0.0848480524427859,0.1202642234486991,0.0904447924879681,0.0955989995993453,0.0619330979181718,0.1167925225468261,0.1052201862072493,0.0893843575320389
197,197.0,197.0,0.1018168883097251,0.1218007181002573,0.03,0.0802718218168075,0.1144566606522367,0.1104349149068921,0.1082006117150339,0.0990005397485594,0.1137863696946792,0.1202314750558084
198,198.0,198.0,0.0691356081621655,0.199960355447119,0.03,0.0701933273016835,0.0565563055386123,0.1206800676928226,0.0481360135385645,0.1069217125946012,0.1621913875699815,0.1362252221544493
