,Unnamed: 0,Total_iterations,Intertwine_two,Add_vertex,Delete_vertex,Invert_path_vertices,Insert_inside_vertex,Delete_inside_vertex
0,0.0,0.0,0.16666666666666663,0.16666666666666663,0.16666666666666663,0.16666666666666663,0.16666666666666663,0.16666666666666663
1,1.0,1.0,0.16666666666666663,0.16666666666666663,0.16666666666666663,0.16666666666666663,0.16666666666666663,0.16666666666666663
2,2.0,2.0,0.16666666666666663,0.16666666666666663,0.16666666666666663,0.16666666666666663,0.16666666666666663,0.16666666666666663
3,3.0,3.0,0.16666666666666663,0.16666666666666663,0.16666666666666663,0.16666666666666663,0.16666666666666663,0.16666666666666663
4,4.0,4.0,0.16666666666666663,0.16666666666666663,0.16666666666666663,0.16666666666666663,0.16666666666666663,0.16666666666666663
5,5.0,5.0,0.16666666666666663,0.16666666666666663,0.16666666666666663,0.16666666666666663,0.16666666666666663,0.16666666666666663
6,6.0,6.0,0.16666666666666663,0.16666666666666663,0.16666666666666663,0.16666666666666663,0.16666666666666663,0.16666666666666663
7,7.0,7.0,0.16666666666666663,0.16666666666666663,0.16666666666666663,0.16666666666666663,0.16666666666666663,0.16666666666666663
8,8.0,8.0,0.16666666666666663,0.16666666666666663,0.16666666666666663,0.16666666666666663,0.16666666666666663,0.16666666666666663
9,9.0,9.0,0.16666666666666663,0.16666666666666663,0.16666666666666663,0.16666666666666663,0.16666666666666663,0.16666666666666663
10,10.0,10.0,0.16666666666666663,0.16666666666666663,0.16666666666666663,0.16666666666666663,0.16666666666666663,0.16666666666666663
11,11.0,11.0,0.16666666666666663,0.16666666666666663,0.16666666666666663,0.16666666666666663,0.16666666666666663,0.16666666666666663
12,12.0,12.0,0.16666666666666663,0.16666666666666663,0.16666666666666663,0.16666666666666663,0.16666666666666663,0.16666666666666663
13,13.0,13.0,0.16666666666666663,0.16666666666666663,0.16666666666666663,0.16666666666666663,0.16666666666666663,0.16666666666666663
14,14.0,14.0,0.16666666666666663,0.16666666666666663,0.16666666666666663,0.16666666666666663,0.16666666666666663,0.16666666666666663
15,15.0,15.0,0.16666666666666663,0.16666666666666663,0.16666666666666663,0.16666666666666663,0.16666666666666663,0.16666666666666663
16,16.0,16.0,0.16666666666666663,0.16666666666666663,0.16666666666666663,0.16666666666666663,0.16666666666666663,0.16666666666666663
17,17.0,17.0,0.16666666666666663,0.16666666666666663,0.16666666666666663,0.16666666666666663,0.16666666666666663,0.16666666666666663
18,18.0,18.0,0.16666666666666663,0.16666666666666663,0.16666666666666663,0.16666666666666663,0.16666666666666663,0.16666666666666663
19,19.0,19.0,0.16666666666666663,0.16666666666666663,0.16666666666666663,0.16666666666666663,0.16666666666666663,0.16666666666666663
20,20.0,20.0,0.16666666666666663,0.16666666666666663,0.16666666666666663,0.16666666666666663,0.16666666666666663,0.16666666666666663
21,21.0,21.0,0.16666666666666663,0.16666666666666663,0.16666666666666663,0.16666666666666663,0.16666666666666663,0.16666666666666663
22,22.0,22.0,0.16666666666666663,0.16666666666666663,0.16666666666666663,0.16666666666666663,0.16666666666666663,0.16666666666666663
23,23.0,23.0,0.16666666666666663,0.16666666666666663,0.16666666666666663,0.16666666666666663,0.16666666666666663,0.16666666666666663
24,24.0,24.0,0.16666666666666663,0.16666666666666663,0.16666666666666663,0.16666666666666663,0.16666666666666663,0.16666666666666663
25,25.0,25.0,0.16666666666666663,0.16666666666666663,0.16666666666666663,0.16666666666666663,0.16666666666666663,0.16666666666666663
26,26.0,26.0,0.16666666666666663,0.16666666666666663,0.16666666666666663,0.16666666666666663,0.16666666666666663,0.16666666666666663
27,27.0,27.0,0.16666666666666663,0.16666666666666663,0.16666666666666663,0.16666666666666663,0.16666666666666663,0.16666666666666663
28,28.0,28.0,0.16666666666666663,0.16666666666666663,0.16666666666666663,0.16666666666666663,0.16666666666666663,0.16666666666666663
29,29.0,29.0,0.16666666666666663,0.16666666666666663,0.16666666666666663,0.16666666666666663,0.16666666666666663,0.16666666666666663
30,30.0,30.0,0.16666666666666663,0.16666666666666663,0.16666666666666663,0.16666666666666663,0.16666666666666663,0.16666666666666663
31,31.0,31.0,0.16666666666666663,0.16666666666666663,0.16666666666666663,0.16666666666666663,0.16666666666666663,0.16666666666666663
32,32.0,32.0,0.16666666666666663,0.16666666666666663,0.16666666666666663,0.16666666666666663,0.16666666666666663,0.16666666666666663
33,33.0,33.0,0.16666666666666663,0.16666666666666663,0.16666666666666663,0.16666666666666663,0.16666666666666663,0.16666666666666663
34,34.0,34.0,0.16666666666666663,0.16666666666666663,0.16666666666666663,0.16666666666666663,0.16666666666666663,0.16666666666666663
35,35.0,35.0,0.16666666666666663,0.16666666666666663,0.16666666666666663,0.16666666666666663,0.16666666666666663,0.16666666666666663
36,36.0,36.0,0.16666666666666663,0.16666666666666663,0.16666666666666663,0.16666666666666663,0.16666666666666663,0.16666666666666663
37,37.0,37.0,0.16666666666666663,0.16666666666666663,0.16666666666666663,0.16666666666666663,0.16666666666666663,0.16666666666666663
38,38.0,38.0,0.16666666666666663,0.16666666666666663,0.16666666666666663,0.16666666666666663,0.16666666666666663,0.16666666666666663
39,39.0,39.0,0.16666666666666663,0.16666666666666663,0.16666666666666663,0.16666666666666663,0.16666666666666663,0.16666666666666663
40,40.0,40.0,0.16666666666666663,0.16666666666666663,0.16666666666666663,0.16666666666666663,0.16666666666666663,0.16666666666666663
41,41.0,41.0,0.16666666666666663,0.16666666666666663,0.16666666666666663,0.16666666666666663,0.16666666666666663,0.16666666666666663
42,42.0,42.0,0.16666666666666663,0.16666666666666663,0.16666666666666663,0.16666666666666663,0.16666666666666663,0.16666666666666663
43,43.0,43.0,0.16666666666666663,0.16666666666666663,0.16666666666666663,0.16666666666666663,0.16666666666666663,0.16666666666666663
44,44.0,44.0,0.16666666666666663,0.16666666666666663,0.16666666666666663,0.16666666666666663,0.16666666666666663,0.16666666666666663
45,45.0,45.0,0.16666666666666663,0.16666666666666663,0.16666666666666663,0.16666666666666663,0.16666666666666663,0.16666666666666663
46,46.0,46.0,0.16666666666666663,0.16666666666666663,0.16666666666666663,0.16666666666666663,0.16666666666666663,0.16666666666666663
47,47.0,47.0,0.16666666666666663,0.16666666666666663,0.16666666666666663,0.16666666666666663,0.16666666666666663,0.16666666666666663
48,48.0,48.0,0.16666666666666663,0.16666666666666663,0.16666666666666663,0.16666666666666663,0.16666666666666663,0.16666666666666663
49,49.0,49.0,0.16666666666666663,0.16666666666666663,0.16666666666666663,0.16666666666666663,0.16666666666666663,0.16666666666666663
50,50.0,50.0,0.16666666666666663,0.16666666666666663,0.16666666666666663,0.16666666666666663,0.16666666666666663,0.16666666666666663
51,51.0,51.0,0.16666666666666663,0.16666666666666663,0.16666666666666663,0.16666666666666663,0.16666666666666663,0.16666666666666663
52,52.0,52.0,0.16666666666666663,0.16666666666666663,0.16666666666666663,0.16666666666666663,0.16666666666666663,0.16666666666666663
53,53.0,53.0,0.16666666666666663,0.16666666666666663,0.16666666666666663,0.16666666666666663,0.16666666666666663,0.16666666666666663
54,54.0,54.0,0.16666666666666663,0.16666666666666663,0.16666666666666663,0.16666666666666663,0.16666666666666663,0.16666666666666663
55,55.0,55.0,0.16666666666666663,0.16666666666666663,0.16666666666666663,0.16666666666666663,0.16666666666666663,0.16666666666666663
56,56.0,56.0,0.16666666666666663,0.16666666666666663,0.16666666666666663,0.16666666666666663,0.16666666666666663,0.16666666666666663
57,57.0,57.0,0.16666666666666663,0.16666666666666663,0.16666666666666663,0.16666666666666663,0.16666666666666663,0.16666666666666663
58,58.0,58.06666666666667,0.16666666666666663,0.16666666666666663,0.16666666666666663,0.16666666666666663,0.16666666666666663,0.16666666666666663
59,59.0,59.06666666666667,0.16666666666666663,0.16666666666666663,0.16666666666666663,0.16666666666666663,0.16666666666666663,0.16666666666666663
60,60.0,60.06666666666667,0.16666666666666663,0.16666666666666663,0.16666666666666663,0.16666666666666663,0.16666666666666663,0.16666666666666663
61,61.0,61.06666666666667,0.16666666666666663,0.16666666666666663,0.16666666666666663,0.16666666666666663,0.16666666666666663,0.16666666666666663
62,62.0,62.06666666666667,0.16666666666666663,0.16666666666666663,0.16666666666666663,0.16666666666666663,0.16666666666666663,0.16666666666666663
63,63.0,63.06666666666667,0.16666666666666663,0.16666666666666663,0.16666666666666663,0.16666666666666663,0.16666666666666663,0.16666666666666663
64,64.0,64.06666666666666,0.16666666666666663,0.16666666666666663,0.16666666666666663,0.16666666666666663,0.16666666666666663,0.16666666666666663
65,65.0,65.1,0.16666666666666663,0.16666666666666663,0.16666666666666663,0.16666666666666663,0.16666666666666663,0.16666666666666663
66,66.0,66.1,0.16666666666666663,0.16666666666666663,0.16666666666666663,0.16666666666666663,0.16666666666666663,0.16666666666666663
67,67.0,67.1,0.16666666666666663,0.16666666666666663,0.16666666666666663,0.16666666666666663,0.16666666666666663,0.16666666666666663
68,68.0,68.13333333333334,0.16666666666666663,0.16666666666666663,0.16666666666666663,0.16666666666666663,0.16666666666666663,0.16666666666666663
69,69.0,69.2,0.16666666666666663,0.16666666666666663,0.16666666666666663,0.16666666666666663,0.16666666666666663,0.16666666666666663
70,70.0,70.2,0.16666666666666663,0.16666666666666663,0.16666666666666663,0.16666666666666663,0.16666666666666663,0.16666666666666663
71,71.0,71.23333333333333,0.16666666666666663,0.16666666666666663,0.16666666666666663,0.16666666666666663,0.16666666666666663,0.16666666666666663
72,72.0,72.23333333333333,0.16666666666666663,0.16666666666666663,0.16666666666666663,0.16666666666666663,0.16666666666666663,0.16666666666666663
73,73.0,73.26666666666667,0.16666666666666663,0.16666666666666663,0.16666666666666663,0.16666666666666663,0.16666666666666663,0.16666666666666663
74,74.0,74.26666666666667,0.16666666666666663,0.16666666666666663,0.16666666666666663,0.16666666666666663,0.16666666666666663,0.16666666666666663
75,75.0,75.26666666666667,0.16666666666666663,0.16666666666666663,0.16666666666666663,0.16666666666666663,0.16666666666666663,0.16666666666666663
76,76.0,76.26666666666667,0.16666666666666663,0.16666666666666663,0.16666666666666663,0.16666666666666663,0.16666666666666663,0.16666666666666663
77,77.0,77.26666666666667,0.16666666666666663,0.16666666666666663,0.16666666666666663,0.16666666666666663,0.16666666666666663,0.16666666666666663
78,78.0,78.26666666666667,0.16666666666666663,0.16666666666666663,0.16666666666666663,0.16666666666666663,0.16666666666666663,0.16666666666666663
79,79.0,79.26666666666667,0.16666666666666663,0.16666666666666663,0.16666666666666663,0.16666666666666663,0.16666666666666663,0.16666666666666663
80,80.0,80.3,0.16666666666666663,0.16666666666666663,0.16666666666666663,0.16666666666666663,0.16666666666666663,0.16666666666666663
81,81.0,81.3,0.16666666666666663,0.16666666666666663,0.16666666666666663,0.16666666666666663,0.16666666666666663,0.16666666666666663
82,82.0,82.3,0.16666666666666663,0.16666666666666663,0.16666666666666663,0.16666666666666663,0.16666666666666663,0.16666666666666663
83,83.0,83.33333333333333,0.16666666666666663,0.16666666666666663,0.16666666666666663,0.16666666666666663,0.16666666666666663,0.16666666666666663
84,84.0,84.33333333333333,0.16666666666666663,0.16666666666666663,0.16666666666666663,0.16666666666666663,0.16666666666666663,0.16666666666666663
85,85.0,85.33333333333333,0.16666666666666663,0.16666666666666663,0.16666666666666663,0.16666666666666663,0.16666666666666663,0.16666666666666663
86,86.0,86.33333333333333,0.16666666666666663,0.16666666666666663,0.16666666666666663,0.16666666666666663,0.16666666666666663,0.16666666666666663
87,87.0,87.36666666666666,0.16666666666666663,0.16666666666666663,0.16666666666666663,0.16666666666666663,0.16666666666666663,0.16666666666666663
88,88.0,88.36666666666666,0.16666666666666663,0.16666666666666663,0.16666666666666663,0.16666666666666663,0.16666666666666663,0.16666666666666663
89,89.0,89.36666666666666,0.16666666666666663,0.16666666666666663,0.16666666666666663,0.16666666666666663,0.16666666666666663,0.16666666666666663
90,90.0,90.36666666666666,0.16666666666666663,0.16666666666666663,0.16666666666666663,0.16666666666666663,0.16666666666666663,0.16666666666666663
91,91.0,91.36666666666666,0.16666666666666663,0.16666666666666663,0.16666666666666663,0.16666666666666663,0.16666666666666663,0.16666666666666663
92,92.0,92.36666666666666,0.16666666666666663,0.16666666666666663,0.16666666666666663,0.16666666666666663,0.16666666666666663,0.16666666666666663
93,93.0,93.36666666666666,0.16666666666666663,0.16666666666666663,0.16666666666666663,0.16666666666666663,0.16666666666666663,0.16666666666666663
94,94.0,94.36666666666666,0.16666666666666663,0.16666666666666663,0.16666666666666663,0.16666666666666663,0.16666666666666663,0.16666666666666663
95,95.0,95.36666666666666,0.16666666666666663,0.16666666666666663,0.16666666666666663,0.16666666666666663,0.16666666666666663,0.16666666666666663
96,96.0,96.36666666666666,0.16666666666666663,0.16666666666666663,0.16666666666666663,0.16666666666666663,0.16666666666666663,0.16666666666666663
97,97.0,97.36666666666666,0.16666666666666663,0.16666666666666663,0.16666666666666663,0.16666666666666663,0.16666666666666663,0.16666666666666663
98,98.0,98.36666666666666,0.16666666666666663,0.16666666666666663,0.16666666666666663,0.16666666666666663,0.16666666666666663,0.16666666666666663
99,99.0,99.36666666666666,0.16666666666666663,0.16666666666666663,0.16666666666666663,0.16666666666666663,0.16666666666666663,0.16666666666666663
100,100.0,100.36666666666666,0.16666666666666663,0.16666666666666663,0.16666666666666663,0.16666666666666663,0.16666666666666663,0.16666666666666663
101,101.0,101.36666666666666,0.16666666666666663,0.16666666666666663,0.16666666666666663,0.16666666666666663,0.16666666666666663,0.16666666666666663
102,102.0,102.36666666666666,0.16666666666666663,0.16666666666666663,0.16666666666666663,0.16666666666666663,0.16666666666666663,0.16666666666666663
103,103.0,103.4,0.16666666666666663,0.16666666666666663,0.16666666666666663,0.16666666666666663,0.16666666666666663,0.16666666666666663
104,104.0,104.4,0.16666666666666663,0.16666666666666663,0.16666666666666663,0.16666666666666663,0.16666666666666663,0.16666666666666663
105,105.0,105.4,0.16666666666666663,0.16666666666666663,0.16666666666666663,0.16666666666666663,0.16666666666666663,0.16666666666666663
106,106.0,106.4,0.16666666666666663,0.16666666666666663,0.16666666666666663,0.16666666666666663,0.16666666666666663,0.16666666666666663
107,107.0,107.4,0.16666666666666663,0.16666666666666663,0.16666666666666663,0.16666666666666663,0.16666666666666663,0.16666666666666663
108,108.0,108.4,0.16666666666666663,0.16666666666666663,0.16666666666666663,0.16666666666666663,0.16666666666666663,0.16666666666666663
109,109.0,109.4,0.16666666666666663,0.16666666666666663,0.16666666666666663,0.16666666666666663,0.16666666666666663,0.16666666666666663
110,110.0,110.4,0.16666666666666663,0.16666666666666663,0.16666666666666663,0.16666666666666663,0.16666666666666663,0.16666666666666663
111,111.0,111.4,0.16666666666666663,0.16666666666666663,0.16666666666666663,0.16666666666666663,0.16666666666666663,0.16666666666666663
112,112.0,112.4,0.16666666666666663,0.16666666666666663,0.16666666666666663,0.16666666666666663,0.16666666666666663,0.16666666666666663
113,113.0,113.4,0.16666666666666663,0.16666666666666663,0.16666666666666663,0.16666666666666663,0.16666666666666663,0.16666666666666663
114,114.0,114.4,0.16666666666666663,0.16666666666666663,0.16666666666666663,0.16666666666666663,0.16666666666666663,0.16666666666666663
115,115.0,115.4,0.16666666666666663,0.16666666666666663,0.16666666666666663,0.16666666666666663,0.16666666666666663,0.16666666666666663
116,116.0,116.4,0.16666666666666663,0.16666666666666663,0.16666666666666663,0.16666666666666663,0.16666666666666663,0.16666666666666663
117,117.0,117.4,0.16666666666666663,0.16666666666666663,0.16666666666666663,0.16666666666666663,0.16666666666666663,0.16666666666666663
118,118.0,118.4,0.16666666666666663,0.16666666666666663,0.16666666666666663,0.16666666666666663,0.16666666666666663,0.16666666666666663
119,119.0,119.4,0.16666666666666663,0.16666666666666663,0.16666666666666663,0.16666666666666663,0.16666666666666663,0.16666666666666663
120,120.0,120.4,0.16666666666666663,0.16666666666666663,0.16666666666666663,0.16666666666666663,0.16666666666666663,0.16666666666666663
121,121.0,121.4,0.16666666666666663,0.16666666666666663,0.16666666666666663,0.16666666666666663,0.16666666666666663,0.16666666666666663
122,122.0,122.4,0.16666666666666663,0.16666666666666663,0.16666666666666663,0.16666666666666663,0.16666666666666663,0.16666666666666663
123,123.0,123.4,0.16666666666666663,0.16666666666666663,0.16666666666666663,0.16666666666666663,0.16666666666666663,0.16666666666666663
124,124.0,124.43333333333334,0.16666666666666663,0.16666666666666663,0.16666666666666663,0.16666666666666663,0.16666666666666663,0.16666666666666663
125,125.0,125.43333333333334,0.16666666666666663,0.16666666666666663,0.16666666666666663,0.16666666666666663,0.16666666666666663,0.16666666666666663
126,126.0,126.43333333333334,0.16666666666666663,0.16666666666666663,0.16666666666666663,0.16666666666666663,0.16666666666666663,0.16666666666666663
127,127.0,127.46666666666667,0.16666666666666663,0.16666666666666663,0.16666666666666663,0.16666666666666663,0.16666666666666663,0.16666666666666663
128,128.0,128.46666666666667,0.16666666666666663,0.16666666666666663,0.16666666666666663,0.16666666666666663,0.16666666666666663,0.16666666666666663
129,129.0,129.46666666666667,0.16666666666666663,0.16666666666666663,0.16666666666666663,0.16666666666666663,0.16666666666666663,0.16666666666666663
130,130.0,130.46666666666667,0.16666666666666663,0.16666666666666663,0.16666666666666663,0.16666666666666663,0.16666666666666663,0.16666666666666663
131,131.0,131.46666666666667,0.16666666666666663,0.16666666666666663,0.16666666666666663,0.16666666666666663,0.16666666666666663,0.16666666666666663
132,132.0,132.46666666666667,0.16666666666666663,0.16666666666666663,0.16666666666666663,0.16666666666666663,0.16666666666666663,0.16666666666666663
133,133.0,133.46666666666667,0.16666666666666663,0.16666666666666663,0.16666666666666663,0.16666666666666663,0.16666666666666663,0.16666666666666663
134,134.0,134.46666666666667,0.16666666666666663,0.16666666666666663,0.16666666666666663,0.16666666666666663,0.16666666666666663,0.16666666666666663
135,135.0,135.46666666666667,0.16666666666666663,0.16666666666666663,0.16666666666666663,0.16666666666666663,0.16666666666666663,0.16666666666666663
136,136.0,136.46666666666667,0.16666666666666663,0.16666666666666663,0.16666666666666663,0.16666666666666663,0.16666666666666663,0.16666666666666663
137,137.0,137.46666666666667,0.16666666666666663,0.16666666666666663,0.16666666666666663,0.16666666666666663,0.16666666666666663,0.16666666666666663
138,138.0,138.46666666666667,0.16666666666666663,0.16666666666666663,0.16666666666666663,0.16666666666666663,0.16666666666666663,0.16666666666666663
139,139.0,139.46666666666667,0.16666666666666663,0.16666666666666663,0.16666666666666663,0.16666666666666663,0.16666666666666663,0.16666666666666663
140,140.0,140.46666666666667,0.16666666666666663,0.16666666666666663,0.16666666666666663,0.16666666666666663,0.16666666666666663,0.16666666666666663
141,141.0,141.46666666666667,0.16666666666666663,0.16666666666666663,0.16666666666666663,0.16666666666666663,0.16666666666666663,0.16666666666666663
142,142.0,142.46666666666667,0.16666666666666663,0.16666666666666663,0.16666666666666663,0.16666666666666663,0.16666666666666663,0.16666666666666663
143,143.0,143.46666666666667,0.16666666666666663,0.16666666666666663,0.16666666666666663,0.16666666666666663,0.16666666666666663,0.16666666666666663
144,144.0,144.46666666666667,0.16666666666666663,0.16666666666666663,0.16666666666666663,0.16666666666666663,0.16666666666666663,0.16666666666666663
145,145.0,145.46666666666667,0.16666666666666663,0.16666666666666663,0.16666666666666663,0.16666666666666663,0.16666666666666663,0.16666666666666663
146,146.0,146.5,0.16666666666666663,0.16666666666666663,0.16666666666666663,0.16666666666666663,0.16666666666666663,0.16666666666666663
147,147.0,147.5,0.16666666666666663,0.16666666666666663,0.16666666666666663,0.16666666666666663,0.16666666666666663,0.16666666666666663
148,148.0,148.5,0.16666666666666663,0.16666666666666663,0.16666666666666663,0.16666666666666663,0.16666666666666663,0.16666666666666663
149,149.0,149.5,0.16666666666666663,0.16666666666666663,0.16666666666666663,0.16666666666666663,0.16666666666666663,0.16666666666666663
150,150.0,150.5,0.16666666666666663,0.16666666666666663,0.16666666666666663,0.16666666666666663,0.16666666666666663,0.16666666666666663
151,151.0,151.5,0.16666666666666663,0.16666666666666663,0.16666666666666663,0.16666666666666663,0.16666666666666663,0.16666666666666663
152,152.0,152.5,0.16666666666666663,0.16666666666666663,0.16666666666666663,0.16666666666666663,0.16666666666666663,0.16666666666666663
153,153.0,153.5,0.16666666666666663,0.16666666666666663,0.16666666666666663,0.16666666666666663,0.16666666666666663,0.16666666666666663
154,154.0,154.5,0.16666666666666663,0.16666666666666663,0.16666666666666663,0.16666666666666663,0.16666666666666663,0.16666666666666663
155,155.0,155.5,0.16666666666666663,0.16666666666666663,0.16666666666666663,0.16666666666666663,0.16666666666666663,0.16666666666666663
156,156.0,156.5,0.16666666666666663,0.16666666666666663,0.16666666666666663,0.16666666666666663,0.16666666666666663,0.16666666666666663
157,157.0,157.5,0.16666666666666663,0.16666666666666663,0.16666666666666663,0.16666666666666663,0.16666666666666663,0.16666666666666663
158,158.0,158.5,0.16666666666666663,0.16666666666666663,0.16666666666666663,0.16666666666666663,0.16666666666666663,0.16666666666666663
159,159.0,159.5,0.16666666666666663,0.16666666666666663,0.16666666666666663,0.16666666666666663,0.16666666666666663,0.16666666666666663
160,160.0,160.5,0.16666666666666663,0.16666666666666663,0.16666666666666663,0.16666666666666663,0.16666666666666663,0.16666666666666663
161,161.0,161.5,0.16666666666666663,0.16666666666666663,0.16666666666666663,0.16666666666666663,0.16666666666666663,0.16666666666666663
162,162.0,162.5,0.16666666666666663,0.16666666666666663,0.16666666666666663,0.16666666666666663,0.16666666666666663,0.16666666666666663
163,163.0,163.5,0.16666666666666663,0.16666666666666663,0.16666666666666663,0.16666666666666663,0.16666666666666663,0.16666666666666663
164,164.0,164.5,0.16666666666666663,0.16666666666666663,0.16666666666666663,0.16666666666666663,0.16666666666666663,0.16666666666666663
165,165.0,165.5,0.16666666666666663,0.16666666666666663,0.16666666666666663,0.16666666666666663,0.16666666666666663,0.16666666666666663
166,166.0,166.5,0.16666666666666663,0.16666666666666663,0.16666666666666663,0.16666666666666663,0.16666666666666663,0.16666666666666663
167,167.0,167.5,0.16666666666666663,0.16666666666666663,0.16666666666666663,0.16666666666666663,0.16666666666666663,0.16666666666666663
168,168.0,168.5,0.16666666666666663,0.16666666666666663,0.16666666666666663,0.16666666666666663,0.16666666666666663,0.16666666666666663
169,169.0,169.5,0.16666666666666663,0.16666666666666663,0.16666666666666663,0.16666666666666663,0.16666666666666663,0.16666666666666663
170,170.0,170.5,0.16666666666666663,0.16666666666666663,0.16666666666666663,0.16666666666666663,0.16666666666666663,0.16666666666666663
171,171.0,171.5,0.16666666666666663,0.16666666666666663,0.16666666666666663,0.16666666666666663,0.16666666666666663,0.16666666666666663
172,172.0,172.5,0.16666666666666663,0.16666666666666663,0.16666666666666663,0.16666666666666663,0.16666666666666663,0.16666666666666663
173,173.0,173.5,0.16666666666666663,0.16666666666666663,0.16666666666666663,0.16666666666666663,0.16666666666666663,0.16666666666666663
174,174.0,174.5,0.16666666666666663,0.16666666666666663,0.16666666666666663,0.16666666666666663,0.16666666666666663,0.16666666666666663
175,175.0,175.5,0.16666666666666663,0.16666666666666663,0.16666666666666663,0.16666666666666663,0.16666666666666663,0.16666666666666663
176,176.0,176.5,0.16666666666666663,0.16666666666666663,0.16666666666666663,0.16666666666666663,0.16666666666666663,0.16666666666666663
177,177.0,177.5,0.16666666666666663,0.16666666666666663,0.16666666666666663,0.16666666666666663,0.16666666666666663,0.16666666666666663
178,178.0,178.5,0.16666666666666663,0.16666666666666663,0.16666666666666663,0.16666666666666663,0.16666666666666663,0.16666666666666663
179,179.0,179.5,0.16666666666666663,0.16666666666666663,0.16666666666666663,0.16666666666666663,0.16666666666666663,0.16666666666666663
180,180.0,180.5,0.16666666666666663,0.16666666666666663,0.16666666666666663,0.16666666666666663,0.16666666666666663,0.16666666666666663
181,181.0,181.5,0.16666666666666663,0.16666666666666663,0.16666666666666663,0.16666666666666663,0.16666666666666663,0.16666666666666663
182,182.0,182.5,0.16666666666666663,0.16666666666666663,0.16666666666666663,0.16666666666666663,0.16666666666666663,0.16666666666666663
183,183.0,183.5,0.16666666666666663,0.16666666666666663,0.16666666666666663,0.16666666666666663,0.16666666666666663,0.16666666666666663
184,184.0,184.5,0.16666666666666663,0.16666666666666663,0.16666666666666663,0.16666666666666663,0.16666666666666663,0.16666666666666663
185,185.0,185.5,0.16666666666666663,0.16666666666666663,0.16666666666666663,0.16666666666666663,0.16666666666666663,0.16666666666666663
186,186.0,186.5,0.16666666666666663,0.16666666666666663,0.16666666666666663,0.16666666666666663,0.16666666666666663,0.16666666666666663
187,187.0,187.5,0.16666666666666663,0.16666666666666663,0.16666666666666663,0.16666666666666663,0.16666666666666663,0.16666666666666663
188,188.0,188.5,0.16666666666666663,0.16666666666666663,0.16666666666666663,0.16666666666666663,0.16666666666666663,0.16666666666666663
189,189.0,189.5,0.16666666666666663,0.16666666666666663,0.16666666666666663,0.16666666666666663,0.16666666666666663,0.16666666666666663
190,190.0,190.5,0.16666666666666663,0.16666666666666663,0.16666666666666663,0.16666666666666663,0.16666666666666663,0.16666666666666663
191,191.0,191.5,0.16666666666666663,0.16666666666666663,0.16666666666666663,0.16666666666666663,0.16666666666666663,0.16666666666666663
192,192.0,192.5,0.16666666666666663,0.16666666666666663,0.16666666666666663,0.16666666666666663,0.16666666666666663,0.16666666666666663
193,193.0,193.5,0.16666666666666663,0.16666666666666663,0.16666666666666663,0.16666666666666663,0.16666666666666663,0.16666666666666663
194,194.0,194.5,0.16666666666666663,0.16666666666666663,0.16666666666666663,0.16666666666666663,0.16666666666666663,0.16666666666666663
195,195.0,195.5,0.16666666666666663,0.16666666666666663,0.16666666666666663,0.16666666666666663,0.16666666666666663,0.16666666666666663
196,196.0,196.5,0.16666666666666663,0.16666666666666663,0.16666666666666663,0.16666666666666663,0.16666666666666663,0.16666666666666663
197,197.0,197.5,0.16666666666666663,0.16666666666666663,0.16666666666666663,0.16666666666666663,0.16666666666666663,0.16666666666666663
198,198.0,198.5,0.16666666666666663,0.16666666666666663,0.16666666666666663,0.16666666666666663,0.16666666666666663,0.16666666666666663
199,199.0,199.5,0.1658730158730158,0.17063492063492058,0.1658730158730158,0.1658730158730158,0.1658730158730158,0.1658730158730158
200,200.0,200.5,0.16349206349206344,0.17301587301587298,0.16825396825396824,0.16349206349206344,0.16349206349206344,0.16825396825396824
201,201.0,201.5,0.16210317460317458,0.18055555555555552,0.16686507936507933,0.16210317460317458,0.16210317460317458,0.16626984126984123
202,202.0,202.5,0.16104497354497352,0.1863095238095238,0.16580687830687826,0.16104497354497352,0.16104497354497352,0.1647486772486772
203,203.0,203.5,0.16362433862433862,0.18293650793650798,0.16362433862433862,0.1636243386243386,0.1588624338624338,0.1673280423280423
204,204.0,204.5,0.1667328042328042,0.18465608465608466,0.1619708994708994,0.16256613756613753,0.15780423280423275,0.16626984126984123
205,205.0,205.5,0.16517195767195764,0.18591269841269842,0.16100529100529096,0.16160052910052905,0.16100529100529096,0.1653042328042328
206,206.0,206.5,0.16305555555555554,0.19212962962962965,0.1593518518518518,0.16351851851851848,0.16259259259259257,0.1593518518518518
207,207.0,207.53333333333333,0.1618518518518518,0.195,0.1618518518518518,0.1617592592592592,0.16101851851851848,0.15851851851851845
208,208.0,208.53333333333333,0.16148148148148145,0.20101851851851857,0.16148148148148145,0.16138888888888883,0.1606481481481481,0.1539814814814814
209,209.0,209.53333333333333,0.16367845117845115,0.20040404040404045,0.16404882154882153,0.15951178451178447,0.15951178451178447,0.15284511784511778
210,210.0,210.53333333333333,0.16307239057239054,0.20282828282828286,0.16374579124579122,0.15860269360269355,0.15920875420875416,0.15254208754208748
211,211.0,211.53333333333333,0.16256734006734005,0.2048484848484849,0.16349326599326597,0.1578451178451178,0.1589562289562289,0.15228956228956222
212,212.0,212.53333333333333,0.16213998963998963,0.20399378399378404,0.16327959077959076,0.15720409220409215,0.16130665630665628,0.152075887075887
213,213.0,213.53333333333333,0.16183695933695932,0.2024786324786325,0.16297656047656042,0.15690106190106184,0.16403392903392902,0.1517728567728567
214,214.0,214.53333333333333,0.16104330854330853,0.20644688644688644,0.16218290968290963,0.15610741110741105,0.16324027824027823,0.15097920597920592
215,215.0,215.53333333333333,0.15974460724460723,0.20565323565323565,0.16564611314611313,0.15480870980870975,0.16446682946682945,0.14968050468050462
216,216.0,216.53333333333333,0.15625254375254372,0.20549450549450554,0.16215404965404961,0.1594118844118844,0.16716524216524217,0.14952177452177445
217,217.0,217.53333333333333,0.15544363044363038,0.2032356532356533,0.1613451363451363,0.158007733007733,0.17325498575498577,0.14871286121286115
218,218.0,218.53333333333333,0.1542531542531542,0.20621184371184376,0.16015466015466012,0.15681725681725675,0.17504070004070008,0.14752238502238496
219,219.0,219.53333333333333,0.15148656898656893,0.2152299552299553,0.15701770451770447,0.15358770858770854,0.17421855921855925,0.1484595034595034
220,220.0,220.53333333333333,0.1509330484330484,0.21836792836792845,0.15646418396418393,0.15266381766381762,0.1736650386650387,0.14790598290598286
221,221.0,221.53333333333333,0.15443954193954187,0.21648240648240652,0.15520877270877265,0.151105376105376,0.1761133311133311,0.1466505716505716
222,222.0,222.53333333333333,0.15418701668701662,0.21799755799755807,0.1549562474562474,0.15060032560032555,0.17586080586080585,0.14639804639804635
223,223.0,223.53333333333333,0.15609584859584852,0.21477818477818486,0.15572547822547816,0.14957468457468448,0.17665852665852666,0.14716727716727707
224,224.0,224.53333333333333,0.15572547822547816,0.21514855514855524,0.15609584859584852,0.14957468457468448,0.17628815628815628,0.14716727716727712
225,225.0,225.53333333333333,0.15597800347800342,0.2136334036334037,0.1563483738483738,0.15007973507973502,0.17654068154068153,0.14741980241980238
226,226.0,226.53333333333333,0.15851768601768598,0.20675509675509682,0.1554489029489029,0.15023846523846515,0.1766994116994117,0.15234043734043728
227,227.0,227.53333333333333,0.15760498760498756,0.2071122396122397,0.15886160136160132,0.14948449698449692,0.17594544344544347,0.1509912309912309
228,228.0,228.53333333333333,0.1608457283457283,0.20664927664927674,0.15793567543567538,0.1459912309912309,0.17851278351278355,0.15006530506530502
229,229.0,229.53333333333333,0.16088541088541086,0.21145086395086402,0.15797535797535792,0.15103091353091347,0.16855246605246602,0.15010498760498756
230,230.0,230.53333333333333,0.1591261516261516,0.212892662892663,0.1602372627372627,0.14927165427165423,0.16679320679320678,0.1516790616790616
231,231.0,231.56666666666666,0.15832130832130828,0.21625901875901887,0.16185666185666178,0.1484668109668109,0.16082130832130828,0.1542748917748917
232,232.0,232.56666666666666,0.15711436711436705,0.21666564916564926,0.15989214489214482,0.1476302401302401,0.16310439560439555,0.15559320309320307
233,233.0,233.56666666666666,0.15595478595478593,0.21635040885040893,0.1587325637325637,0.14677368927368917,0.16176166426166422,0.16042688792688786
234,234.0,234.56666666666666,0.16128667628667623,0.21214766714766722,0.16149951899951898,0.1506770081770081,0.1548316498316498,0.1595574795574795
235,235.0,235.56666666666666,0.16120851370851366,0.21076479076479082,0.16188431938431933,0.1422655122655122,0.15917267917267913,0.1647041847041847
236,236.0,236.56666666666666,0.16046777296777293,0.21039442039442047,0.15873617123617123,0.14485810485810477,0.1584319384319384,0.1671115921115921
237,237.0,237.56666666666666,0.1581301106301106,0.2148532948532949,0.15843314093314093,0.14394901394901388,0.15782587782587776,0.16680856180856182
238,238.0,238.56666666666666,0.15737253487253483,0.21460076960076965,0.15818061568061567,0.1459692159692159,0.15732082732082728,0.16655603655603654
239,239.0,239.6,0.15738455988455985,0.22151515151515158,0.1579401154401154,0.1459812409812409,0.15124819624819621,0.16593073593073587
240,240.0,240.6,0.16020118770118766,0.22108780108780116,0.1598631923631923,0.1457675657675657,0.14800421800421792,0.16507603507603502
241,241.0,241.6,0.15972499722499717,0.21180208680208681,0.1588314463314463,0.15029137529137518,0.15252802752802747,0.16682206682206677
242,242.0,242.6,0.16338661338661337,0.21331723831723837,0.15857892107892105,0.15003885003884992,0.15227550227550218,0.1624028749028749
243,243.0,243.6,0.16022727272727266,0.21374458874458874,0.16836219336219332,0.14886363636363628,0.15110028860028857,0.15770202020202015
244,244.0,244.6,0.1619315869315869,0.2135817885817886,0.17228465978465976,0.14640128390128382,0.15120203870203866,0.15459864209864208
245,245.0,245.6,0.16281866281866278,0.21462241462241463,0.17736892736892737,0.14812409812409805,0.14668109668109663,0.15038480038480034
246,246.0,246.6,0.16452741702741702,0.21203823953823955,0.17838744588744587,0.1547631072631072,0.14096801346801344,0.14931577681577676
247,247.0,247.6,0.16085137085137086,0.20726551226551226,0.17717532467532465,0.1544600769600769,0.14369528619528615,0.15655242905242905
248,248.0,248.6,0.1592905242905243,0.20395863395863398,0.17978114478114476,0.15706589706589702,0.14213443963443959,0.15776936026936025
249,249.0,249.6,0.16364034114034115,0.20015826765826766,0.17794964294964294,0.1572490472490472,0.14250074000073995,0.15850196100196098
250,250.0,250.6,0.16364034114034115,0.20015826765826766,0.1746163096163096,0.1572490472490472,0.14250074000073995,0.16183529433529434
251,251.0,251.6,0.16869445369445366,0.2034591334591335,0.17014661264661263,0.1527793502793502,0.14279294779294774,0.1621275021275021
252,252.0,252.6,0.1736150886150886,0.20445119695119693,0.16756724756724753,0.1543666518666518,0.1402135827135827,0.15978623228623226
253,253.0,253.6,0.17270599770599768,0.20717846967846967,0.1672642172642172,0.1537605912605912,0.13991055241055236,0.15918017168017165
254,254.0,254.6,0.17437469937469935,0.2101190476190476,0.16764069264069256,0.1461700336700336,0.14139610389610385,0.16029942279942277
255,255.0,255.6,0.16697811447811442,0.20357022607022607,0.16886964886964886,0.15202861952861949,0.13959475709475702,0.16895863395863395
256,256.0,256.6,0.16568181818181815,0.20121572871572865,0.1761315536315536,0.1504545454545454,0.1387614237614237,0.16775493025493024
257,257.0,257.6,0.16278379028379025,0.20778739778739777,0.1684415584415584,0.15126022126022123,0.13699975949975943,0.1727272727272727
258,258.0,258.6,0.16611712361712358,0.20405002405002406,0.16837421837421834,0.1481625781625781,0.13730278980278976,0.17599326599326598
259,259.0,259.6,0.1655363155363155,0.19874699374699373,0.16739778739778735,0.1502164502164502,0.13959235209235205,0.17851010101010104
260,260.0,260.6,0.1655363155363155,0.19874699374699373,0.16739778739778735,0.1502164502164502,0.13959235209235205,0.17851010101010104
261,261.0,261.6,0.16652958152958147,0.19242544492544492,0.16755772005772004,0.1499134199134199,0.14520683020683017,0.17836700336700334
262,262.0,262.6,0.16486291486291485,0.1907587782587782,0.163020683020683,0.14870971620971618,0.15141053391053386,0.18123737373737375
263,263.0,263.6,0.17316859066859067,0.1896729196729197,0.16619408369408367,0.14582251082251077,0.14822029822029817,0.17692159692159687
264,264.0,264.6,0.17735690235690235,0.18849326599326602,0.1647113997113997,0.1449350649350649,0.14846921596921592,0.17603415103415104
265,265.0,265.6,0.17985690235690235,0.190993265993266,0.16304473304473305,0.13660173160173156,0.15430254930254927,0.1752008177008177
266,266.0,266.6,0.1793939393939394,0.1900673400673401,0.16258177008177005,0.13613876863876861,0.15383958633958633,0.17797859547859549
267,267.0,267.6,0.1790909090909091,0.18976430976430977,0.16500601250601252,0.1358357383357383,0.153536556036556,0.17676647426647427
268,268.0,268.6,0.18084776334776337,0.18492183742183746,0.16865440115440114,0.1391414141414141,0.15605940355940354,0.17037518037518037
269,269.0,269.6,0.18370490620490623,0.18301707551707552,0.17008297258297256,0.13723665223665218,0.15415464165464163,0.17180375180375185
270,270.0,270.6,0.18333453583453585,0.18523929773929773,0.17274290524290523,0.1368662818662818,0.1534139009139009,0.16840307840307842
271,271.0,271.6,0.17600769600769603,0.19235209235209236,0.16817700817700812,0.13504208754208752,0.15545334295334293,0.17296777296777294
272,272.0,272.6,0.17760702260702263,0.18864237614237614,0.16607263107263107,0.1366414141414141,0.15587421837421836,0.17516233766233766
273,273.0,273.6,0.17998593998594,0.18472499722499724,0.16719798719798717,0.13568699818699814,0.15529017279017276,0.17711390461390464
274,274.0,274.6,0.18296213046213047,0.18412975912975912,0.1666027491027491,0.13509176009176008,0.1546949346949347,0.17651866651866657
275,275.0,275.6,0.18782227032227033,0.18483405483405488,0.1723977873977874,0.13608826358826356,0.1536135161135161,0.16524410774410775
276,276.0,276.6,0.18643338143338145,0.18437109187109188,0.17563852813852815,0.1356253006253006,0.15315055315055312,0.1647811447811448
277,277.0,277.6,0.191974506974507,0.18146945646945647,0.1780844155844156,0.13440716690716686,0.15239538239538236,0.16166907166907168
278,278.0,278.6,0.18239575239575243,0.17733229733229733,0.18100566100566104,0.13755328005328002,0.14912004662004658,0.1725929625929626
279,279.0,279.6,0.18978993228993238,0.17135346135346138,0.17891571391571395,0.14055592555592553,0.14795602545602543,0.17142894142894147
280,280.0,280.6333333333333,0.18932696932696938,0.17299163799163803,0.17845275095275098,0.1433337033337033,0.1449289599289599,0.17096597846597852
281,281.0,281.6333333333333,0.18980315980315987,0.18096782846782852,0.17809560809560812,0.14238132238132237,0.14207181707181704,0.16668026418026421
282,282.0,282.6333333333333,0.18814972064972066,0.18731703481703485,0.17703740703740709,0.13761941761941757,0.14425435675435674,0.16562206312206312
283,283.0,283.6333333333333,0.18614117364117366,0.19017316017316022,0.17965848965848968,0.1365367965367965,0.1434139009139009,0.1640764790764791
284,284.0,284.6333333333333,0.18540043290043293,0.19276575276575286,0.17891774891774895,0.13616642616642613,0.14304353054353053,0.16370610870610874
285,285.0,285.6333333333333,0.18742424242424247,0.19336099086099093,0.17821669071669075,0.13676166426166422,0.14363876863876862,0.1605976430976431
286,286.0,286.6333333333333,0.17591630591630594,0.1995779220779221,0.18237253487253494,0.13926046176046172,0.14546416546416543,0.1574086099086099
