Total_iterations,Unnamed: 0.1,Intertwine_two,Add_vertex,Delete_vertex,Invert_path_vertices,Insert_inside_vertex,Delete_inside_vertex
0,0.0,0.1666666666666666,0.1666666666666666,0.1666666666666666,0.1666666666666666,0.1666666666666666,0.1666666666666666
1,1.0,0.1666666666666666,0.1666666666666666,0.1666666666666666,0.1666666666666666,0.1666666666666666,0.1666666666666666
2,2.0,0.1666666666666666,0.1666666666666666,0.1666666666666666,0.1666666666666666,0.1666666666666666,0.1666666666666666
3,3.0,0.1666666666666666,0.1666666666666666,0.1666666666666666,0.1666666666666666,0.1666666666666666,0.1666666666666666
4,4.0,0.1666666666666666,0.1666666666666666,0.1666666666666666,0.1666666666666666,0.1666666666666666,0.1666666666666666
5,5.0,0.1666666666666666,0.1666666666666666,0.1666666666666666,0.1666666666666666,0.1666666666666666,0.1666666666666666
6,6.0,0.1666666666666666,0.1666666666666666,0.1666666666666666,0.1666666666666666,0.1666666666666666,0.1666666666666666
7,7.0,0.1666666666666666,0.1666666666666666,0.1666666666666666,0.1666666666666666,0.1666666666666666,0.1666666666666666
8,8.0,0.1666666666666666,0.1666666666666666,0.1666666666666666,0.1666666666666666,0.1666666666666666,0.1666666666666666
9,9.0,0.1666666666666666,0.1666666666666666,0.1666666666666666,0.1666666666666666,0.1666666666666666,0.1666666666666666
10,10.0,0.1666666666666666,0.1666666666666666,0.1666666666666666,0.1666666666666666,0.1666666666666666,0.1666666666666666
11,11.0,0.1666666666666666,0.1666666666666666,0.1666666666666666,0.1666666666666666,0.1666666666666666,0.1666666666666666
12,12.0,0.1666666666666666,0.1666666666666666,0.1666666666666666,0.1666666666666666,0.1666666666666666,0.1666666666666666
13,13.0,0.1666666666666666,0.1666666666666666,0.1666666666666666,0.1666666666666666,0.1666666666666666,0.1666666666666666
14,14.0,0.1666666666666666,0.1666666666666666,0.1666666666666666,0.1666666666666666,0.1666666666666666,0.1666666666666666
15,15.0,0.1666666666666666,0.1666666666666666,0.1666666666666666,0.1666666666666666,0.1666666666666666,0.1666666666666666
16,16.0,0.1666666666666666,0.1666666666666666,0.1666666666666666,0.1666666666666666,0.1666666666666666,0.1666666666666666
17,17.0,0.1666666666666666,0.1666666666666666,0.1666666666666666,0.1666666666666666,0.1666666666666666,0.1666666666666666
18,18.0,0.1666666666666666,0.1666666666666666,0.1666666666666666,0.1666666666666666,0.1666666666666666,0.1666666666666666
19,19.0,0.1666666666666666,0.1666666666666666,0.1666666666666666,0.1666666666666666,0.1666666666666666,0.1666666666666666
20,20.0,0.1666666666666666,0.1666666666666666,0.1666666666666666,0.1666666666666666,0.1666666666666666,0.1666666666666666
21,21.0,0.1666666666666666,0.1666666666666666,0.1666666666666666,0.1666666666666666,0.1666666666666666,0.1666666666666666
22,22.0,0.1666666666666666,0.1666666666666666,0.1666666666666666,0.1666666666666666,0.1666666666666666,0.1666666666666666
23,23.0,0.1666666666666666,0.1666666666666666,0.1666666666666666,0.1666666666666666,0.1666666666666666,0.1666666666666666
24,24.0,0.1666666666666666,0.1666666666666666,0.1666666666666666,0.1666666666666666,0.1666666666666666,0.1666666666666666
25,25.0,0.1666666666666666,0.1666666666666666,0.1666666666666666,0.1666666666666666,0.1666666666666666,0.1666666666666666
26,26.0,0.1666666666666666,0.1666666666666666,0.1666666666666666,0.1666666666666666,0.1666666666666666,0.1666666666666666
27,27.0,0.1666666666666666,0.1666666666666666,0.1666666666666666,0.1666666666666666,0.1666666666666666,0.1666666666666666
28,28.0,0.1666666666666666,0.1666666666666666,0.1666666666666666,0.1666666666666666,0.1666666666666666,0.1666666666666666
29,29.0,0.1666666666666666,0.1666666666666666,0.1666666666666666,0.1666666666666666,0.1666666666666666,0.1666666666666666
30,30.0,0.1666666666666666,0.1666666666666666,0.1666666666666666,0.1666666666666666,0.1666666666666666,0.1666666666666666
31,31.0,0.1666666666666666,0.1666666666666666,0.1666666666666666,0.1666666666666666,0.1666666666666666,0.1666666666666666
32,32.0,0.1666666666666666,0.1666666666666666,0.1666666666666666,0.1666666666666666,0.1666666666666666,0.1666666666666666
33,33.0,0.1666666666666666,0.1666666666666666,0.1666666666666666,0.1666666666666666,0.1666666666666666,0.1666666666666666
34,34.0,0.1666666666666666,0.1666666666666666,0.1666666666666666,0.1666666666666666,0.1666666666666666,0.1666666666666666
35,35.0,0.1666666666666666,0.1666666666666666,0.1666666666666666,0.1666666666666666,0.1666666666666666,0.1666666666666666
36,36.0,0.1666666666666666,0.1666666666666666,0.1666666666666666,0.1666666666666666,0.1666666666666666,0.1666666666666666
37,37.0,0.1666666666666666,0.1666666666666666,0.1666666666666666,0.1666666666666666,0.1666666666666666,0.1666666666666666
38,38.0,0.1666666666666666,0.1666666666666666,0.1666666666666666,0.1666666666666666,0.1666666666666666,0.1666666666666666
39,39.0,0.1666666666666666,0.1666666666666666,0.1666666666666666,0.1666666666666666,0.1666666666666666,0.1666666666666666
40,40.0,0.1666666666666666,0.1666666666666666,0.1666666666666666,0.1666666666666666,0.1666666666666666,0.1666666666666666
41,41.0,0.1666666666666666,0.1666666666666666,0.1666666666666666,0.1666666666666666,0.1666666666666666,0.1666666666666666
42,42.0,0.1666666666666666,0.1666666666666666,0.1666666666666666,0.1666666666666666,0.1666666666666666,0.1666666666666666
43,43.0,0.1666666666666666,0.1666666666666666,0.1666666666666666,0.1666666666666666,0.1666666666666666,0.1666666666666666
44,44.0,0.1666666666666666,0.1666666666666666,0.1666666666666666,0.1666666666666666,0.1666666666666666,0.1666666666666666
45,45.0,0.1666666666666666,0.1666666666666666,0.1666666666666666,0.1666666666666666,0.1666666666666666,0.1666666666666666
46,46.0,0.1666666666666666,0.1666666666666666,0.1666666666666666,0.1666666666666666,0.1666666666666666,0.1666666666666666
47,47.0,0.1666666666666666,0.1666666666666666,0.1666666666666666,0.1666666666666666,0.1666666666666666,0.1666666666666666
48,48.0,0.1666666666666666,0.1666666666666666,0.1666666666666666,0.1666666666666666,0.1666666666666666,0.1666666666666666
49,49.0,0.1666666666666666,0.1666666666666666,0.1666666666666666,0.1666666666666666,0.1666666666666666,0.1666666666666666
50,50.0,0.1666666666666666,0.1666666666666666,0.1666666666666666,0.1666666666666666,0.1666666666666666,0.1666666666666666
51,51.0,0.1666666666666666,0.1666666666666666,0.1666666666666666,0.1666666666666666,0.1666666666666666,0.1666666666666666
52,52.0,0.1666666666666666,0.1666666666666666,0.1666666666666666,0.1666666666666666,0.1666666666666666,0.1666666666666666
53,53.0,0.1666666666666666,0.1666666666666666,0.1666666666666666,0.1666666666666666,0.1666666666666666,0.1666666666666666
54,54.0,0.1666666666666666,0.1666666666666666,0.1666666666666666,0.1666666666666666,0.1666666666666666,0.1666666666666666
55,55.0,0.1666666666666666,0.1666666666666666,0.1666666666666666,0.1666666666666666,0.1666666666666666,0.1666666666666666
56,56.0,0.1666666666666666,0.1666666666666666,0.1666666666666666,0.1666666666666666,0.1666666666666666,0.1666666666666666
57,57.0,0.1666666666666666,0.1666666666666666,0.1666666666666666,0.1666666666666666,0.1666666666666666,0.1666666666666666
58,58.0,0.1666666666666666,0.1666666666666666,0.1666666666666666,0.1666666666666666,0.1666666666666666,0.1666666666666666
59,59.0,0.1666666666666666,0.1666666666666666,0.1666666666666666,0.1666666666666666,0.1666666666666666,0.1666666666666666
60,60.0,0.1666666666666666,0.1666666666666666,0.1666666666666666,0.1666666666666666,0.1666666666666666,0.1666666666666666
61,61.0,0.1666666666666666,0.1666666666666666,0.1666666666666666,0.1666666666666666,0.1666666666666666,0.1666666666666666
62,62.0,0.1666666666666666,0.1666666666666666,0.1666666666666666,0.1666666666666666,0.1666666666666666,0.1666666666666666
63,63.0,0.1666666666666666,0.1666666666666666,0.1666666666666666,0.1666666666666666,0.1666666666666666,0.1666666666666666
64,64.0,0.1666666666666666,0.1666666666666666,0.1666666666666666,0.1666666666666666,0.1666666666666666,0.1666666666666666
65,65.0,0.1666666666666666,0.1666666666666666,0.1666666666666666,0.1666666666666666,0.1666666666666666,0.1666666666666666
66,66.0,0.1666666666666666,0.1666666666666666,0.1666666666666666,0.1666666666666666,0.1666666666666666,0.1666666666666666
67,67.0,0.1666666666666666,0.1666666666666666,0.1666666666666666,0.1666666666666666,0.1666666666666666,0.1666666666666666
68,68.0,0.1666666666666666,0.1666666666666666,0.1666666666666666,0.1666666666666666,0.1666666666666666,0.1666666666666666
69,69.0,0.1666666666666666,0.1666666666666666,0.1666666666666666,0.1666666666666666,0.1666666666666666,0.1666666666666666
70,70.0,0.1666666666666666,0.1666666666666666,0.1666666666666666,0.1666666666666666,0.1666666666666666,0.1666666666666666
71,71.0,0.1666666666666666,0.1666666666666666,0.1666666666666666,0.1666666666666666,0.1666666666666666,0.1666666666666666
72,72.0,0.1666666666666666,0.1666666666666666,0.1666666666666666,0.1666666666666666,0.1666666666666666,0.1666666666666666
73,73.0,0.1666666666666666,0.1666666666666666,0.1666666666666666,0.1666666666666666,0.1666666666666666,0.1666666666666666
74,74.0,0.1666666666666666,0.1666666666666666,0.1666666666666666,0.1666666666666666,0.1666666666666666,0.1666666666666666
75,75.0,0.1666666666666666,0.1666666666666666,0.1666666666666666,0.1666666666666666,0.1666666666666666,0.1666666666666666
76,76.0,0.1666666666666666,0.1666666666666666,0.1666666666666666,0.1666666666666666,0.1666666666666666,0.1666666666666666
77,77.0,0.1666666666666666,0.1666666666666666,0.1666666666666666,0.1666666666666666,0.1666666666666666,0.1666666666666666
78,78.0,0.1666666666666666,0.1666666666666666,0.1666666666666666,0.1666666666666666,0.1666666666666666,0.1666666666666666
79,79.0,0.1666666666666666,0.1666666666666666,0.1666666666666666,0.1666666666666666,0.1666666666666666,0.1666666666666666
80,80.0,0.1666666666666666,0.1666666666666666,0.1666666666666666,0.1666666666666666,0.1666666666666666,0.1666666666666666
81,81.0,0.1666666666666666,0.1666666666666666,0.1666666666666666,0.1666666666666666,0.1666666666666666,0.1666666666666666
82,82.0,0.1666666666666666,0.1666666666666666,0.1666666666666666,0.1666666666666666,0.1666666666666666,0.1666666666666666
83,83.0,0.1666666666666666,0.1666666666666666,0.1666666666666666,0.1666666666666666,0.1666666666666666,0.1666666666666666
84,84.0,0.1666666666666666,0.1666666666666666,0.1666666666666666,0.1666666666666666,0.1666666666666666,0.1666666666666666
85,85.0,0.1666666666666666,0.1666666666666666,0.1666666666666666,0.1666666666666666,0.1666666666666666,0.1666666666666666
86,86.0,0.1666666666666666,0.1666666666666666,0.1666666666666666,0.1666666666666666,0.1666666666666666,0.1666666666666666
87,87.0,0.1666666666666666,0.1666666666666666,0.1666666666666666,0.1666666666666666,0.1666666666666666,0.1666666666666666
88,88.0,0.1666666666666666,0.1666666666666666,0.1666666666666666,0.1666666666666666,0.1666666666666666,0.1666666666666666
89,89.0,0.1666666666666666,0.1666666666666666,0.1666666666666666,0.1666666666666666,0.1666666666666666,0.1666666666666666
90,90.0,0.1666666666666666,0.1666666666666666,0.1666666666666666,0.1666666666666666,0.1666666666666666,0.1666666666666666
91,91.0,0.1666666666666666,0.1666666666666666,0.1666666666666666,0.1666666666666666,0.1666666666666666,0.1666666666666666
92,92.0,0.1666666666666666,0.1666666666666666,0.1666666666666666,0.1666666666666666,0.1666666666666666,0.1666666666666666
93,93.0,0.1666666666666666,0.1666666666666666,0.1666666666666666,0.1666666666666666,0.1666666666666666,0.1666666666666666
94,94.0,0.1666666666666666,0.1666666666666666,0.1666666666666666,0.1666666666666666,0.1666666666666666,0.1666666666666666
95,95.0,0.1666666666666666,0.1666666666666666,0.1666666666666666,0.1666666666666666,0.1666666666666666,0.1666666666666666
96,96.0,0.1666666666666666,0.1666666666666666,0.1666666666666666,0.1666666666666666,0.1666666666666666,0.1666666666666666
97,97.0,0.1666666666666666,0.1666666666666666,0.1666666666666666,0.1666666666666666,0.1666666666666666,0.1666666666666666
98,98.0,0.1666666666666666,0.1666666666666666,0.1666666666666666,0.1666666666666666,0.1666666666666666,0.1666666666666666
99,99.0,0.1666666666666666,0.1666666666666666,0.1666666666666666,0.1666666666666666,0.1666666666666666,0.1666666666666666
100,100.0,0.1666666666666666,0.1666666666666666,0.1666666666666666,0.1666666666666666,0.1666666666666666,0.1666666666666666
101,101.0,0.1666666666666666,0.1666666666666666,0.1666666666666666,0.1666666666666666,0.1666666666666666,0.1666666666666666
102,102.0,0.1666666666666666,0.1666666666666666,0.1666666666666666,0.1666666666666666,0.1666666666666666,0.1666666666666666
103,103.0,0.1666666666666666,0.1666666666666666,0.1666666666666666,0.1666666666666666,0.1666666666666666,0.1666666666666666
104,104.0,0.1666666666666666,0.1666666666666666,0.1666666666666666,0.1666666666666666,0.1666666666666666,0.1666666666666666
105,105.0,0.1666666666666666,0.1666666666666666,0.1666666666666666,0.1666666666666666,0.1666666666666666,0.1666666666666666
106,106.0,0.1666666666666666,0.1666666666666666,0.1666666666666666,0.1666666666666666,0.1666666666666666,0.1666666666666666
107,107.0,0.1666666666666666,0.1666666666666666,0.1666666666666666,0.1666666666666666,0.1666666666666666,0.1666666666666666
108,108.0,0.1666666666666666,0.1666666666666666,0.1666666666666666,0.1666666666666666,0.1666666666666666,0.1666666666666666
109,109.0,0.1666666666666666,0.1666666666666666,0.1666666666666666,0.1666666666666666,0.1666666666666666,0.1666666666666666
110,110.0,0.1666666666666666,0.1666666666666666,0.1666666666666666,0.1666666666666666,0.1666666666666666,0.1666666666666666
111,111.0,0.1666666666666666,0.1666666666666666,0.1666666666666666,0.1666666666666666,0.1666666666666666,0.1666666666666666
112,112.0,0.1666666666666666,0.1666666666666666,0.1666666666666666,0.1666666666666666,0.1666666666666666,0.1666666666666666
113,113.0,0.1666666666666666,0.1666666666666666,0.1666666666666666,0.1666666666666666,0.1666666666666666,0.1666666666666666
114,114.0,0.1666666666666666,0.1666666666666666,0.1666666666666666,0.1666666666666666,0.1666666666666666,0.1666666666666666
115,115.0,0.1666666666666666,0.1666666666666666,0.1666666666666666,0.1666666666666666,0.1666666666666666,0.1666666666666666
116,116.0,0.1666666666666666,0.1666666666666666,0.1666666666666666,0.1666666666666666,0.1666666666666666,0.1666666666666666
117,117.0,0.1666666666666666,0.1666666666666666,0.1666666666666666,0.1666666666666666,0.1666666666666666,0.1666666666666666
118,118.0,0.1666666666666666,0.1666666666666666,0.1666666666666666,0.1666666666666666,0.1666666666666666,0.1666666666666666
119,119.0,0.1666666666666666,0.1666666666666666,0.1666666666666666,0.1666666666666666,0.1666666666666666,0.1666666666666666
120,120.0,0.1666666666666666,0.1666666666666666,0.1666666666666666,0.1666666666666666,0.1666666666666666,0.1666666666666666
121,121.0,0.1666666666666666,0.1666666666666666,0.1666666666666666,0.1666666666666666,0.1666666666666666,0.1666666666666666
122,122.0,0.1666666666666666,0.1666666666666666,0.1666666666666666,0.1666666666666666,0.1666666666666666,0.1666666666666666
123,123.0,0.1666666666666666,0.1666666666666666,0.1666666666666666,0.1666666666666666,0.1666666666666666,0.1666666666666666
124,124.0,0.1666666666666666,0.1666666666666666,0.1666666666666666,0.1666666666666666,0.1666666666666666,0.1666666666666666
125,125.0,0.1666666666666666,0.1666666666666666,0.1666666666666666,0.1666666666666666,0.1666666666666666,0.1666666666666666
126,126.0,0.1666666666666666,0.1666666666666666,0.1666666666666666,0.1666666666666666,0.1666666666666666,0.1666666666666666
127,127.0,0.1666666666666666,0.1666666666666666,0.1666666666666666,0.1666666666666666,0.1666666666666666,0.1666666666666666
128,128.0,0.1666666666666666,0.1666666666666666,0.1666666666666666,0.1666666666666666,0.1666666666666666,0.1666666666666666
129,129.0,0.1666666666666666,0.1666666666666666,0.1666666666666666,0.1666666666666666,0.1666666666666666,0.1666666666666666
130,130.0,0.1666666666666666,0.1666666666666666,0.1666666666666666,0.1666666666666666,0.1666666666666666,0.1666666666666666
131,131.0,0.1666666666666666,0.1666666666666666,0.1666666666666666,0.1666666666666666,0.1666666666666666,0.1666666666666666
132,132.0,0.1666666666666666,0.1666666666666666,0.1666666666666666,0.1666666666666666,0.1666666666666666,0.1666666666666666
133,133.0,0.1666666666666666,0.1666666666666666,0.1666666666666666,0.1666666666666666,0.1666666666666666,0.1666666666666666
134,134.0,0.1666666666666666,0.1666666666666666,0.1666666666666666,0.1666666666666666,0.1666666666666666,0.1666666666666666
135,135.0,0.1666666666666666,0.1666666666666666,0.1666666666666666,0.1666666666666666,0.1666666666666666,0.1666666666666666
136,136.0,0.1666666666666666,0.1666666666666666,0.1666666666666666,0.1666666666666666,0.1666666666666666,0.1666666666666666
137,137.0,0.1666666666666666,0.1666666666666666,0.1666666666666666,0.1666666666666666,0.1666666666666666,0.1666666666666666
138,138.0,0.1666666666666666,0.1666666666666666,0.1666666666666666,0.1666666666666666,0.1666666666666666,0.1666666666666666
139,139.0,0.1666666666666666,0.1666666666666666,0.1666666666666666,0.1666666666666666,0.1666666666666666,0.1666666666666666
140,140.0,0.1666666666666666,0.1666666666666666,0.1666666666666666,0.1666666666666666,0.1666666666666666,0.1666666666666666
141,141.0,0.1666666666666666,0.1666666666666666,0.1666666666666666,0.1666666666666666,0.1666666666666666,0.1666666666666666
142,142.0,0.1666666666666666,0.1666666666666666,0.1666666666666666,0.1666666666666666,0.1666666666666666,0.1666666666666666
143,143.0,0.1666666666666666,0.1666666666666666,0.1666666666666666,0.1666666666666666,0.1666666666666666,0.1666666666666666
144,144.0,0.1666666666666666,0.1666666666666666,0.1666666666666666,0.1666666666666666,0.1666666666666666,0.1666666666666666
145,145.0,0.1666666666666666,0.1666666666666666,0.1666666666666666,0.1666666666666666,0.1666666666666666,0.1666666666666666
146,146.0,0.1666666666666666,0.1666666666666666,0.1666666666666666,0.1666666666666666,0.1666666666666666,0.1666666666666666
147,147.0,0.1666666666666666,0.1666666666666666,0.1666666666666666,0.1666666666666666,0.1666666666666666,0.1666666666666666
148,148.0,0.1666666666666666,0.1666666666666666,0.1666666666666666,0.1666666666666666,0.1666666666666666,0.1666666666666666
149,149.0,0.1666666666666666,0.1666666666666666,0.1666666666666666,0.1666666666666666,0.1666666666666666,0.1666666666666666
150,150.0,0.1666666666666666,0.1666666666666666,0.1666666666666666,0.1666666666666666,0.1666666666666666,0.1666666666666666
151,151.0,0.1666666666666666,0.1666666666666666,0.1666666666666666,0.1666666666666666,0.1666666666666666,0.1666666666666666
152,152.0,0.1666666666666666,0.1666666666666666,0.1666666666666666,0.1666666666666666,0.1666666666666666,0.1666666666666666
153,153.0,0.1666666666666666,0.1666666666666666,0.1666666666666666,0.1666666666666666,0.1666666666666666,0.1666666666666666
154,154.0,0.1666666666666666,0.1666666666666666,0.1666666666666666,0.1666666666666666,0.1666666666666666,0.1666666666666666
155,155.0,0.1666666666666666,0.1666666666666666,0.1666666666666666,0.1666666666666666,0.1666666666666666,0.1666666666666666
156,156.0,0.1666666666666666,0.1666666666666666,0.1666666666666666,0.1666666666666666,0.1666666666666666,0.1666666666666666
157,157.0,0.1666666666666666,0.1666666666666666,0.1666666666666666,0.1666666666666666,0.1666666666666666,0.1666666666666666
158,158.0,0.1666666666666666,0.1666666666666666,0.1666666666666666,0.1666666666666666,0.1666666666666666,0.1666666666666666
159,159.0,0.1666666666666666,0.1666666666666666,0.1666666666666666,0.1666666666666666,0.1666666666666666,0.1666666666666666
160,160.0,0.1666666666666666,0.1666666666666666,0.1666666666666666,0.1666666666666666,0.1666666666666666,0.1666666666666666
161,161.0,0.1666666666666666,0.1666666666666666,0.1666666666666666,0.1666666666666666,0.1666666666666666,0.1666666666666666
162,162.0,0.1666666666666666,0.1666666666666666,0.1666666666666666,0.1666666666666666,0.1666666666666666,0.1666666666666666
163,163.0,0.1666666666666666,0.1666666666666666,0.1666666666666666,0.1666666666666666,0.1666666666666666,0.1666666666666666
164,164.0,0.1666666666666666,0.1666666666666666,0.1666666666666666,0.1666666666666666,0.1666666666666666,0.1666666666666666
165,165.0,0.1666666666666666,0.1666666666666666,0.1666666666666666,0.1666666666666666,0.1666666666666666,0.1666666666666666
166,166.0,0.1666666666666666,0.1666666666666666,0.1666666666666666,0.1666666666666666,0.1666666666666666,0.1666666666666666
167,167.0,0.1666666666666666,0.1666666666666666,0.1666666666666666,0.1666666666666666,0.1666666666666666,0.1666666666666666
168,168.0,0.1666666666666666,0.1666666666666666,0.1666666666666666,0.1666666666666666,0.1666666666666666,0.1666666666666666
169,169.0,0.1666666666666666,0.1666666666666666,0.1666666666666666,0.1666666666666666,0.1666666666666666,0.1666666666666666
170,170.0,0.1666666666666666,0.1666666666666666,0.1666666666666666,0.1666666666666666,0.1666666666666666,0.1666666666666666
171,171.0,0.1666666666666666,0.1666666666666666,0.1666666666666666,0.1666666666666666,0.1666666666666666,0.1666666666666666
172,172.0,0.1666666666666666,0.1666666666666666,0.1666666666666666,0.1666666666666666,0.1666666666666666,0.1666666666666666
173,173.0,0.1666666666666666,0.1666666666666666,0.1666666666666666,0.1666666666666666,0.1666666666666666,0.1666666666666666
174,174.0,0.1666666666666666,0.1666666666666666,0.1666666666666666,0.1666666666666666,0.1666666666666666,0.1666666666666666
175,175.0,0.1666666666666666,0.1666666666666666,0.1666666666666666,0.1666666666666666,0.1666666666666666,0.1666666666666666
176,176.0,0.1666666666666666,0.1666666666666666,0.1666666666666666,0.1666666666666666,0.1666666666666666,0.1666666666666666
177,177.0,0.1666666666666666,0.1666666666666666,0.1666666666666666,0.1666666666666666,0.1666666666666666,0.1666666666666666
178,178.0,0.1666666666666666,0.1666666666666666,0.1666666666666666,0.1666666666666666,0.1666666666666666,0.1666666666666666
179,179.0,0.1666666666666666,0.1666666666666666,0.1666666666666666,0.1666666666666666,0.1666666666666666,0.1666666666666666
180,180.0,0.1666666666666666,0.1666666666666666,0.1666666666666666,0.1666666666666666,0.1666666666666666,0.1666666666666666
181,181.0,0.1666666666666666,0.1666666666666666,0.1666666666666666,0.1666666666666666,0.1666666666666666,0.1666666666666666
182,182.0,0.1666666666666666,0.1666666666666666,0.1666666666666666,0.1666666666666666,0.1666666666666666,0.1666666666666666
183,183.0,0.1666666666666666,0.1666666666666666,0.1666666666666666,0.1666666666666666,0.1666666666666666,0.1666666666666666
184,184.0,0.1666666666666666,0.1666666666666666,0.1666666666666666,0.1666666666666666,0.1666666666666666,0.1666666666666666
185,185.0,0.1666666666666666,0.1666666666666666,0.1666666666666666,0.1666666666666666,0.1666666666666666,0.1666666666666666
186,186.0,0.1666666666666666,0.1666666666666666,0.1666666666666666,0.1666666666666666,0.1666666666666666,0.1666666666666666
187,187.0,0.1666666666666666,0.1666666666666666,0.1666666666666666,0.1666666666666666,0.1666666666666666,0.1666666666666666
188,188.0,0.1666666666666666,0.1666666666666666,0.1666666666666666,0.1666666666666666,0.1666666666666666,0.1666666666666666
189,189.0,0.1666666666666666,0.1666666666666666,0.1666666666666666,0.1666666666666666,0.1666666666666666,0.1666666666666666
190,190.0,0.1666666666666666,0.1666666666666666,0.1666666666666666,0.1666666666666666,0.1666666666666666,0.1666666666666666
191,191.0,0.1666666666666666,0.1666666666666666,0.1666666666666666,0.1666666666666666,0.1666666666666666,0.1666666666666666
192,192.0,0.1666666666666666,0.1666666666666666,0.1666666666666666,0.1666666666666666,0.1666666666666666,0.1666666666666666
193,193.0,0.1666666666666666,0.1666666666666666,0.1666666666666666,0.1666666666666666,0.1666666666666666,0.1666666666666666
194,194.0,0.1666666666666666,0.1666666666666666,0.1666666666666666,0.1666666666666666,0.1666666666666666,0.1666666666666666
195,195.0,0.1666666666666666,0.1666666666666666,0.1666666666666666,0.1666666666666666,0.1666666666666666,0.1666666666666666
196,196.0,0.1666666666666666,0.1666666666666666,0.1666666666666666,0.1666666666666666,0.1666666666666666,0.1666666666666666
197,197.0,0.1666666666666666,0.1666666666666666,0.1666666666666666,0.1666666666666666,0.1666666666666666,0.1666666666666666
198,198.0,0.1666666666666666,0.1666666666666666,0.1666666666666666,0.1666666666666666,0.1666666666666666,0.1666666666666666
199,199.0,0.1665873015873015,0.167063492063492,0.1665873015873015,0.1665873015873015,0.1665873015873015,0.1665873015873015
200,200.0,0.1662706349206348,0.1676944444444444,0.1667468253968253,0.1662706349206348,0.1662706349206348,0.1667468253968253
201,201.0,0.1658189603174602,0.169069484126984,0.1667665793650793,0.1658189603174602,0.1658189603174602,0.1667070555555555
202,202.0,0.1652694752116401,0.1709972773809523,0.1666795228306878,0.1652694752116401,0.1652694752116401,0.1665147741534391
203,203.0,0.1649906301076719,0.1725481121865079,0.1663741915362434,0.1649906301076719,0.1645144396314814,0.1665819964304233
204,204.0,0.1650368531601137,0.1742197051409656,0.1659065509267804,0.164620186493447,0.163672567445828,0.1665441368328651
205,205.0,0.1649393287619536,0.1759541639707901,0.1653497570171441,0.1641696859048107,0.1631763049524297,0.1664107593928716
206,206.0,0.1646422428810693,0.1782364553837443,0.1646398539230089,0.1639303427487941,0.1628666887276301,0.165684416335753
207,207.0,0.1642386283446479,0.180716486434899,0.1641980611175758,0.1635348897401505,0.1624278857565526,0.1648840486061739
208,208.0,0.1638144704599037,0.1836932013684411,0.1637399484629916,0.1631241886905253,0.1619818323731655,0.1636463586449725
209,209.0,0.1636290954435467,0.186484050168682,0.1635617964107848,0.1625494943101359,0.1614534111222306,0.1623221525446199
210,210.0,0.1634021454255683,0.1893774382336766,0.1633760267848759,0.1619109831788928,0.1609281126999817,0.1610052936770046
211,211.0,0.1631440878103509,0.192318016140138,0.1631872792409146,0.1612274826892544,0.1604128980097929,0.1597102361095491
212,212.0,0.1628633334364902,0.1950043708575667,0.1629990987975055,0.1605144060360359,0.16016968083313,0.1584491100392717
213,213.0,0.1625731180317474,0.1973604690830994,0.162802238287955,0.1598092308795168,0.160234882401596,0.1572200613160852
214,214.0,0.162225197501166,0.1999289645168597,0.1625474419718806,0.1590661264695,0.1602521892001736,0.15598008034042
215,215.0,0.161770380004194,0.2022264245471791,0.1626608003108443,0.1582378752169939,0.1604203013319497,0.154684218588839
216,216.0,0.160991580180117,0.2043125336696541,0.1624434695950579,0.157918474895973,0.1608819088017382,0.1534520328574598
217,217.0,0.1601623786432807,0.2059759663722449,0.1621640864205488,0.1575055335617981,0.1619691632171573,0.1522228717849703
218,218.0,0.1592498621590838,0.2077432717208298,0.1617854044436888,0.1570198607364525,0.1632391218449841,0.150962479094961
219,219.0,0.1581019717175888,0.2102203434062775,0.161114587657929,0.1562577743314946,0.1644178863097714,0.1498874365769388
220,220.0,0.1569473642375811,0.2128136013552145,0.1604145316639909,0.1554528068172056,0.1655214290018157,0.1488502669241924
221,221.0,0.1561987236981782,0.2150145245908327,0.1596194366669073,0.1545446020069674,0.1668408827661171,0.1477818302709974
222,222.0,0.1554821028698766,0.21716154947332,0.1588344920046983,0.1536423203682322,0.1680958631122079,0.1467836721716651
223,223.0,0.1550150764534598,0.2187802946308637,0.1581661824401487,0.1526972828431272,0.1693827669309478,0.1459583967014529
224,224.0,0.1545685233630716,0.2202341812111632,0.1575773338269444,0.1518155230878483,0.1705767009280524,0.1452277375829202
225,225.0,0.1542034476555988,0.2213403077212915,0.1570578077480021,0.1510500359734708,0.1717336086043001,0.1446147922973369
226,226.0,0.1541465933310655,0.2215709218516975,0.1564931928480107,0.1503672675774666,0.1728387692581598,0.1445832551336
227,227.0,0.1540478655245819,0.2216660306038111,0.1563158663802972,0.1496760911722761,0.1737966234456493,0.1444975228733846
228,228.0,0.1543186557936249,0.2215597942745013,0.1560891373165754,0.1487027898664001,0.1749369144211218,0.1443927083277765
229,229.0,0.1546316060152527,0.221795235132029,0.1559075147943851,0.1483036713563284,0.1750029032439319,0.1443590694580728
230,230.0,0.1547998733374935,0.2220478680861722,0.1559909234324141,0.1477958111930837,0.1748218628866204,0.1445436610642161
231,231.0,0.1549140923799125,0.2225203212796015,0.1562703945116285,0.1472730111464649,0.1739814501569161,0.1450407305254764
232,232.0,0.1549302675568094,0.2229235791691452,0.1563813294599201,0.1467307720190543,0.1733217860101349,0.1457122657849361
233,233.0,0.154850708095634,0.2231924079381755,0.1564003209517467,0.1461660963998416,0.1724916412397012,0.1468988253749009
234,234.0,0.1553233343923568,0.2229456596691509,0.1567174312488944,0.1460542961616205,0.1709442097335291,0.1480150687944482
235,235.0,0.1558005152205342,0.2224773186635263,0.1570891314323135,0.1451587534762258,0.1698244987130584,0.1496497824943417
236,236.0,0.1562099838766996,0.2219016494424398,0.157156798662096,0.1445830919065227,0.1686361665251569,0.151512309587085
237,237.0,0.156387317324393,0.2217143622988692,0.157203189864338,0.1439768375323966,0.1674040192145073,0.153314273765496
238,238.0,0.1564885877846166,0.2214519406699473,0.1572319889317912,0.1436329505618696,0.1661488001705313,0.155045731881244
239,239.0,0.1565897731708996,0.2218386876846641,0.1572433443359374,0.1433480174436711,0.1643235601951927,0.156656617169635
240,240.0,0.1569704506673536,0.222140789593479,0.1574528396030184,0.1430965423513007,0.1622256927535202,0.1581136850313279
241,241.0,0.1572977487368815,0.2214735799977842,0.1575623142678185,0.143349305954711,0.1606477782609029,0.1596692727819018
242,242.0,0.1579827511004994,0.2209278915812171,0.1576482802615223,0.1436209613658943,0.159121205184966,0.1606989105059008
243,243.0,0.1583373577846826,0.220403400516402,0.1587132832923569,0.1438121087551675,0.1575613110200069,0.1611725386313841
244,244.0,0.1588458343703048,0.2198484904240702,0.1601605217630531,0.1437884214353628,0.1561029710575214,0.1612537609496876
245,245.0,0.1594230284116852,0.2193904669266114,0.1620927045253225,0.1439655128944792,0.1542893615656355,0.1608389256762661
246,246.0,0.1601473348138727,0.218672147747439,0.1640862830916528,0.1448303819738811,0.1520097220527845,0.1602541303203698
247,247.0,0.1604754067803724,0.2174820486768191,0.165902303308096,0.145677788367932,0.1501203566780981,0.1603420961886824
248,248.0,0.1606183465348473,0.2159781063184603,0.1679100337271491,0.1467888590190813,0.1481995924799676,0.1605050619204943
249,249.0,0.1611686957764133,0.2141243268423025,0.1696525520316867,0.1479099080038989,0.1464468832098249,0.1606976341358738
250,250.0,0.1616887265474619,0.2123162647219201,0.1709704560816167,0.1490122434826862,0.1448299834346056,0.1611823257317095
251,251.0,0.1626816816427457,0.210897515423026,0.171746058564931,0.1496397437542886,0.1433807019817904,0.1616542986332183
252,252.0,0.1641275324410817,0.2096454635835888,0.1721701698327941,0.1503946202227116,0.1418125346244317,0.1618496792953921
253,253.0,0.1654327646304151,0.2087394015344986,0.1724755377209125,0.1510531233001256,0.1403548914533974,0.1619442813606508
254,254.0,0.1668470760984411,0.2082023941658149,0.1727359031532996,0.1509137949903471,0.1391871243575932,0.162113707234504
255,255.0,0.1674555741627686,0.2070833719136498,0.1730421755602175,0.151326820484202,0.1379780890866199,0.1631139687925421
256,256.0,0.1678688181941872,0.2058056706928172,0.1740022859357284,0.1515481540117081,0.136822790689492,0.163952280476067
257,257.0,0.1679290650325375,0.2052670070814639,0.174118678431647,0.1518169856814595,0.1356262420366297,0.1652420217362623
258,258.0,0.1682651677728986,0.2044336763645679,0.1741599264713388,0.1517436022302591,0.134593386453988,0.1668042407069475
259,259.0,0.168488098989585,0.203149539165913,0.1740415495284472,0.1518471340888892,0.1339198666920547,0.1685538115351108
260,260.0,0.1686592192500701,0.2019497902329345,0.1738685726585381,0.1519240059229318,0.1333704237603177,0.1702279881752077
261,261.0,0.1688813250466957,0.2002058333462394,0.1736641788890056,0.1519458119862023,0.1334995922165225,0.1718032585153341
262,262.0,0.168891036161821,0.1983918015973393,0.1729654562044099,0.1518247431520476,0.1343532865773803,0.1735736763070016
263,263.0,0.1696900625330122,0.1965742569313577,0.1725544981237765,0.1513959103931645,0.1349731604064603,0.1748121116122283
264,264.0,0.1708628027172713,0.1947514879914246,0.1719727633086412,0.1508654823257186,0.1356884100056625,0.1758590536512815
265,265.0,0.1722332098795008,0.1932984137255031,0.1712099216723803,0.1494954595577775,0.1370432760379133,0.1767197191269248
266,266.0,0.173496516953985,0.1918750028162589,0.1703954160171727,0.1480872054907736,0.1383889519032891,0.1777569068185204
267,267.0,0.1746621645151174,0.1905455533401469,0.169826648710556,0.1466699894316471,0.1397242634961873,0.1785713805063451
268,268.0,0.1759312201915799,0.1888569891416404,0.1696313906373945,0.1456167200480417,0.1413164516074841,0.1786472283738592
269,269.0,0.1774082500176722,0.1871074536553104,0.1695887456195764,0.1444135483532544,0.1427063742366942,0.1787756281174923
270,270.0,0.1787635063859906,0.1857141901584532,0.1698213006391672,0.1432218878297428,0.1439977132030887,0.1784814017835573
271,271.0,0.1792962634292786,0.1851667835483697,0.1696032264962467,0.1419034178665283,0.1454580243538961,0.1785722843056805
272,272.0,0.1799027917539547,0.1843749990663601,0.1691822598739882,0.1408081142563234,0.1469143451177047,0.1788174899316687
273,273.0,0.1806636012925856,0.1833133289115738,0.1688848292384775,0.1396852324105484,0.1482562279792931,0.1791967801675215
274,274.0,0.1816391723119059,0.1823124186458765,0.1685407494365892,0.1385751325975916,0.1494747381933076,0.1794577888147291
275,275.0,0.1830164297968105,0.1815002023820174,0.1687912014410551,0.1376408593905225,0.1505154574927951,0.1785358494967994
276,276.0,0.1841651310495903,0.1807562499727682,0.1693767481787159,0.1367381912498414,0.1514367891522448,0.1775268903968394
277,277.0,0.1857757572350427,0.1798326776832637,0.1702109467867974,0.1357928476451696,0.1522076082102154,0.1761801624395112
278,278.0,0.1863294328414689,0.1786041144968556,0.1713325847641715,0.1352427929081963,0.1525756895267072,0.1759153854626005
279,279.0,0.1875278220722134,0.1768878058595592,0.1722297949972284,0.1350711130666357,0.152756004166081,0.1755274598382825
280,280.0,0.1885826971857643,0.175451602304749,0.1730578470998681,0.1352492271119019,0.1525675810017103,0.1750910452960065
281,281.0,0.1895871465569913,0.1749320385099079,0.1738213287450584,0.1353951364196214,0.1520358996573349,0.1742284501110863
282,282.0,0.1903279672082133,0.1751597096290507,0.1744453849134151,0.1351201261799954,0.1516759995897958,0.1732708124795299
283,283.0,0.1907720686278734,0.1757717994237715,0.1752950639482843,0.1347893477704642,0.1511938275166107,0.172177892712996
284,284.0,0.1910513768816265,0.1767259531057735,0.1760293352626946,0.1344720846525123,0.15064503634768,0.1710762137497133
285,285.0,0.1914486258225733,0.1778046132256988,0.1766489577621086,0.1342630150710186,0.1501346330471246,0.1697001550714763
286,286.0,0.1906151123846484,0.1795526642316777,0.1776378797567114,0.1343497186894605,0.1497928511150809,0.1680517738224213
287,287.0,0.1897742762821467,0.1794846708740293,0.1793364763642324,0.134569128219037,0.1498369359147078,0.1669985123458471
288,288.0,0.1893826422399349,0.1794824864722617,0.1808002470007574,0.1346904618830219,0.1497680882150702,0.165876074188954
289,289.0,0.1890342796524794,0.1796682149784677,0.1822756739196582,0.1349246948837154,0.1487754875452889,0.1653216490203906
290,290.0,0.1884734508202849,0.1796225305681104,0.1838623134139843,0.1350403378145826,0.1476435780662188,0.1653577893168191
291,291.0,0.1877449760241127,0.178979204537123,0.1858171364652086,0.1350630283182325,0.1468292114851813,0.1655664431701421
292,292.0,0.1869258507362684,0.1782498046782487,0.1878397529181054,0.1350275081330237,0.1462835246529309,0.165673558881423
293,293.0,0.18607966363013,0.1775541405017731,0.1899333280231494,0.1349862859010265,0.1457053806331856,0.1657412013107354
294,294.0,0.1851951940361996,0.1769743387597648,0.1917801531743983,0.1351743655832614,0.1450910027220885,0.1657849457242875
295,295.0,0.1839159285300093,0.1769381499097357,0.1933466970759811,0.1354088997834463,0.1445421216798493,0.1658482030209783
296,296.0,0.1824522312659389,0.1760200710544849,0.1950743100928364,0.1357765956764823,0.1442108984082264,0.1664658935020312
297,297.0,0.1812601372153719,0.1749185708841857,0.1967012209048799,0.1359881158118097,0.1437529636119587,0.167378991571794
298,298.0,0.1800533447264015,0.1734679515869912,0.1981328606611025,0.1361416695235531,0.143686941417847,0.1685172320841048
299,299.0,0.1788526667000327,0.1720249064008379,0.1993817152017992,0.1362487930492284,0.1439306499939659,0.1695612686541359
300,300.0,0.1776924431182139,0.1711388735272484,0.2003116839862251,0.1363360028201305,0.1436316926085446,0.1708893039396376
301,301.0,0.176790405782483,0.1703691984698887,0.2006221568789639,0.1365087730183825,0.1434469184311844,0.1722625474190975
302,302.0,0.1758367161485485,0.1696066308423979,0.2011686820369604,0.1366185415109885,0.1432284784945744,0.1735409509665303
303,303.0,0.1749373461838398,0.1688640379590166,0.2017277445376643,0.1367082091962854,0.1430196221867042,0.1747430399364898
304,304.0,0.1740175507427745,0.1681434091207283,0.2020856217149195,0.1367468788961408,0.143159839496138,0.1758467000292989
305,305.0,0.1731494168882456,0.1681964473330999,0.2023196998901449,0.1367584436062799,0.1430023711526016,0.1765736211296281
306,306.0,0.1723725709112558,0.1681202555089415,0.2025713673881405,0.1367816092896842,0.1428813381826051,0.1772728587193729
307,307.0,0.1715840651822338,0.167187248728878,0.2029109517762525,0.1365705397477486,0.1434427200769071,0.1783044744879801
308,308.0,0.1709310459717682,0.1663270946409566,0.2036585406538631,0.1364174358650932,0.1444461271386004,0.1782197557297185
309,309.0,0.1703158863544996,0.1654551306808634,0.2042883444557333,0.1362274236490081,0.1453763439443501,0.1783368709155455
310,310.0,0.169942394968724,0.1647857307798898,0.2043976185431933,0.13620753705644,0.146102527322833,0.1785641913289198
311,311.0,0.169494541059551,0.1643490554748566,0.2047413635508498,0.136104887354888,0.1467037639489361,0.1786063886109183
312,312.0,0.1688455910297638,0.1644104102184312,0.2043407949847067,0.135736557535046,0.147804080624181,0.1788625656078711
313,313.0,0.1681249217694992,0.1644351191990579,0.2041141647026203,0.1352818729810157,0.1491073809917156,0.1789365403560911
314,314.0,0.1673608007832968,0.1651025258291511,0.2036898636975242,0.1347632752710153,0.1502238521971544,0.1788596822218581
315,315.0,0.1662777685661662,0.1658072706930476,0.2032544561643245,0.1342882291436294,0.1515659907996308,0.1788062846332014
316,316.0,0.1651921377869629,0.1671400386451943,0.2024612858040425,0.1340121313818719,0.1540144263150338,0.1771799800668944
317,317.0,0.1641826236772854,0.1684842568068018,0.2016473006962293,0.1337546779636272,0.1563890563519286,0.1755420845041276
318,318.0,0.1629540906636586,0.1695277189276888,0.2018941507381448,0.1341118170839647,0.1578997056339875,0.1736125169525554
319,319.0,0.1619144032152911,0.1702933728690255,0.2027110087821218,0.1345886239179287,0.1597902847914925,0.1707023064241404
320,320.0,0.1606635392586062,0.1711135122215228,0.2032496366644456,0.1351101625676156,0.1619827310241598,0.1678804182636498
321,321.0,0.1594647547136322,0.1723099367859893,0.2035488732388605,0.1355963740945861,0.163984192421406,0.1650958687455258
322,322.0,0.1584507554105736,0.1736192971818271,0.2034783425190903,0.136171855021768,0.1655826417416894,0.1626971081250516
