,Unnamed: 0,Total_iterations,Intertwine_two,Add_vertex,Delete_vertex,Invert_path_vertices,Insert_inside_vertex,Delete_inside_vertex
0,0.0,0.0,0.16666666666666663,0.16666666666666663,0.16666666666666663,0.16666666666666663,0.16666666666666663,0.16666666666666663
1,1.0,0.10900000000000001,0.16666666666666663,0.16666666666666663,0.16666666666666663,0.16666666666666663,0.16666666666666663,0.16666666666666663
2,2.0,0.31601,0.16666666666666663,0.16666666666666663,0.16666666666666663,0.16666666666666663,0.16666666666666663,0.16666666666666663
3,3.0,0.6191589000000001,0.16666666666666663,0.16666666666666663,0.16666666666666663,0.16666666666666663,0.16666666666666663,0.16666666666666663
4,4.0,1.015801321,0.16666666666666663,0.16666666666666663,0.16666666666666663,0.16666666666666663,0.16666666666666663,0.16666666666666663
5,5.0,1.50262148669,0.16666666666666663,0.16666666666666663,0.16666666666666663,0.16666666666666663,0.16666666666666663,0.16666666666666663
6,6.0,2.0757334209441005,0.16666666666666663,0.16666666666666663,0.16666666666666663,0.16666666666666663,0.16666666666666663,0.16666666666666663
7,7.0,2.7307768275633495,0.16666666666666663,0.16666666666666663,0.16666666666666663,0.16666666666666663,0.16666666666666663,0.16666666666666663
8,8.0,3.4630081252450404,0.16666666666666663,0.16666666666666663,0.16666666666666663,0.16666666666666663,0.16666666666666663,0.16666666666666663
9,9.0,4.2673862119061114,0.16666666666666663,0.16666666666666663,0.16666666666666663,0.16666666666666663,0.16666666666666663,0.16666666666666663
10,10.0,5.138652627782014,0.16666666666666663,0.16666666666666663,0.16666666666666663,0.16666666666666663,0.16666666666666663,0.16666666666666663
11,11.0,6.071405875792507,0.16666666666666663,0.16666666666666663,0.16666666666666663,0.16666666666666663,0.16666666666666663,0.16666666666666663
12,12.0,7.060169740244025,0.16666666666666663,0.16666666666666663,0.16666666666666663,0.16666666666666663,0.16666666666666663,0.16666666666666663
13,13.0,8.099455520847952,0.16666666666666663,0.16666666666666663,0.16666666666666663,0.16666666666666663,0.16666666666666663,0.16666666666666663
14,14.0,9.183818168183006,0.16666666666666663,0.16666666666666663,0.16666666666666663,0.16666666666666663,0.16666666666666663,0.16666666666666663
15,15.0,10.307906369102724,0.16666666666666663,0.16666666666666663,0.16666666666666663,0.16666666666666663,0.16666666666666663,0.16666666666666663
16,16.0,11.466506686239443,0.16666666666666663,0.16666666666666663,0.16666666666666663,0.16666666666666663,0.16666666666666663,0.16666666666666663
17,17.0,12.654581904800096,0.16666666666666663,0.16666666666666663,0.16666666666666663,0.16666666666666663,0.16666666666666663,0.16666666666666663
18,18.0,13.867303782456686,0.16666666666666663,0.16666666666666663,0.16666666666666663,0.16666666666666663,0.16666666666666663,0.16666666666666663
19,19.0,15.100080434523047,0.16666666666666663,0.16666666666666663,0.16666666666666663,0.16666666666666663,0.16666666666666663,0.16666666666666663
20,20.0,16.348578617037543,0.16666666666666663,0.16666666666666663,0.16666666666666663,0.16666666666666663,0.16666666666666663,0.16666666666666663
21,21.0,17.608741195130214,0.16666666666666663,0.16666666666666663,0.16666666666666663,0.16666666666666663,0.16666666666666663,0.16666666666666663
22,22.0,18.876800103462312,0.16666666666666663,0.16666666666666663,0.16666666666666663,0.16666666666666663,0.16666666666666663,0.16666666666666663
23,23.0,20.14928511992658,0.16666666666666663,0.16666666666666663,0.16666666666666663,0.16666666666666663,0.16666666666666663,0.16666666666666663
24,24.0,21.423028783545156,0.16666666666666663,0.16666666666666663,0.16666666666666663,0.16666666666666663,0.16666666666666663,0.16666666666666663
25,25.0,22.695167792966423,0.16666666666666663,0.16666666666666663,0.16666666666666663,0.16666666666666663,0.16666666666666663,0.16666666666666663
26,26.0,23.963141223515898,0.16666666666666663,0.16666666666666663,0.16666666666666663,0.16666666666666663,0.16666666666666663,0.16666666666666663
27,27.0,25.224685898775267,0.16666666666666663,0.16666666666666663,0.16666666666666663,0.16666666666666663,0.16666666666666663,0.16666666666666663
28,28.0,26.477829247520948,0.16666666666666663,0.16666666666666663,0.16666666666666663,0.16666666666666663,0.16666666666666663,0.16666666666666663
29,29.0,27.720879968916847,0.16666666666666663,0.16666666666666663,0.16666666666666663,0.16666666666666663,0.16666666666666663,0.16666666666666663
30,30.0,28.95241681848399,0.16666666666666663,0.16666666666666663,0.16666666666666663,0.16666666666666663,0.16666666666666663,0.16666666666666663
31,31.0,30.17127581490958,0.16666666666666663,0.16666666666666663,0.16666666666666663,0.16666666666666663,0.16666666666666663,0.16666666666666663
32,32.0,31.376536153543515,0.16666666666666663,0.16666666666666663,0.16666666666666663,0.16666666666666663,0.16666666666666663,0.16666666666666663
33,33.0,32.567505096778625,0.16666666666666663,0.16666666666666663,0.16666666666666663,0.16666666666666663,0.16666666666666663,0.16666666666666663
34,34.0,33.74370209472243,0.16666666666666663,0.16666666666666663,0.16666666666666663,0.16666666666666663,0.16666666666666663,0.16666666666666663
35,35.0,34.90484237192463,0.16666666666666663,0.16666666666666663,0.16666666666666663,0.16666666666666663,0.16666666666666663,0.16666666666666663
36,36.0,36.05082019768737,0.16666666666666663,0.16666666666666663,0.16666666666666663,0.16666666666666663,0.16666666666666663,0.16666666666666663
37,37.0,37.18169203889697,0.16666666666666663,0.16666666666666663,0.16666666666666663,0.16666666666666663,0.16666666666666663,0.16666666666666663
38,38.0,38.29765977559663,0.16666666666666663,0.16666666666666663,0.16666666666666663,0.16666666666666663,0.16666666666666663,0.16666666666666663
39,39.0,39.399054140870355,0.16666666666666663,0.16666666666666663,0.16666666666666663,0.16666666666666663,0.16666666666666663,0.16666666666666663
40,40.0,40.48631852820801,0.16666666666666663,0.16666666666666663,0.16666666666666663,0.16666666666666663,0.16666666666666663,0.16666666666666663
41,41.0,41.55999329152982,0.16666666666666663,0.16666666666666663,0.16666666666666663,0.16666666666666663,0.16666666666666663,0.16666666666666663
42,42.0,42.62070064560415,0.16666666666666663,0.16666666666666663,0.16666666666666663,0.16666666666666663,0.16666666666666663,0.16666666666666663
43,43.0,43.669130257815,0.16666666666666663,0.16666666666666663,0.16666666666666663,0.16666666666666663,0.16666666666666663,0.16666666666666663
44,44.0,44.70602560622662,0.16666666666666663,0.16666666666666663,0.16666666666666663,0.16666666666666663,0.16666666666666663,0.16666666666666663
45,45.0,45.73217116373481,0.16666666666666663,0.16666666666666663,0.16666666666666663,0.16666666666666663,0.16666666666666663,0.16666666666666663
46,46.0,46.748380453854836,0.16666666666666663,0.16666666666666663,0.16666666666666663,0.16666666666666663,0.16666666666666663,0.16666666666666663
47,47.0,47.755485010424316,0.16666666666666663,0.16666666666666663,0.16666666666666663,0.16666666666666663,0.16666666666666663,0.16666666666666663
48,48.0,48.7543242612326,0.16666666666666663,0.16666666666666663,0.16666666666666663,0.16666666666666663,0.16666666666666663,0.16666666666666663
49,49.0,49.745736344347726,0.16666666666666663,0.16666666666666663,0.16666666666666663,0.16666666666666663,0.16666666666666663,0.16666666666666663
50,50.0,50.730549855707864,0.16666666666666663,0.16666666666666663,0.16666666666666663,0.16666666666666663,0.16666666666666663,0.16666666666666663
51,51.0,51.70957651737491,0.16666666666666663,0.16666666666666663,0.16666666666666663,0.16666666666666663,0.16666666666666663,0.16666666666666663
52,52.0,52.68360474770151,0.16666666666666663,0.16666666666666663,0.16666666666666663,0.16666666666666663,0.16666666666666663,0.16666666666666663
53,53.0,53.65339410751842,0.16666666666666663,0.16666666666666663,0.16666666666666663,0.16666666666666663,0.16666666666666663,0.16666666666666663
54,54.0,54.61967059027847,0.16666666666666663,0.16666666666666663,0.16666666666666663,0.16666666666666663,0.16666666666666663,0.16666666666666663
55,55.0,55.58312271885972,0.16666666666666663,0.16666666666666663,0.16666666666666663,0.16666666666666663,0.16666666666666663,0.16666666666666663
56,56.0,56.544398407394254,0.16666666666666663,0.16666666666666663,0.16666666666666663,0.16666666666666663,0.16666666666666663,0.16666666666666663
57,57.0,57.504102543001395,0.16666666666666663,0.16666666666666663,0.16666666666666663,0.16666666666666663,0.16666666666666663,0.16666666666666663
58,58.0,58.469461906284465,0.16666666666666663,0.16666666666666663,0.16666666666666663,0.16666666666666663,0.16666666666666663,0.16666666666666663
59,59.0,59.43425738084306,0.16666666666666663,0.16666666666666663,0.16666666666666663,0.16666666666666663,0.16666666666666663,0.16666666666666663
60,60.0,60.398897400804024,0.16666666666666663,0.16666666666666663,0.16666666666666663,0.16666666666666663,0.16666666666666663,0.16666666666666663
61,61.0,61.363751111427526,0.16666666666666663,0.16666666666666663,0.16666666666666663,0.16666666666666663,0.16666666666666663,0.16666666666666663
62,62.0,62.32914860654107,0.16666666666666663,0.16666666666666663,0.16666666666666663,0.16666666666666663,0.16666666666666663,0.16666666666666663
63,63.0,63.29538153274451,0.16666666666666663,0.16666666666666663,0.16666666666666663,0.16666666666666663,0.16666666666666663,0.16666666666666663
64,64.0,64.26270401766683,0.16666666666666663,0.16666666666666663,0.16666666666666663,0.16666666666666663,0.16666666666666663,0.16666666666666663
65,65.0,65.23466721392026,0.16666666666666663,0.16666666666666663,0.16666666666666663,0.16666666666666663,0.16666666666666663,0.16666666666666663
66,66.0,66.20808741840914,0.16666666666666663,0.16666666666666663,0.16666666666666663,0.16666666666666663,0.16666666666666663,0.16666666666666663
67,67.0,67.18308472826503,0.16666666666666663,0.16666666666666663,0.16666666666666663,0.16666666666666663,0.16666666666666663,0.16666666666666663
68,68.0,68.16308479318602,0.16666666666666663,0.16666666666666663,0.16666666666666663,0.16666666666666663,0.16666666666666663,0.16666666666666663
69,69.0,69.15145400368304,0.16666666666666663,0.16666666666666663,0.16666666666666663,0.16666666666666663,0.16666666666666663,0.16666666666666663
70,70.0,70.14147175309354,0.16666666666666663,0.16666666666666663,0.16666666666666663,0.16666666666666663,0.16666666666666663,0.16666666666666663
71,71.0,71.1364063433654,0.16666666666666663,0.16666666666666663,0.16666666666666663,0.16666666666666663,0.16666666666666663,0.16666666666666663
72,72.0,72.13281674450974,0.16666666666666663,0.16666666666666663,0.16666666666666663,0.16666666666666663,0.16666666666666663,0.16666666666666663
73,73.0,73.13392460476122,0.16666666666666663,0.16666666666666663,0.16666666666666663,0.16666666666666663,0.16666666666666663,0.16666666666666663
74,74.0,74.1362490996066,0.16666666666666663,0.16666666666666663,0.16666666666666663,0.16666666666666663,0.16666666666666663,0.16666666666666663
75,75.0,75.13964532063805,0.16666666666666663,0.16666666666666663,0.16666666666666663,0.16666666666666663,0.16666666666666663,0.16666666666666663
76,76.0,76.14397213302664,0.16666666666666663,0.16666666666666663,0.16666666666666663,0.16666666666666663,0.16666666666666663,0.16666666666666663
77,77.0,77.14909320951276,0.16666666666666663,0.16666666666666663,0.16666666666666663,0.16666666666666663,0.16666666666666663,0.16666666666666663
78,78.0,78.15487791292182,0.16666666666666663,0.16666666666666663,0.16666666666666663,0.16666666666666663,0.16666666666666663,0.16666666666666663
79,79.0,79.16120203352742,0.16666666666666663,0.16666666666666663,0.16666666666666663,0.16666666666666663,0.16666666666666663,0.16666666666666663
80,80.0,80.17128172173717,0.16666666666666663,0.16666666666666663,0.16666666666666663,0.16666666666666663,0.16666666666666663,0.16666666666666663
81,81.0,81.18164062390859,0.16666666666666663,0.16666666666666663,0.16666666666666663,0.16666666666666663,0.16666666666666663,0.16666666666666663
82,82.0,82.19214722962379,0.16666666666666663,0.16666666666666663,0.16666666666666663,0.16666666666666663,0.16666666666666663,0.16666666666666663
83,83.0,83.20601503580454,0.16666666666666663,0.16666666666666663,0.16666666666666663,0.16666666666666663,0.16666666666666663,0.16666666666666663
84,84.0,84.21976924434253,0.16666666666666663,0.16666666666666663,0.16666666666666663,0.16666666666666663,0.16666666666666663,0.16666666666666663
85,85.0,85.23328367291661,0.16666666666666663,0.16666666666666663,0.16666666666666663,0.16666666666666663,0.16666666666666663,0.16666666666666663
86,86.0,86.24644715523746,0.16666666666666663,0.16666666666666663,0.16666666666666663,0.16666666666666663,0.16666666666666663,0.16666666666666663
87,87.0,87.2624964844405,0.16666666666666663,0.16666666666666663,0.16666666666666663,0.16666666666666663,0.16666666666666663,0.16666666666666663
88,88.0,88.27798258254552,0.16666666666666663,0.16666666666666663,0.16666666666666663,0.16666666666666663,0.16666666666666663,0.16666666666666663
89,89.0,89.29280691168124,0.16666666666666663,0.16666666666666663,0.16666666666666663,0.16666666666666663,0.16666666666666663,0.16666666666666663
90,90.0,90.30688740545324,0.16666666666666663,0.16666666666666663,0.16666666666666663,0.16666666666666663,0.16666666666666663,0.16666666666666663
91,91.0,91.32015764246017,0.16666666666666663,0.16666666666666663,0.16666666666666663,0.16666666666666663,0.16666666666666663,0.16666666666666663
92,92.0,92.33256594600849,0.16666666666666663,0.16666666666666663,0.16666666666666663,0.16666666666666663,0.16666666666666663,0.16666666666666663
93,93.0,93.34407442640855,0.16666666666666663,0.16666666666666663,0.16666666666666663,0.16666666666666663,0.16666666666666663,0.16666666666666663
94,94.0,94.35465798117119,0.16666666666666663,0.16666666666666663,0.16666666666666663,0.16666666666666663,0.16666666666666663,0.16666666666666663
95,95.0,95.36430326731251,0.16666666666666663,0.16666666666666663,0.16666666666666663,0.16666666666666663,0.16666666666666663,0.16666666666666663
96,96.0,96.37300765883325,0.16666666666666663,0.16666666666666663,0.16666666666666663,0.16666666666666663,0.16666666666666663,0.16666666666666663
97,97.0,97.38077820128024,0.16666666666666663,0.16666666666666663,0.16666666666666663,0.16666666666666663,0.16666666666666663,0.16666666666666663
98,98.0,98.38763057413641,0.16666666666666663,0.16666666666666663,0.16666666666666663,0.16666666666666663,0.16666666666666663,0.16666666666666663
99,99.0,99.39358807063225,0.16666666666666663,0.16666666666666663,0.16666666666666663,0.16666666666666663,0.16666666666666663,0.16666666666666663
100,100.0,100.39868060343885,0.16666666666666663,0.16666666666666663,0.16666666666666663,0.16666666666666663,0.16666666666666663,0.16666666666666663
101,101.0,101.40294374359708,0.16666666666666663,0.16666666666666663,0.16666666666666663,0.16666666666666663,0.16666666666666663,0.16666666666666663
102,102.0,102.40641779897018,0.16666666666666663,0.16666666666666663,0.16666666666666663,0.16666666666666663,0.16666666666666663,0.16666666666666663
103,103.0,103.41248027081627,0.16666666666666663,0.16666666666666663,0.16666666666666663,0.16666666666666663,0.16666666666666663,0.16666666666666663
104,104.0,104.41781169276959,0.16666666666666663,0.16666666666666663,0.16666666666666663,0.16666666666666663,0.16666666666666663,0.16666666666666663
105,105.0,105.42243185559988,0.16666666666666663,0.16666666666666663,0.16666666666666663,0.16666666666666663,0.16666666666666663,0.16666666666666663
106,106.0,106.42636568359114,0.16666666666666663,0.16666666666666663,0.16666666666666663,0.16666666666666663,0.16666666666666663,0.16666666666666663
107,107.0,107.42964247194737,0.16666666666666663,0.16666666666666663,0.16666666666666663,0.16666666666666663,0.16666666666666663,0.16666666666666663
108,108.0,108.43229515674851,0.16666666666666663,0.16666666666666663,0.16666666666666663,0.16666666666666663,0.16666666666666663,0.16666666666666663
109,109.0,109.43435962150204,0.16666666666666663,0.16666666666666663,0.16666666666666663,0.16666666666666663,0.16666666666666663,0.16666666666666663
110,110.0,110.4358740435652,0.16666666666666663,0.16666666666666663,0.16666666666666663,0.16666666666666663,0.16666666666666663,0.16666666666666663
111,111.0,111.4368782829864,0.16666666666666663,0.16666666666666663,0.16666666666666663,0.16666666666666663,0.16666666666666663,0.16666666666666663
112,112.0,112.43741331563561,0.16666666666666663,0.16666666666666663,0.16666666666666663,0.16666666666666663,0.16666666666666663,0.16666666666666663
113,113.0,113.43752071186354,0.16666666666666663,0.16666666666666663,0.16666666666666663,0.16666666666666663,0.16666666666666663,0.16666666666666663
114,114.0,114.43724216135004,0.16666666666666663,0.16666666666666663,0.16666666666666663,0.16666666666666663,0.16666666666666663,0.16666666666666663
115,115.0,115.4366190442744,0.16666666666666663,0.16666666666666663,0.16666666666666663,0.16666666666666663,0.16666666666666663,0.16666666666666663
116,116.0,116.43569204846357,0.16666666666666663,0.16666666666666663,0.16666666666666663,0.16666666666666663,0.16666666666666663,0.16666666666666663
117,117.0,117.43450083174918,0.16666666666666663,0.16666666666666663,0.16666666666666663,0.16666666666666663,0.16666666666666663,0.16666666666666663
118,118.0,118.43308372838875,0.16666666666666663,0.16666666666666663,0.16666666666666663,0.16666666666666663,0.16666666666666663,0.16666666666666663
119,119.0,119.43147749808047,0.16666666666666663,0.16666666666666663,0.16666666666666663,0.16666666666666663,0.16666666666666663,0.16666666666666663
120,120.0,120.42971711582221,0.16666666666666663,0.16666666666666663,0.16666666666666663,0.16666666666666663,0.16666666666666663,0.16666666666666663
121,121.0,121.42783560063157,0.16666666666666663,0.16666666666666663,0.16666666666666663,0.16666666666666663,0.16666666666666663,0.16666666666666663
122,122.0,122.42586388095367,0.16666666666666663,0.16666666666666663,0.16666666666666663,0.16666666666666663,0.16666666666666663,0.16666666666666663
123,123.0,123.42383069443403,0.16666666666666663,0.16666666666666663,0.16666666666666663,0.16666666666666663,0.16666666666666663,0.16666666666666663
124,124.0,124.42509585295534,0.16666666666666663,0.16666666666666663,0.16666666666666663,0.16666666666666663,0.16666666666666663,0.16666666666666663
125,125.0,125.4263168704283,0.16666666666666663,0.16666666666666663,0.16666666666666663,0.16666666666666663,0.16666666666666663,0.16666666666666663
126,126.0,126.42748595078301,0.16666666666666663,0.16666666666666663,0.16666666666666663,0.16666666666666663,0.16666666666666663,0.16666666666666663
127,127.0,127.43192993026109,0.16666666666666663,0.16666666666666663,0.16666666666666663,0.16666666666666663,0.16666666666666663,0.16666666666666663
128,128.0,128.43627687915543,0.16666666666666663,0.16666666666666663,0.16666666666666663,0.16666666666666663,0.16666666666666663,0.16666666666666663
129,129.0,129.44049303103543,0.16666666666666663,0.16666666666666663,0.16666666666666663,0.16666666666666663,0.16666666666666663,0.16666666666666663
130,130.0,130.44454930408375,0.16666666666666663,0.16666666666666663,0.16666666666666663,0.16666666666666663,0.16666666666666663,0.16666666666666663
131,131.0,131.44842112345307,0.16666666666666663,0.16666666666666663,0.16666666666666663,0.16666666666666663,0.16666666666666663,0.16666666666666663
132,132.0,132.4520882163176,0.16666666666666663,0.16666666666666663,0.16666666666666663,0.16666666666666663,0.16666666666666663,0.16666666666666663
133,133.0,133.4555343843992,0.16666666666666663,0.16666666666666663,0.16666666666666663,0.16666666666666663,0.16666666666666663,0.16666666666666663
134,134.0,134.45874725849526,0.16666666666666663,0.16666666666666663,0.16666666666666663,0.16666666666666663,0.16666666666666663,0.16666666666666663
135,135.0,135.46171803926345,0.16666666666666663,0.16666666666666663,0.16666666666666663,0.16666666666666663,0.16666666666666663,0.16666666666666663
136,136.0,136.46444122822885,0.16666666666666663,0.16666666666666663,0.16666666666666663,0.16666666666666663,0.16666666666666663,0.16666666666666663
137,137.0,137.4669143526821,0.16666666666666663,0.16666666666666663,0.16666666666666663,0.16666666666666663,0.16666666666666663,0.16666666666666663
138,138.0,138.46913768782986,0.16666666666666663,0.16666666666666663,0.16666666666666663,0.16666666666666663,0.16666666666666663,0.16666666666666663
139,139.0,139.4711139792512,0.16666666666666663,0.16666666666666663,0.16666666666666663,0.16666666666666663,0.16666666666666663,0.16666666666666663
140,140.0,140.47284816840457,0.16666666666666663,0.16666666666666663,0.16666666666666663,0.16666666666666663,0.16666666666666663,0.16666666666666663
141,141.0,141.47434712362522,0.16666666666666663,0.16666666666666663,0.16666666666666663,0.16666666666666663,0.16666666666666663,0.16666666666666663
142,142.0,142.47561937875423,0.16666666666666663,0.16666666666666663,0.16666666666666663,0.16666666666666663,0.16666666666666663,0.16666666666666663
143,143.0,143.47667488124947,0.16666666666666663,0.16666666666666663,0.16666666666666663,0.16666666666666663,0.16666666666666663,0.16666666666666663
144,144.0,144.47752475134934,0.16666666666666663,0.16666666666666663,0.16666666666666663,0.16666666666666663,0.16666666666666663,0.16666666666666663
145,145.0,145.47818105359238,0.16666666666666663,0.16666666666666663,0.16666666666666663,0.16666666666666663,0.16666666666666663,0.16666666666666663
146,146.0,146.48198991507525,0.16666666666666663,0.16666666666666663,0.16666666666666663,0.16666666666666663,0.16666666666666663,0.16666666666666663
147,147.0,147.48559799125903,0.16666666666666663,0.16666666666666663,0.16666666666666663,0.16666666666666663,0.16666666666666663,0.16666666666666663
148,148.0,148.48898927991186,0.16666666666666663,0.16666666666666663,0.16666666666666663,0.16666666666666663,0.16666666666666663,0.16666666666666663
149,149.0,149.4921515469003,0.16666666666666663,0.16666666666666663,0.16666666666666663,0.16666666666666663,0.16666666666666663,0.16666666666666663
150,150.0,150.4950760717209,0.16666666666666663,0.16666666666666663,0.16666666666666663,0.16666666666666663,0.16666666666666663,0.16666666666666663
151,151.0,151.49775738334222,0.16666666666666663,0.16666666666666663,0.16666666666666663,0.16666666666666663,0.16666666666666663,0.16666666666666663
152,152.0,152.50019298996799,0.16666666666666663,0.16666666666666663,0.16666666666666663,0.16666666666666663,0.16666666666666663,0.16666666666666663
153,153.0,153.5023831060315,0.16666666666666663,0.16666666666666663,0.16666666666666663,0.16666666666666663,0.16666666666666663,0.16666666666666663
154,154.0,154.50433037942832,0.16666666666666663,0.16666666666666663,0.16666666666666663,0.16666666666666663,0.16666666666666663,0.16666666666666663
155,155.0,155.5060396216912,0.16666666666666663,0.16666666666666663,0.16666666666666663,0.16666666666666663,0.16666666666666663,0.16666666666666663
156,156.0,156.5075175435109,0.16666666666666663,0.16666666666666663,0.16666666666666663,0.16666666666666663,0.16666666666666663,0.16666666666666663
157,157.0,157.5087724977135,0.16666666666666663,0.16666666666666663,0.16666666666666663,0.16666666666666663,0.16666666666666663,0.16666666666666663
158,158.0,158.5098142315187,0.16666666666666663,0.16666666666666663,0.16666666666666663,0.16666666666666663,0.16666666666666663,0.16666666666666663
159,159.0,159.5106536496282,0.16666666666666663,0.16666666666666663,0.16666666666666663,0.16666666666666663,0.16666666666666663,0.16666666666666663
160,160.0,160.5113025894305,0.16666666666666663,0.16666666666666663,0.16666666666666663,0.16666666666666663,0.16666666666666663,0.16666666666666663
161,161.0,161.51177360935824,0.16666666666666663,0.16666666666666663,0.16666666666666663,0.16666666666666663,0.16666666666666663,0.16666666666666663
162,162.0,162.51207979119962,0.16666666666666663,0.16666666666666663,0.16666666666666663,0.16666666666666663,0.16666666666666663,0.16666666666666663
163,163.0,163.51223455694486,0.16666666666666663,0.16666666666666663,0.16666666666666663,0.16666666666666663,0.16666666666666663,0.16666666666666663
164,164.0,164.5122515005461,0.16666666666666663,0.16666666666666663,0.16666666666666663,0.16666666666666663,0.16666666666666663,0.16666666666666663
165,165.0,165.51214423478183,0.16666666666666663,0.16666666666666663,0.16666666666666663,0.16666666666666663,0.16666666666666663,0.16666666666666663
166,166.0,166.51192625324614,0.16666666666666663,0.16666666666666663,0.16666666666666663,0.16666666666666663,0.16666666666666663,0.16666666666666663
167,167.0,167.51161080733155,0.16666666666666663,0.16666666666666663,0.16666666666666663,0.16666666666666663,0.16666666666666663,0.16666666666666663
168,168.0,168.5112107979351,0.16666666666666663,0.16666666666666663,0.16666666666666663,0.16666666666666663,0.16666666666666663,0.16666666666666663
169,169.0,169.5107386814989,0.16666666666666663,0.16666666666666663,0.16666666666666663,0.16666666666666663,0.16666666666666663,0.16666666666666663
170,170.0,170.51020638989138,0.16666666666666663,0.16666666666666663,0.16666666666666663,0.16666666666666663,0.16666666666666663,0.16666666666666663
171,171.0,171.5096252635457,0.16666666666666663,0.16666666666666663,0.16666666666666663,0.16666666666666663,0.16666666666666663,0.16666666666666663
172,172.0,172.50900599719913,0.16666666666666663,0.16666666666666663,0.16666666666666663,0.16666666666666663,0.16666666666666663,0.16666666666666663
173,173.0,173.5083585975152,0.16666666666666663,0.16666666666666663,0.16666666666666663,0.16666666666666663,0.16666666666666663,0.16666666666666663
174,174.0,174.50769235182455,0.16666666666666663,0.16666666666666663,0.16666666666666663,0.16666666666666663,0.16666666666666663,0.16666666666666663
175,175.0,175.5070158071847,0.16666666666666663,0.16666666666666663,0.16666666666666663,0.16666666666666663,0.16666666666666663,0.16666666666666663
176,176.0,176.506336758937,0.16666666666666663,0.16666666666666663,0.16666666666666663,0.16666666666666663,0.16666666666666663,0.16666666666666663
177,177.0,177.5056622479247,0.16666666666666663,0.16666666666666663,0.16666666666666663,0.16666666666666663,0.16666666666666663,0.16666666666666663
178,178.0,178.50499856553438,0.16666666666666663,0.16666666666666663,0.16666666666666663,0.16666666666666663,0.16666666666666663,0.16666666666666663
179,179.0,179.50435126572773,0.16666666666666663,0.16666666666666663,0.16666666666666663,0.16666666666666663,0.16666666666666663,0.16666666666666663
180,180.0,180.50372518324448,0.16666666666666663,0.16666666666666663,0.16666666666666663,0.16666666666666663,0.16666666666666663,0.16666666666666663
181,181.0,181.5031244571771,0.16666666666666663,0.16666666666666663,0.16666666666666663,0.16666666666666663,0.16666666666666663,0.16666666666666663
182,182.0,182.5025525591447,0.16666666666666663,0.16666666666666663,0.16666666666666663,0.16666666666666663,0.16666666666666663,0.16666666666666663
183,183.0,183.5020123253241,0.16666666666666663,0.16666666666666663,0.16666666666666663,0.16666666666666663,0.16666666666666663,0.16666666666666663
184,184.0,184.50150599163229,0.16666666666666663,0.16666666666666663,0.16666666666666663,0.16666666666666663,0.16666666666666663,0.16666666666666663
185,185.0,185.50103523139336,0.16666666666666663,0.16666666666666663,0.16666666666666663,0.16666666666666663,0.16666666666666663,0.16666666666666663
186,186.0,186.5006011948644,0.16666666666666663,0.16666666666666663,0.16666666666666663,0.16666666666666663,0.16666666666666663,0.16666666666666663
187,187.0,187.50020455003968,0.16666666666666663,0.16666666666666663,0.16666666666666663,0.16666666666666663,0.16666666666666663,0.16666666666666663
188,188.0,188.49984552419704,0.16666666666666663,0.16666666666666663,0.16666666666666663,0.16666666666666663,0.16666666666666663,0.16666666666666663
189,189.0,189.4995239456967,0.16666666666666663,0.16666666666666663,0.16666666666666663,0.16666666666666663,0.16666666666666663,0.16666666666666663
190,190.0,190.49923928558943,0.16666666666666663,0.16666666666666663,0.16666666666666663,0.16666666666666663,0.16666666666666663,0.16666666666666663
191,191.0,191.498990698637,0.16666666666666663,0.16666666666666663,0.16666666666666663,0.16666666666666663,0.16666666666666663,0.16666666666666663
192,192.0,192.49877706339342,0.16666666666666663,0.16666666666666663,0.16666666666666663,0.16666666666666663,0.16666666666666663,0.16666666666666663
193,193.0,193.49859702104027,0.16666666666666663,0.16666666666666663,0.16666666666666663,0.16666666666666663,0.16666666666666663,0.16666666666666663
194,194.0,194.49844901271206,0.16666666666666663,0.16666666666666663,0.16666666666666663,0.16666666666666663,0.16666666666666663,0.16666666666666663
195,195.0,195.49833131508956,0.16666666666666663,0.16666666666666663,0.16666666666666663,0.16666666666666663,0.16666666666666663,0.16666666666666663
196,196.0,196.4982420740784,0.16666666666666663,0.16666666666666663,0.16666666666666663,0.16666666666666663,0.16666666666666663,0.16666666666666663
197,197.0,197.49817933642757,0.16666666666666663,0.16666666666666663,0.16666666666666663,0.16666666666666663,0.16666666666666663,0.16666666666666663
198,198.0,198.49814107917754,0.16666666666666663,0.16666666666666663,0.16666666666666663,0.16666666666666663,0.16666666666666663,0.16666666666666663
199,199.0,199.49812523686074,0.16658730158730156,0.16706349206349203,0.16658730158730156,0.16658730158730156,0.16658730158730156,0.16658730158730156
200,200.0,200.49812972640703,0.16627063492063487,0.1676944444444444,0.16674682539682537,0.16627063492063487,0.16627063492063487,0.16674682539682537
201,201.0,201.4981524697346,0.16581896031746027,0.16906948412698408,0.16676657936507935,0.16581896031746027,0.16581896031746027,0.16670705555555554
202,202.0,202.49819141403208,0.16526947521164018,0.17099727738095236,0.16667952283068785,0.16526947521164018,0.16526947521164018,0.16651477415343915
203,203.0,203.49824454975948,0.16499063010767193,0.17254811218650795,0.16637419153624342,0.16499063010767193,0.16451443963148144,0.1665819964304233
204,204.0,204.49830992641654,0.1650368531601137,0.17421970514096563,0.16590655092678044,0.16462018649344703,0.163672567445828,0.1665441368328651
205,205.0,205.49838566614375,0.1649393287619536,0.1759541639707901,0.1653497570171441,0.1641696859048107,0.16317630495242977,0.16641075939287164
206,206.0,206.4984699752368,0.16464224288106932,0.17823645538374433,0.16463985392300898,0.16393034274879412,0.16286668872763013,0.16568441633575307
207,207.0,207.50189448700146,0.16423862834464797,0.18071648643489907,0.1641980611175758,0.16353488974015054,0.16242788575655268,0.16488404860617398
208,208.0,208.505290936053,0.16381447045990374,0.18369320136844114,0.16373994846299164,0.16312418869052536,0.16198183237316557,0.16364635864497254
209,209.0,209.5086281641722,0.1636290954435467,0.186484050168682,0.1635617964107848,0.1625494943101359,0.16145341112223063,0.16232215254461999
210,210.0,210.5118787211711,0.16340214542556833,0.18937743823367661,0.16337602678487598,0.1619109831788928,0.16092811269998172,0.1610052936770046
211,211.0,211.51501876859172,0.16314408781035097,0.19231801614013802,0.16318727924091467,0.16122748268925444,0.1604128980097929,0.1597102361095491
212,212.0,212.51802795691768,0.1628633334364902,0.1950043708575667,0.16299909879750552,0.16051440603603595,0.16016968083313005,0.15844911003927173
213,213.0,213.52088928017523,0.16257311803174745,0.19736046908309945,0.16280223828795506,0.15980923087951687,0.16023488240159603,0.15722006131608524
214,214.0,214.52358891163863,0.16222519750116604,0.1999289645168597,0.16254744197188065,0.15906612646950005,0.16025218920017364,0.15598008034042002
215,215.0,215.5261160241726,0.16177038000419408,0.20222642454717912,0.16266080031084432,0.15823787521699392,0.1604203013319497,0.15468421858883905
216,216.0,216.52846259854482,0.16099158018011706,0.20431253366965416,0.16244346959505795,0.157918474895973,0.16088190880173822,0.1534520328574598
217,217.0,217.53062322282767,0.1601623786432807,0.20597596637224497,0.1621640864205488,0.15750553356179814,0.1619691632171573,0.15222287178497032
218,218.0,218.5325948857873,0.15924986215908385,0.20774327172082982,0.16178540444368883,0.15701986073645252,0.16323912184498415,0.15096247909496108
219,219.0,219.5343767669264,0.15810197171758886,0.2102203434062775,0.16111458765792902,0.15625777433149465,0.1644178863097714,0.14988743657693884
220,220.0,220.5359700256157,0.15694736423758113,0.2128136013552145,0.1604145316639909,0.15545280681720564,0.16552142900181574,0.1488502669241924
221,221.0,221.53737759151323,0.1561987236981782,0.21501452459083276,0.15961943666690734,0.15454460200696749,0.16684088276611714,0.14778183027099742
222,222.0,222.5386039582392,0.15548210286987665,0.21716154947332006,0.1588344920046983,0.1536423203682322,0.16809586311220798,0.14678367217166513
223,223.0,223.53965498204352,0.15501507645345988,0.2187802946308637,0.15816618244014874,0.15269728284312725,0.1693827669309478,0.14595839670145297
224,224.0,224.54053768698031,0.15456852336307164,0.22023418121116323,0.15757733382694447,0.15181552308784838,0.1705767009280524,0.14522773758292026
225,225.0,225.54126007788696,0.1542034476555988,0.22134030772129157,0.15705780774800218,0.1510500359734708,0.1717336086043001,0.14461479229733692
226,226.0,226.5418309622574,0.15414659333106553,0.2215709218516975,0.15649319284801075,0.15036726757746666,0.17283876925815986,0.14458325513360004
227,227.0,227.54225978190155,0.15404786552458197,0.2216660306038111,0.1563158663802972,0.1496760911722761,0.17379662344564936,0.1444975228733846
228,228.0,228.5425564550956,0.1543186557936249,0.22155979427450134,0.15608913731657548,0.14870278986640018,0.17493691442112186,0.14439270832777656
229,229.0,229.54273122975263,0.15463160601525278,0.22179523513202903,0.15590751479438517,0.1483036713563284,0.17500290324393195,0.14435906945807286
230,230.0,230.54279454797975,0.15479987333749354,0.22204786808617222,0.1559909234324141,0.14779581119308377,0.17482186288662047,0.1445436610642161
231,231.0,231.54609025557104,0.1549140923799125,0.22252032127960159,0.15627039451162855,0.14727301114646493,0.17398145015691613,0.14504073052547647
232,232.0,232.54926215651417,0.1549302675568094,0.22292357916914524,0.15638132945992017,0.14673077201905438,0.1733217860101349,0.1457122657849361
233,233.0,233.5522909124645,0.15485070809563406,0.22319240793817555,0.15640032095174677,0.14616609639984166,0.17249164123970126,0.1468988253749009
234,234.0,234.55516055036185,0.15532333439235682,0.22294565966915095,0.1567174312488944,0.14605429616162055,0.17094420973352917,0.14801506879444826
235,235.0,235.5578582856325,0.15580051522053426,0.22247731866352635,0.15708913143231357,0.14515875347622587,0.16982449871305844,0.14964978249434172
236,236.0,236.56037433118644,0.15620998387669965,0.2219016494424398,0.15715679866209606,0.14458309190652274,0.1686361665251569,0.151512309587085
237,237.0,237.56270169553977,0.156387317324393,0.2217143622988692,0.157203189864338,0.14397683753239668,0.1674040192145073,0.153314273765496
238,238.0,238.56483597316907,0.15648858778461663,0.22145194066994736,0.15723198893179127,0.1436329505618696,0.1661488001705313,0.15504573188124401
239,239.0,239.57010846330374,0.1565897731708996,0.22183868768466414,0.15724334433593745,0.14334801744367115,0.16432356019519273,0.15665661716963508
240,240.0,240.57515261979188,0.15697045066735363,0.22214078959347908,0.15745283960301845,0.14309654235130076,0.16222569275352025,0.15811368503132797
241,241.0,241.5799408344333,0.15729774873688157,0.22147357999778428,0.1575623142678185,0.143349305954711,0.16064777826090293,0.15966927278190185
242,242.0,242.5844508192662,0.15798275110049947,0.22092789158121717,0.1576482802615223,0.14362096136589433,0.15912120518496606,0.1606989105059008
243,243.0,243.58866529742318,0.15833735778468266,0.22040340051640203,0.15871328329235695,0.14381210875516753,0.1575613110200069,0.1611725386313841
244,244.0,244.59257167479024,0.15884583437030483,0.21984849042407026,0.16016052176305312,0.14378842143536283,0.15610297105752147,0.1612537609496876
245,245.0,245.5961616976727,0.15942302841168524,0.21939046692661143,0.1620927045253225,0.14396551289447926,0.15428936156563555,0.16083892567626615
246,246.0,246.59943110129018,0.16014733481387278,0.218672147747439,0.16408628309165288,0.14483038197388115,0.1520097220527845,0.16025413032036984
247,247.0,247.602379253533,0.1604754067803724,0.21748204867681914,0.16590230330809602,0.14567778836793208,0.15012035667809814,0.16034209618868242
248,248.0,248.60500879801623,0.16061834653484738,0.21597810631846032,0.16791003372714913,0.14678885901908137,0.14819959247996764,0.16050506192049435
249,249.0,249.60732530007095,0.16116869577641332,0.2141243268423025,0.16965255203168672,0.14790990800389892,0.14644688320982494,0.16069763413587385
250,250.0,250.6093368989195,0.16168872654746194,0.21231626472192014,0.17097045608161676,0.1490122434826862,0.14482998343460565,0.16118232573170957
251,251.0,251.61105396889403,0.16268168164274577,0.21089751542302607,0.17174605856493103,0.14963974375428865,0.1433807019817904,0.16165429863321834
252,252.0,252.61248879218212,0.16412753244108177,0.2096454635835888,0.17217016983279415,0.15039462022271163,0.14181253462443175,0.1618496792953921
253,253.0,253.6136552452196,0.16543276463041515,0.2087394015344986,0.1724755377209125,0.15105312330012566,0.14035489145339744,0.1619442813606508
254,254.0,254.61456850050115,0.16684707609844118,0.20820239416581493,0.1727359031532996,0.15091379499034718,0.13918712435759328,0.162113707234504
255,255.0,255.61524474524953,0.16745557416276868,0.2070833719136498,0.17304217556021753,0.151326820484202,0.13797808908661996,0.16311396879254214
256,256.0,256.6157009180706,0.16786881819418728,0.20580567069281724,0.17400228593572847,0.1515481540117081,0.136822790689492,0.16395228047606702
257,257.0,257.61595446442885,0.16792906503253754,0.20526700708146395,0.17411867843164702,0.15181698568145954,0.1356262420366297,0.16524202173626232
258,258.0,258.616023111507,0.16826516777289863,0.20443367636456794,0.17415992647133885,0.15174360223025915,0.134593386453988,0.1668042407069475
259,259.0,259.6159246627622,0.16848809898958503,0.20314953916591308,0.1740415495284472,0.1518471340888892,0.13391986669205472,0.16855381153511084
260,260.0,260.61567681226427,0.1686592192500701,0.2019497902329345,0.1738685726585381,0.15192400592293184,0.1333704237603177,0.17022798817520773
261,261.0,261.6152969786935,0.16888132504669573,0.20020583334623948,0.17366417888900568,0.15194581198620238,0.13349959221652258,0.17180325851533412
262,262.0,262.6148021586929,0.168891036161821,0.19839180159733935,0.17296545620440992,0.15182474315204766,0.13435328657738038,0.1735736763070016
263,263.0,263.6142087991054,0.16969006253301225,0.19657425693135777,0.17255449812377657,0.15139591039316458,0.13497316040646037,0.17481211161222837
264,264.0,264.61353268748564,0.17086280271727133,0.1947514879914246,0.17197276330864122,0.15086548232571867,0.13568841000566254,0.17585905365128157
265,265.0,265.612788860153,0.1722332098795008,0.19329841372550316,0.1712099216723803,0.1494954595577775,0.13704327603791336,0.1767197191269248
266,266.0,266.61199152695207,0.17349651695398507,0.1918750028162589,0.1703954160171727,0.14808720549077367,0.13838895190328918,0.1777569068185204
267,267.0,267.6111540118017,0.17466216451511743,0.1905455533401469,0.16982664871055608,0.14666998943164716,0.13972426349618733,0.1785713805063451
268,268.0,268.6102887080484,0.1759312201915799,0.18885698914164045,0.16963139063739455,0.14561672004804177,0.1413164516074841,0.17864722837385924
269,269.0,269.6094070475899,0.17740825001767224,0.1871074536553104,0.1695887456195764,0.14441354835325446,0.14270637423669422,0.1787756281174923
270,270.0,270.60851948270135,0.17876350638599064,0.18571419015845325,0.16982130063916728,0.14322188782974282,0.14399771320308874,0.17848140178355734
