,Unnamed: 0,Generation,Intertwine_two,Add_vertex,Delete_vertex,Invert_path_vertices,Insert_inside_vertex,Delete_inside_vertex,Replace_inside_vertex,Donate_between_routes,Trim_one_terminal_cb,Grow_one_terminal_cb
0,0.0,0.0,0.1,0.1,0.1,0.1,0.1,0.1,0.1,0.1,0.1,0.1
1,1.0,0.10900000000000001,0.10138887276532067,0.09623523118513744,0.10038677579139615,0.0985105091168141,0.0984986548521098,0.101204814137457,0.10174025741851499,0.10080323167666348,0.10179380174662078,0.09943785130996559
2,2.0,0.31601,0.10038001967951471,0.09343444508400128,0.10017076394440078,0.09959241039655589,0.09836419070193769,0.10348220302745181,0.10221210070317993,0.10029482253342968,0.10353407550378187,0.09853496842574633
3,3.0,0.6191589000000001,0.0994076079186018,0.09188036645690102,0.09733009279669405,0.10153374434769925,0.09899346309177769,0.10379807419743568,0.10229794453320248,0.1014137798496229,0.10525856052620013,0.09808636628186493
4,4.0,1.015801321,0.09984424685144272,0.08911891061110379,0.09712370619223287,0.101264961050517,0.09810339665856374,0.10316229117947613,0.10470798101682822,0.10106443772386944,0.10672583333897223,0.09888423537699376
5,5.0,1.50262148669,0.10039439076772629,0.08539741218698514,0.0972022300661765,0.10210319284562805,0.09622618442552995,0.1063570133570979,0.10572690336455808,0.10228402491432764,0.10822460146347082,0.09608404660849952
6,6.0,2.0757334209441005,0.10057197852486123,0.0832106348025208,0.09676506698868972,0.10389784798102236,0.0941477194905118,0.10717022379768687,0.10649740131490876,0.10295771827644204,0.10766695209588933,0.09711445672746691
7,7.0,2.7307768275633495,0.1017100722961888,0.08077682031063993,0.09447066050334825,0.10430446114831764,0.0947223456053928,0.10518832816181382,0.11065283256409636,0.10395276157136599,0.10697333847515665,0.09724837936367958
8,8.0,3.4630081252450404,0.10197351958015916,0.08012284228419259,0.0937946782912522,0.10289668283490354,0.09582523587538139,0.10653095188459936,0.11089318024104754,0.10417893049686222,0.10473497023129202,0.09904900828030981
9,9.0,4.2673862119061114,0.10291377549828043,0.0768062384802139,0.09133539786825284,0.10544470683663548,0.09690796336978648,0.10972226848683224,0.10959819488744432,0.10497115607634314,0.10535047433654517,0.09694982415966581
10,10.0,5.138652627782014,0.10188718367287675,0.07449932754525353,0.08877332028763223,0.10584200115422152,0.09876780334944885,0.10973304348233065,0.11056580691735154,0.1047950763616577,0.10337405879086396,0.10176237843836308
11,11.0,6.071405875792507,0.10184607374671789,0.07306059702615778,0.08856968356283915,0.10612058271042259,0.09872018502347327,0.1109940926067198,0.11269850001731031,0.10497411335995738,0.10321715397708944,0.0997990179693122
12,12.0,7.060169740244025,0.10157733785984885,0.07132705969659187,0.08736416748269717,0.10645621962817829,0.10021297197536552,0.11169892272526585,0.11132052252444646,0.10557761430422982,0.10220546275829313,0.10225972104508281
13,13.0,8.099455520847952,0.09955987847511484,0.07168238966897057,0.08835265156002653,0.10462579924798676,0.09980252477065057,0.11361776008379465,0.11258852055095586,0.10621606358365891,0.10034400462881923,0.1032104074300218
14,14.0,9.183818168183006,0.10246021075866582,0.06764319620088112,0.08595954767917943,0.10007178929245018,0.10224316849833666,0.11389233398318932,0.11056976600141526,0.108264941903019,0.104159263488227,0.10473578219463592
15,15.0,10.307906369102724,0.10073826365855566,0.06517868650058742,0.08131625100294078,0.0990237417074702,0.10605295278796681,0.11787135458772498,0.1124711217673541,0.10679761476959007,0.10434907058253767,0.10620094263527205
16,16.0,11.466506686239443,0.10085334003691053,0.06614264294556713,0.07863879318343443,0.09747589444256854,0.10608971317754719,0.1181707768371636,0.11614060361821012,0.10473111640661624,0.10401556933346658,0.10774155001851539
17,17.0,12.654581904800096,0.0985000938027333,0.06649163546278676,0.07394162546911977,0.09671885869069441,0.10881055050921473,0.11840859403623658,0.12362111205935584,0.10195802320187033,0.10211854655120733,0.10943096021678067
18,18.0,13.867303782456686,0.09437647324796129,0.06841405956482804,0.07550091195187925,0.09578713298737523,0.11014216206384585,0.1179626936427986,0.12442517445049886,0.10237560921962152,0.1008562726110059,0.11015951026018518
19,19.0,15.100080434523047,0.09113101828103817,0.07334400168427957,0.07251341382515121,0.09485799694712094,0.10880395126903347,0.1212123566514986,0.12522169409808945,0.10478166294841319,0.10063024441959142,0.10750365987578371
20,20.0,16.348578617037543,0.09069611090874213,0.07185519521938158,0.06890292686822937,0.0956464983794177,0.10957289677098364,0.12172554208313255,0.12651138878749413,0.1061993262539637,0.10092094503299091,0.10796916969566406
21,21.0,17.608741195130214,0.09432818159540274,0.07095265169749439,0.06345312684166239,0.09724996448990922,0.11312837499442761,0.11997796467358363,0.12731140357405452,0.10607889110139192,0.100258178424466,0.10726126260760738
22,22.0,18.876800103462312,0.09129335770451114,0.07457896126352703,0.06331375550061584,0.09627260176774882,0.11402840578062481,0.11858335671474159,0.1253870835215105,0.10582869279159055,0.10068949838248785,0.11002428657264157
23,23.0,20.14928511992658,0.0882192378718356,0.07369898533716052,0.06564841844621842,0.10037954563497535,0.11524300757594372,0.11674616893741711,0.12393567494098841,0.10687038798819118,0.09966888258740951,0.10958969067985987
24,24.0,21.423028783545156,0.08559376070614631,0.07364438962734754,0.06379705211441537,0.10324632381932476,0.1167500037736752,0.11514801320313536,0.12253718000707922,0.10598229036708491,0.10077448817725364,0.11252649820453735
25,25.0,22.695167792966423,0.08285772580275856,0.07343620546606275,0.06542454964830573,0.10549952518053084,0.11672486729527906,0.1127277607312143,0.11808064753124081,0.1084846556332776,0.10037272152577086,0.11639134118555919
26,26.0,23.963141223515898,0.08129516066179004,0.0765135813369256,0.06471043560503695,0.10622451834494785,0.11599110421306084,0.11191736425034148,0.11742411778347747,0.10782614009626186,0.100425215228861,0.11767236247929656
27,27.0,25.224685898775267,0.08194655199344965,0.07649513122534259,0.06517906435325413,0.10566621681124838,0.11576310024603464,0.11089999878274648,0.11742397499760587,0.10439136401748916,0.10550508442188239,0.11672951315094635
28,28.0,26.477829247520948,0.07863450530658142,0.07778408510543974,0.06389701910724443,0.1043673576478703,0.11562332221160213,0.11088154908691118,0.11996660795427067,0.10782293776154847,0.10562386941806397,0.1153987464004673
29,29.0,27.720879968916847,0.07758939859843306,0.08062857145805336,0.06380352278662277,0.10094373379127032,0.12012252455519337,0.11159356033479517,0.11804795819789678,0.10432758943920907,0.1047256577793908,0.11821748305913489
30,30.0,28.95241681848399,0.07869952514099518,0.08318848389875452,0.06566629185085857,0.09783298839889722,0.11892131175734771,0.11103465413256582,0.11444640289657451,0.10438862075022608,0.10552449363040312,0.12029722754337688
31,31.0,30.17127581490958,0.07865572269703831,0.08448916513185699,0.06707817803429944,0.09820144000397031,0.11742114968516722,0.11195190537782264,0.11060754885930396,0.10396377146900111,0.10766194888258444,0.1199691698589552
32,32.0,31.376536153543515,0.07677059760225023,0.08812947408313936,0.06744613839707915,0.09722281692043518,0.11871515040187684,0.11006466926887046,0.1117506593186155,0.10392414584020591,0.10696106638934548,0.11901528177818156
33,33.0,32.567505096778625,0.07604827216615258,0.0938151606840501,0.06785954890987704,0.09823742725531931,0.11762997323139948,0.10914317378058627,0.11228798278687285,0.10158927097923172,0.10402693264417105,0.11936225756233927
34,34.0,33.74370209472243,0.0759163729521018,0.09582378502069795,0.06981454246895306,0.09669017663297931,0.11570952344462858,0.11134757949954754,0.11014022438411478,0.09967871205626941,0.10501696285064493,0.11986212069006234
35,35.0,34.90484237192463,0.07697824999281003,0.09924013310813011,0.06947810876238536,0.09635262564990779,0.11531374198955063,0.1148602272175736,0.10725427203857943,0.09704181784117204,0.10498227500641533,0.11849854839347547
36,36.0,36.05082019768737,0.07888518996743095,0.09837925555070998,0.07443904331567502,0.09500879346994465,0.11475835228256293,0.11106165890703198,0.10567730109810039,0.09844976016237701,0.10387010060782635,0.11947054463834055
37,37.0,37.18169203889697,0.08060179918681824,0.09758780319520564,0.07277575855164084,0.09617092173307035,0.11320224068906501,0.10891193486361554,0.10507107749271051,0.09961514854349918,0.10455541447775246,0.12150790126662205
38,38.0,38.29765977559663,0.08767050211879471,0.09854102190468626,0.07087958455026777,0.09621377152341934,0.11202562502272165,0.1063579206789158,0.10390577238157639,0.09581593937426992,0.1065598270800033,0.12203003536534465
39,39.0,39.399054140870355,0.08688549932987805,0.09901226605460091,0.07017150947273398,0.0994376096952775,0.11261961188876415,0.1039095638406035,0.0999181611919803,0.09885545195149263,0.10932141494619071,0.11986891162847807
40,40.0,40.48631852820801,0.08906246045788618,0.0991318073997457,0.06860077416624244,0.09681419395781933,0.1137186739136321,0.10308501918555997,0.1014373085288581,0.09958596062668315,0.10858043066108153,0.11998337110249131
41,41.0,41.55999329152982,0.09082003593774597,0.09690565987313715,0.06791083660214567,0.09718757885429208,0.11085205208704832,0.10689252384685054,0.10326319654343812,0.09749796741499532,0.10976501829660172,0.11890513054374494
42,42.0,42.62070064560415,0.09309268786045805,0.10040500807920955,0.06511781831303996,0.09395758675040429,0.11089284601042106,0.10739125046076539,0.10106210212971294,0.09851602945903938,0.10757278462565667,0.12199188631129253
43,43.0,43.669130257815,0.09458830794879089,0.09814257940750022,0.06804848795080201,0.09330949570988721,0.11269649434893622,0.10802696105166104,0.09875848459976226,0.09849600243966374,0.10593900187676922,0.12199418466622697
44,44.0,44.70602560622662,0.09529174969953128,0.1002236008699642,0.06841872190753577,0.09768728904931058,0.11471443183010857,0.10540011812397457,0.09737743504342795,0.09627626278527725,0.10437081856405192,0.12023957212681773
45,45.0,45.73217116373481,0.09442080047424362,0.09887508390705158,0.06865151125966812,0.0995131290360165,0.11460359444317963,0.10639134918899784,0.0978096628786046,0.09773618896660108,0.10369298511005014,0.11830569473558669
46,46.0,46.748380453854836,0.09468894172042494,0.09965121970626303,0.06853608583783932,0.09657201442870107,0.11686210928400687,0.1052848357515333,0.09621980413430285,0.09712595004861985,0.10611762576698648,0.11894141332132209
47,47.0,47.755485010424316,0.09748148782324365,0.1016966157131447,0.06749183384332222,0.09495183593640148,0.11360313856010655,0.10567007188369422,0.0961165486050202,0.09541829677185598,0.10685644012495285,0.12071373073825796
48,48.0,48.7543242612326,0.0964386003441187,0.10193375370740107,0.06942432230281943,0.09845457294494063,0.11531719912010457,0.10526619349405861,0.0932258341739066,0.09438313113064309,0.10503081413718654,0.12052557864482054
49,49.0,49.745736344347726,0.09547708839446073,0.10356558027717924,0.06830811888866165,0.09995107705113976,0.11218573246693714,0.10414681705549404,0.09647289065169772,0.09591750887904045,0.10548479908838868,0.11849038724700042
50,50.0,50.730549855707864,0.09464584962252932,0.10443023162596209,0.07120696864539626,0.09797859579989918,0.11563057938271948,0.10253614904058403,0.09714422632372909,0.09420390693345976,0.10293908721662678,0.11928440540909384
51,51.0,51.70957651737491,0.09249202915457688,0.10758644895023932,0.07221392439318067,0.09631549472606835,0.11477092638630858,0.10526155919444333,0.09443040728237267,0.09637997025499428,0.10089265230239797,0.11965658735541775
52,52.0,52.68360474770151,0.09300168441993717,0.10678075535551544,0.07078528386464823,0.09608588586464237,0.11551518977284626,0.10467506051463016,0.09387161380630601,0.09845357854112446,0.10298120585258594,0.1178497420077638
53,53.0,53.65339410751842,0.09249246557293349,0.11115565675049845,0.0709167416930192,0.09374698660546052,0.11897710406635303,0.10522830798282995,0.08967618549346332,0.09811017359766314,0.0999367759387595,0.11975960229901922
54,54.0,54.61967059027847,0.09535210988079583,0.10811919777538181,0.07147136497750275,0.09184060341729264,0.11582921859942456,0.10532026037034888,0.0920428566427897,0.10113051770358372,0.09983987557369844,0.11905399505918149
55,55.0,55.58312271885972,0.09660099815111536,0.10279913560540382,0.07404235534871806,0.08980965036690142,0.11777966573019327,0.10378429651672832,0.0912952065864764,0.09936388862026563,0.10105468618410372,0.12347011689009382
56,56.0,56.544398407394254,0.09628369454671545,0.10083453075451028,0.07292601172624527,0.08894450454249184,0.12023902284665608,0.10244608365647266,0.0957718056447792,0.09590161052985657,0.10167856784616244,0.12497416790611006
57,57.0,57.504102543001395,0.09621530903552654,0.09941052761952603,0.07618449582668826,0.08544343315517798,0.12374470199317608,0.09876205695889745,0.09398294546635941,0.0976348116558196,0.10184887454574924,0.12677284374307923
58,58.0,58.462795239617805,0.09371647545047662,0.09997161363802473,0.0796991981715897,0.08591703995437809,0.12564044555039652,0.09870791192996844,0.09691833067959124,0.09614571057901006,0.09769918707177778,0.12558408697478665
59,59.0,59.42099071417639,0.09410570225070299,0.09777707369128126,0.07878809445894146,0.08592244332354089,0.1261338372159881,0.09942618131471753,0.09792909145644671,0.09685639364717366,0.0962349268947859,0.12682625574642137
60,60.0,60.379156734137354,0.09608592744130726,0.09644198135832799,0.0763820324296567,0.08234390517848811,0.12375517944583848,0.09871923981454817,0.10104897028817732,0.0998015937937727,0.09842937583328859,0.12699179441659453
61,61.0,61.337714584760846,0.09655974906297321,0.0958895597995662,0.07710196459048772,0.08012048405412261,0.12242405290799285,0.10270044680988856,0.1029576477224479,0.1007087759089429,0.09730146664366356,0.12423585249991431
62,62.0,62.29703950447439,0.10642680852785963,0.09560706422104827,0.07600342360043492,0.07924788084521292,0.12349340842456605,0.09987187650578246,0.10209451336584523,0.09987271594273911,0.10022162672583557,0.11716068184067567
63,63.0,63.257461537171835,0.10686093538114327,0.09735359801756972,0.07476349863684673,0.08091090449770129,0.1231938756631528,0.10315725203337608,0.0979722903500395,0.10049972119859174,0.09995722717533932,0.11533069704623938
64,64.0,64.21926675122782,0.10287185098884227,0.1000714175338976,0.07393517508572571,0.08122695964340021,0.12008617567857716,0.10408018844522231,0.10557379406305012,0.09986164244394612,0.10015874711795605,0.11213404899938226
65,65.0,65.18269877636592,0.10065682076893546,0.10172957185762485,0.0740311084032022,0.08175327101209319,0.11884909659511474,0.10410604740010511,0.10603412824300493,0.10184122297179748,0.0982174212203998,0.11278131152772203
66,66.0,66.14796061122655,0.09959312638090312,0.10180076463438281,0.07309873067365734,0.08201368900085376,0.1195185080696182,0.10415885637338425,0.10109502525072542,0.10558262475681497,0.10104157777641201,0.11209709708324792
67,67.0,67.11521665648885,0.09864794170897567,0.10063992183231056,0.0721254549261413,0.0803812925110902,0.11912884162710849,0.10506323753150988,0.10169514712501893,0.10233972016006818,0.10523907545849728,0.11473936711927928
68,68.0,68.08459493066005,0.1021658618144019,0.09806671253089723,0.07419055192911365,0.0779440214245578,0.11746945833079736,0.10512270581791282,0.10672014226050329,0.10070874896208813,0.10485775784236218,0.11275403908736542
69,69.0,69.05618942810752,0.10103233045180048,0.09840397858032025,0.07443302578105959,0.07579253072296792,0.11279263076350675,0.10276666398886197,0.1080922511227577,0.10317573647810359,0.10434438050995656,0.11916647160066496
70,70.0,70.03006258152917,0.09872295577890369,0.10035716139668113,0.07373488432911995,0.08012626279863408,0.11236849237084304,0.09914489746430839,0.10633746541050458,0.10475590264982393,0.10668210704211768,0.11776987075906331
71,71.0,71.00624779379335,0.09751700309527728,0.09793555791270898,0.07542634727482926,0.07770984985030696,0.11031569587407888,0.10217188624348347,0.10843837768879448,0.10841060035505286,0.10594482960243733,0.11612985210303026
72,72.0,71.98475200689319,0.09560678164631302,0.10126814109425723,0.07466878928541192,0.0751120001872849,0.10673336541509684,0.10264602898321969,0.10765313654084972,0.10876298398159585,0.10707702364692873,0.12047174921904187
73,73.0,72.96555827861411,0.09223409897909447,0.10103022603745199,0.07520647360205956,0.07219281695988418,0.10863360816697301,0.10547748973050639,0.11068232867180712,0.10618225809770006,0.10901309391563674,0.11934760583888623
74,74.0,73.94862834037681,0.09165493374129921,0.10183653268138594,0.07646800179861288,0.07198837235455352,0.10662116639702247,0.10456578050629999,0.10862290923580915,0.10859371146954133,0.11045925297173359,0.1191893388437417
75,75.0,74.93390511255946,0.09104052343434194,0.10027683739411977,0.07355160521208624,0.06959078012027582,0.10977528032535448,0.10722685534155837,0.10296533932928223,0.10759191192654417,0.11645214233940732,0.1215287245770294
76,76.0,75.92131515639825,0.08954832772356226,0.1037712435008115,0.07786912584026146,0.06990022108828219,0.11026726828644619,0.11156681866435683,0.10216874130924279,0.10284592764816315,0.11179498917808399,0.12026733676078943
77,77.0,76.91077104428919,0.09163887218640432,0.10282089842990008,0.07780187418744267,0.07040409627937975,0.1084826304154033,0.10813793196225806,0.10324340846067848,0.10207916186192446,0.11621754061824552,0.11917358559836315
78,78.0,77.90217363294813,0.08929743213172012,0.10779406625019554,0.07677140644391077,0.07278730296247511,0.10895161153306387,0.10324777879574937,0.10270764710122708,0.1027101433053449,0.1162935748898151,0.11943903658649796
79,79.0,78.89541422641172,0.09184146984502026,0.10647678320041032,0.07602548123390745,0.07382882024194956,0.10877688814695496,0.10374496554200334,0.10399813727285663,0.10167816146661209,0.1147894652873165,0.11883982776296871
80,80.0,79.89037661826481,0.0952363844105889,0.10314478032459932,0.0732632672036019,0.0762757667365147,0.10757464513185594,0.10359326834308909,0.1011825008148307,0.10334724297639632,0.11285225330489322,0.1235298907536297
81,81.0,80.88693900474995,0.0958407664452928,0.1036449833173202,0.07581050495778832,0.0785764955285881,0.10632630812538943,0.10417796727206491,0.10005441110951845,0.10048962509187749,0.11169926611480627,0.12337967203735387
82,82.0,81.88497576253909,0.09673860647575892,0.10364518630472008,0.07897458622922965,0.08059235109631971,0.10227997432144756,0.10166289695962975,0.09877630468583364,0.10096036272452238,0.11121134312360278,0.12515838807893534
83,83.0,82.88435908692391,0.09672268507252381,0.10277946948432755,0.08106596630713316,0.07982900439817632,0.09936716279301556,0.10515189789146377,0.10320563109602994,0.10138590355204587,0.10823753711360103,0.12225474229168277
84,84.0,83.88496048800103,0.0948766478778854,0.10402045687277517,0.07956365903099816,0.08080120976019345,0.10334546775612521,0.10470281145824166,0.10713241657396143,0.09929531252727447,0.10312693359635784,0.12313508454618696
85,85.0,84.88665214409042,0.09962507199119779,0.10239285099021814,0.07728014778812584,0.08037962677549003,0.10536737816041182,0.10745742020258425,0.1081944366013938,0.09515988847021686,0.0997419779303351,0.12440120109002613
86,86.0,85.88930811312994,0.09982485238013346,0.10024969729265787,0.07773812876469618,0.08515740205391567,0.10422840829837815,0.10776353519633441,0.10906888175732816,0.0932987147876051,0.10237557584949498,0.12029480361945576
87,87.0,86.89280540413424,0.09750454146401652,0.09899814100984872,0.07440856051814576,0.08859764835778246,0.10399552767260219,0.10815279287130411,0.11325498995889896,0.09681798429264928,0.10232159092610563,0.11594822292864616
88,88.0,87.89702491199675,0.1001246837263173,0.09941416096402113,0.07357463139424043,0.0887590317114298,0.10458899853992541,0.11119508898952472,0.11150273809225414,0.09682980530643173,0.10097706767520004,0.11303379360065507
89,89.0,88.90185221995306,0.1015113858947083,0.09826910644446676,0.07268442833865524,0.08824748974612615,0.10508766549251229,0.11288525518761275,0.11203122300183153,0.09523631753564314,0.10015083875044416,0.11389628960799948
90,90.0,89.90717827491419,0.10068027872341653,0.09898144632994738,0.06954395047180707,0.09041399192263164,0.10408312375073696,0.11222232023501175,0.11037780131685147,0.09194022059503738,0.1069479143942257,0.11480895226033394
91,91.0,90.91289994163006,0.09722131828543652,0.10094156903168737,0.07327622343127971,0.0899160893019845,0.1028595315172609,0.11113536573434486,0.10799653866348767,0.09434147452333869,0.10400735068512593,0.11830453882605368
92,92.0,91.91892044225806,0.09201098200754455,0.1009108634000117,0.07400282133021302,0.09221493725387064,0.10354439686249088,0.11046050095742388,0.10743634103948287,0.09612424386605763,0.10651775684032828,0.11677715644257634
93,93.0,92.92514968840067,0.09361506402529916,0.10329427551268437,0.07376431679676379,0.09109726955347071,0.10354140182914387,0.10785446407356743,0.10636354629096055,0.09707955635345307,0.10538972700701468,0.11800037855764216
94,94.0,93.93150451304501,0.09488933888845877,0.10529529154527945,0.07360989658465449,0.09163611441329272,0.10027783639403895,0.1109351933719192,0.10670937254956615,0.09686379752912908,0.1044065801792216,0.11537657854443939
95,95.0,94.93790881009448,0.096608570606795,0.10659835253585552,0.07485969612337859,0.09244892224684545,0.10261815415955684,0.10980150001251415,0.10569912656040259,0.09441755197072049,0.10512311613425962,0.11182500964967153
96,96.0,95.94429358933806,0.09287629127044829,0.10558695205379719,0.07586635134501085,0.09641402828594331,0.10074976968694359,0.11302137182796529,0.10486129770441972,0.09621478628155315,0.10734542707298451,0.10706372447093387
97,97.0,96.9505969547639,0.09514854092998401,0.1117486010885451,0.07652786199827853,0.09251655502665578,0.09783459187908962,0.11030277647471604,0.10510597479496901,0.09692659829196662,0.10540107892773279,0.10848742058806228
98,98.0,97.9567640140995,0.09274399479512438,0.111607206658103,0.07570842425720027,0.09239989043204415,0.09851727805398491,0.1084870885392978,0.10688158731234638,0.1012733252189857,0.10254517789102655,0.10983602684188665
99,99.0,98.96274672736057,0.09063384290190568,0.1150035895481595,0.07650226995305213,0.09139420656592785,0.09792110852604222,0.10059827583945334,0.10829635238344391,0.10167484374414093,0.10645182168066966,0.11152368885720457
100,100.0,99.96850370202192,0.09109527985986177,0.11394302902689679,0.08075493479475879,0.090401038210803,0.09698188645743057,0.0927923616511988,0.11092802183039698,0.0998954715311346,0.10942532639216496,0.11378265024535358
101,101.0,100.97399994219691,0.09055547959120513,0.11021992052339318,0.07964527607056614,0.09288420652732093,0.09575248052261673,0.104623922282788,0.10711535414666819,0.09994063408805039,0.10951559082124404,0.10974713542614709
102,102.0,101.97920655893245,0.09303668208327388,0.10915945123261353,0.07503256133528224,0.09539991496939372,0.0942496629470224,0.1037395494349844,0.10702068000064745,0.10101233380444716,0.10909319713563805,0.11225596705669699
103,103.0,102.98410044840509,0.09137973610764934,0.11158668045581117,0.07410826869468742,0.09392200589390728,0.09840009468314855,0.10523316274789812,0.10605367521593548,0.10003824874680114,0.10841683814280273,0.11086128931135855
104,104.0,103.98866394444643,0.0928875034432878,0.10902834218227529,0.07646449808203744,0.09529401910075959,0.09666362809676761,0.10283768283608342,0.1028448774694609,0.1036469257874881,0.10855314223371552,0.11177938076812408
105,105.0,104.99288445143917,0.09386956084205644,0.10491299015808106,0.07596452182786166,0.09555944544691887,0.09373056292322736,0.1096312463930612,0.10132123343455542,0.10228869534888849,0.11124460611616564,0.11147713750918366
106,106.0,105.99675406321822,0.095706476783533,0.10294002672029653,0.07949140468641357,0.09663346457251944,0.09675812896508444,0.10811609136345068,0.09671192855854431,0.10403899573737774,0.10926375579469737,0.1103397268180827
107,107.0,107.0002691731872,0.09685096769796168,0.10041001198710896,0.08034118299626938,0.09477376214504898,0.09475699310507224,0.10870137133781978,0.10138504285295792,0.10253122017628122,0.10714418165280068,0.11310526604867895
108,108.0,108.0034300804274,0.09714987990320353,0.09974481309808372,0.07848850927803219,0.09349745599618373,0.09706529017705963,0.10688539873948184,0.10129740965904745,0.10534757886844325,0.10783804688444505,0.11268561739601937
109,109.0,109.00624059613932,0.0928330440322411,0.10012165046223061,0.07705490685249622,0.09490190704298473,0.0985119682298551,0.10684955193016328,0.1001100375183546,0.10503838183839669,0.10790200143235601,0.11667655066092139
110,110.0,110.00870765431864,0.08836919351194268,0.1013529893882349,0.07848318135465118,0.09287156150022496,0.09918711030006767,0.10530594947315185,0.10296022802356673,0.10165523467901039,0.11108340166159886,0.1187311501075505
111,111.0,111.01084093013685,0.08498689541589814,0.1010810874845719,0.07816466661482564,0.09490276750477208,0.09889389009470029,0.1109758962470761,0.10162326665752502,0.10474038058621718,0.1089996093301962,0.1156315400642172
112,112.0,112.01265246907188,0.08196590638805412,0.09792943611446049,0.0775673493343996,0.09279956949344756,0.09880003535843,0.1101371338188278,0.10303477659425682,0.1073036183683846,0.10860874604309825,0.12185342848664055
113,113.0,113.01415632942268,0.0833375277136607,0.09635616715615414,0.07923518111980728,0.09320822782162137,0.09440890266196865,0.10603275310407831,0.10219072888633797,0.10831993017418141,0.11045187787790206,0.1264587034842879
114,114.0,114.01536824044418,0.08254276381807134,0.09418085180273836,0.08063470883775926,0.0915047420750332,0.09729884147851942,0.10682594357673748,0.10200815617890695,0.10535851903061728,0.11024375444091244,0.12940171876070403
115,115.0,115.01630527795908,0.08361857781414728,0.09137668927483221,0.08712044700658138,0.09321396973196402,0.10048572929130192,0.10454650624894958,0.10160128598364829,0.10391772849994022,0.1066459460875802,0.12747312006105463
116,116.0,116.0169855589429,0.08304134977269313,0.0914816289430574,0.08560001724346739,0.09226677637726576,0.10044505907291273,0.1026935292291518,0.09952047839027915,0.10552993170738954,0.10658747330642418,0.1328337559573586
117,117.0,117.01742795623892,0.08695620974771906,0.09259758554717377,0.08700721758637563,0.08704540376875715,0.10024171724908358,0.10284810227694045,0.09770767547061526,0.10433806538612916,0.10916788994751705,0.13209013301968853
118,118.0,118.01765183424293,0.08829518105794243,0.09439124203406131,0.085930942985427,0.0881695689523706,0.10027780513953177,0.10580652252931294,0.09678406909906524,0.10229713504219275,0.10592678631858396,0.13212074684151168
119,119.0,119.01767680610413,0.08732884583677494,0.09261046165219516,0.08474554490439283,0.08919648262586191,0.09907509941173633,0.10500063225748349,0.09800962822902526,0.10335761198836593,0.11012091361090322,0.1305547794832606
120,120.0,120.01752251271817,0.0894134583164453,0.09596307875169273,0.08373831306345765,0.08931348665024084,0.0964678110276948,0.10590653597374383,0.09777298499984752,0.10030894447627713,0.1084001158729176,0.13271527086768226
121,121.0,121.01720842354362,0.08618272999656687,0.09897341837802358,0.08057157321916328,0.08760189057458814,0.09770866102539466,0.10816285120618312,0.09633125810301407,0.09708862537521337,0.10935045552133615,0.13802853660051642
122,122.0,122.01675365905109,0.08759957492869527,0.10141572190765925,0.0775026319778298,0.08529034688802015,0.09537967208677792,0.11164476673515569,0.09834177967945294,0.09422757735108908,0.10906720732101186,0.1395307211243077
123,123.0,123.0161768344173,0.08407067239163127,0.10336435494262414,0.07915943613711553,0.08675589188978088,0.09139267975634545,0.11142024176752056,0.10401280184418793,0.09606051863465731,0.10527317073479732,0.13849023190133927
124,124.0,124.01549592390272,0.08653848056085775,0.10369605298751539,0.07724934017709292,0.0896562741780112,0.09326043651547652,0.10744881459637529,0.1026718744321321,0.09559519565708233,0.10495393614327403,0.1389295947521821
125,125.0,125.01472814520056,0.08433546098971043,0.10902827760243611,0.07823960061737194,0.09013846591749805,0.09603162987587838,0.10404558959158958,0.10141223403931571,0.09436974725208837,0.10585410503583635,0.13654488907827478
126,126.0,126.01388986291661,0.0843345597027226,0.11474243530775388,0.0799712766804053,0.08772852142545487,0.09793160693199382,0.10782983802997848,0.0997826680765194,0.0939340259762857,0.10219143662075461,0.13155363124813102
127,127.0,127.0129965102319,0.08685169471580399,0.11648399811425669,0.08293840554201329,0.08381157515403584,0.09658467482718863,0.10811401400180087,0.09812919272432291,0.09362159910641163,0.10353189083853381,0.129932954975632
128,128.0,128.01206252771334,0.08732415685662906,0.11886646070739439,0.0832882838921683,0.08589182241824635,0.10207271632899229,0.10306935879102543,0.09884031283070494,0.09146547379690155,0.1026560940599806,0.12652532031795677
129,129.0,129.0111013181695,0.09090469281104058,0.11570570441094018,0.08417064975351236,0.08973054871569283,0.10016677714103019,0.10701032167526589,0.09470536881153001,0.0882358044035104,0.10276592228304719,0.12660420999443003
130,130.0,130.01012521639834,0.0864351892857288,0.11720475046381156,0.08356354302368695,0.09173296313726212,0.10314817532248255,0.10761198028468924,0.10022170586502141,0.08506024570657543,0.10129210592668302,0.12372934098405865
131,131.0,131.0091454726403,0.08360921101187638,0.12127886155164468,0.0842516436067668,0.09480748903454349,0.10821908559934353,0.10745780388603161,0.09914284682782908,0.08377552859062096,0.097983521295962,0.11947400859538121
132,132.0,132.0081722485317,0.0779111014823096,0.12326181670360646,0.08073882743982322,0.09212788600680188,0.11190841868279011,0.11019272438992851,0.09616652054588522,0.08468308420886805,0.10731660539592561,0.11569301514406106
133,133.0,133.00721462434865,0.07230369189087642,0.12298884764413108,0.07901185025355695,0.09046729099477545,0.11256793648129979,0.11148194286470023,0.09735884068562066,0.08999861260676274,0.10849379318600033,0.11532719339227611
134,134.0,134.0062806163404,0.07019906912290523,0.11991250683524479,0.07617945204461224,0.08919588874390093,0.11465856522497303,0.10830715236409204,0.10053294845292762,0.09075529820785803,0.1141796093541394,0.11607950964934645
135,135.0,135.00537720296956,0.0735611741339048,0.1157111197576795,0.07416950222014228,0.08899195539869087,0.11414790288495559,0.11062482748887456,0.09948321969150101,0.08949678215257045,0.11467982732548758,0.11913368894619311
136,136.0,136.00451035890612,0.07818459754114841,0.11072871656863573,0.07522183737543166,0.08831093725119338,0.1107698315930381,0.10781785572592782,0.09962018686833614,0.09265987333262496,0.11846591916691611,0.11822024457674744
137,137.0,137.00368509565993,0.07961519445243069,0.11390888696148649,0.07609961187184598,0.0846227295763589,0.11308820557050048,0.11104934741006184,0.10398001468573273,0.08909382200945373,0.11684881613384455,0.11169337132828436
138,138.0,138.0029055077818,0.08235505788644425,0.11567685089303967,0.07389513134506523,0.08806893858701142,0.11244285163297034,0.11420119897754827,0.09989047550257743,0.08527484663391557,0.11511249175830088,0.11308215678312666
139,139.0,139.00217482361367,0.08278219974179633,0.11619698926216576,0.07742065635617987,0.08985898139560047,0.11135908422654664,0.11914380929417863,0.09826088232071387,0.07911391863808967,0.11165091458605962,0.11421256417866886
140,140.0,140.0014954596262,0.08340172082789614,0.11737874406680872,0.07488193693992355,0.08734845520602405,0.11329225545952,0.12064720357923397,0.0978188433743098,0.07655895797360128,0.11019028802753189,0.11848159454515032
141,141.0,141.00086907744122,0.08678084639560907,0.11555027961973047,0.07005966186501214,0.08490124673577752,0.11620523679075767,0.11709793913956267,0.10063115568334163,0.07807329523097761,0.11292097856485966,0.11777935997437133
142,142.0,142.0002966427003,0.08304045744769535,0.11771485386218983,0.06531901767894176,0.08657220417362214,0.11493821805797409,0.11696882955828598,0.10648317760288623,0.07951123133451245,0.11386964002856405,0.11558237025532794
143,143.0,142.99977848500652,0.08172926165863303,0.11718177832429352,0.06805501785792778,0.08598930384798338,0.11455859752140213,0.1151710195171716,0.11048663096132813,0.07853481584450851,0.11309858216650044,0.11519499230025129
144,144.0,143.99931435823203,0.07904022676158538,0.11976563320837486,0.06930422821579263,0.0840083900815882,0.11123452652173364,0.11480535941667597,0.10789929648273679,0.08079235867292872,0.1161370870189671,0.11701289361961652
145,145.0,144.99890350055264,0.07383031372856738,0.12119631427225375,0.06955454484628064,0.08808613918770282,0.10938879182893191,0.11757015007720847,0.10887308359380696,0.07990091610508984,0.11828508751476363,0.11331465884539443
146,146.0,145.9985446936357,0.07163375338509367,0.1231866863654029,0.06680386885188232,0.08719494087347834,0.10839566967927408,0.12052602457062492,0.10893296155610044,0.08025393673544486,0.1195848929218683,0.11348726506083003
147,147.0,146.99823632047406,0.07134994244793379,0.12088017329867545,0.07313383806882413,0.08326247580064645,0.10315049562708191,0.12135126435827322,0.10666702450412407,0.08618678933784174,0.12155807932661722,0.11245991722998187
148,148.0,147.99797642142389,0.06987500267754272,0.12624677500248346,0.0761893783503975,0.0859037974672109,0.09781113210280513,0.12028976870919326,0.0993038630943911,0.09020559668936037,0.11925619422579609,0.11491849168081926
149,149.0,148.99776274806447,0.06722802207056536,0.12741416751611184,0.07867566038418218,0.08870656361098105,0.09860458607544981,0.11849519360759111,0.09555719044716376,0.08896309939806535,0.12226676466722278,0.11408875222266655
150,150.0,149.99759281456036,0.07193236734871179,0.12710474190275847,0.08408321247708789,0.08631747561070979,0.0946011989512094,0.12005373814865068,0.09087837448790334,0.0884521798432781,0.12185901464297848,0.11471769658671184
151,151.0,150.99746394626104,0.07325668117192391,0.1279329031692249,0.08726607358497454,0.08894131924881706,0.09635775028532806,0.11743623829534029,0.08563739509928499,0.08654349211015766,0.12026488447724372,0.11636326255770471
152,152.0,151.99737332532905,0.07339560691784788,0.12153009377708315,0.08677853475945993,0.08723818057055363,0.10012272705836808,0.12024928944396215,0.08552165122410837,0.08665588077941634,0.11817654239815416,0.12033149307104611
153,153.0,152.99731803323698,0.0749036981678804,0.12390645172958678,0.08203246771342221,0.08531257223593794,0.101716522608929,0.11830227209057359,0.08706327882698942,0.08533391230327587,0.12030186695065312,0.12112695737275153
154,154.0,153.99729509002177,0.08072615400322788,0.12372518896750144,0.08080215315941856,0.0837075891555142,0.10176859554600362,0.11408216080594863,0.08906801444156955,0.08535745225815491,0.11676172172257562,0.12400096994008543
155,155.0,154.99730149022784,0.0794458651718167,0.12359987783001315,0.08285264668770591,0.08554286761815914,0.10219705147807921,0.10850404975864196,0.08990043512343301,0.08654473880116839,0.11667381314854995,0.12473865438243244
156,156.0,155.99733423551103,0.0790155282480681,0.12310229203226626,0.0825704375373869,0.08753426716918186,0.1030526485584486,0.10614976719954186,0.08983443662292201,0.08823933977342834,0.11802737612684665,0.12247390673190929
157,157.0,156.99739036391077,0.08183316858371426,0.12346056650219213,0.08250933667651235,0.08640040439735892,0.10362300182415063,0.10090880719240855,0.0952139131570564,0.08925289341782416,0.11838888979518392,0.11840901845359854
158,158.0,157.99746697583146,0.0844605266027354,0.127412930687484,0.07756876508652559,0.08542184044016508,0.10075453875261178,0.10325847228334838,0.09443724483867212,0.0913454822044957,0.11693198373250213,0.11840821537145965
159,159.0,158.99756125680176,0.08283266310478087,0.125942601813932,0.08148206481969175,0.08372317045933374,0.10031625512190764,0.0987921898142315,0.09941676234250432,0.09102908896595588,0.11523318608285354,0.12123201747480859
160,160.0,159.997670497107,0.09280650257309528,0.12537127346839755,0.07752651438698699,0.08000031111315531,0.10370003759184107,0.09480445824566798,0.09903042482756887,0.09500098051032656,0.11202749469013618,0.11973200259282402
161,161.0,160.99779210841066,0.09451384333667867,0.1188053957273841,0.07723958937192528,0.08525622120360388,0.10132765836465837,0.09305405756231822,0.09732779800982193,0.09788177390446752,0.11553993401722051,0.11905372850192132
162,162.0,161.99792363749984,0.09452438565928423,0.1171500794651715,0.0764633985604859,0.08517196259497008,0.10511807854186153,0.09545737324559134,0.09677133029850288,0.098917125692427,0.11501913811347836,0.11540712782822704
163,163.0,162.9980627773051,0.0941948483943287,0.11825547749335742,0.07158388246555959,0.09152795529896046,0.10283396143510247,0.09507008921463882,0.09680586797600746,0.10091544425277152,0.11321203113899395,0.11560044233027947
164,164.0,163.9982073753568,0.09241285162383364,0.11584568441793558,0.07159378726143771,0.09244752169364824,0.10585881276453984,0.09325526552337263,0.09637511619695201,0.10300994795306088,0.11101163553859641,0.1181893770266229
165,165.0,164.99835543984977,0.10190153233563244,0.11315647921417078,0.0694171788599734,0.0926238151538015,0.1043430796398839,0.0926446413682061,0.09636140164972871,0.10076373048341027,0.10720083073980538,0.12158731055538739
166,166.0,165.99850514349492,0.10558593926821434,0.1138387915596901,0.06475466630484841,0.09067540427781769,0.10625271424843348,0.09089246775992799,0.09871989993004288,0.1005341504469473,0.10686767596398751,0.1218782902400902
167,167.0,166.99865482534062,0.10455447165961071,0.11427386105960864,0.06598284457324442,0.08958352552667384,0.11142614058539219,0.09195977839315353,0.09680651358437112,0.09606334414077217,0.10714668834704191,0.1222028321301314
168,168.0,167.99880299074837,0.10278324195112079,0.10808068170719139,0.07310975994888541,0.09064421268064352,0.11082614958143538,0.0954070936583846,0.0960069662376633,0.09764045959842499,0.1055260241261998,0.11997541051005076
169,169.0,168.99894830970783,0.09864274519739233,0.11002833759491656,0.06950090837926035,0.0901990506035763,0.10697504817161661,0.09778319660923457,0.09726466953630505,0.1004001147006027,0.10217379365395374,0.12703213555314177
170,170.0,169.99908961367427,0.0971245771781137,0.11274609716593484,0.06511401441010464,0.0889199270934251,0.10677641103833047,0.09811580070231016,0.10019719590314119,0.0990541718588898,0.10006353671891556,0.13188826793083455
171,171.0,170.99922589110733,0.09925948586842509,0.10882094661338629,0.060814669693763465,0.08958557719797078,0.10934168105460557,0.10198194724944519,0.1020889315558324,0.09581658055429054,0.09818044285272298,0.1341097373595577
172,172.0,171.99935628188598,0.10240371371592269,0.10712847372169113,0.060318340143497934,0.08808992408594417,0.11161625799477455,0.10326070353202332,0.10255079260186803,0.09539945824160226,0.0981673629348063,0.13106497302786957
173,173.0,172.99948007076793,0.10334672167430131,0.10967188372804179,0.05867254115031144,0.08546243784792916,0.11364156982253326,0.10347604865066674,0.09932096667591533,0.09089915789555875,0.09639051393116961,0.13911815862357255
174,174.0,173.99959668005403,0.10376826707089146,0.11151215213423901,0.05978028015149632,0.08550830537422063,0.11582219818998009,0.10299715480053034,0.09802530828002012,0.09348611621487038,0.09073340905843727,0.13836680872531434
175,175.0,174.99970566161096,0.09878633414275999,0.1136099589306932,0.05851088196660453,0.08128686714850039,0.11324463472870362,0.10396117675671598,0.0945241063415985,0.09881008089783348,0.09610364163056404,0.14116231745602625
176,176.0,175.9998066883961,0.10048475792814714,0.1108341904186537,0.05476358723319832,0.08339068921410997,0.11337729305252567,0.10658035594483513,0.09052705935060226,0.09782803469770412,0.09523931711412223,0.1469747150461015
