Generations,Unnamed: 0.1,Intertwine_two,Add_vertex,Delete_vertex,Invert_path_vertices,Insert_inside_vertex,Delete_inside_vertex,Replace_inside_vertex,Donate_between_routes,Trim_one_terminal_cb,Grow_one_terminal_cb
0,0.0,0.1,0.1,0.1,0.1,0.1,0.1,0.1,0.1,0.1,0.1
1,1.0,0.1013888727653206,0.0962352311851374,0.1003867757913961,0.0985105091168141,0.0984986548521098,0.101204814137457,0.1017402574185149,0.1008032316766634,0.1017938017466207,0.0994378513099655
2,2.0,0.1003800196795147,0.0934344450840012,0.1001707639444007,0.0995924103965558,0.0983641907019376,0.1034822030274518,0.1022121007031799,0.1002948225334296,0.1035340755037818,0.0985349684257463
3,3.0,0.0994076079186018,0.091880366456901,0.097330092796694,0.1015337443476992,0.0989934630917776,0.1037980741974356,0.1022979445332024,0.1014137798496229,0.1052585605262001,0.0980863662818649
4,4.0,0.0998442468514427,0.0891189106111037,0.0971237061922328,0.101264961050517,0.0981033966585637,0.1031622911794761,0.1047079810168282,0.1010644377238694,0.1067258333389722,0.0988842353769937
5,5.0,0.1003943907677262,0.0853974121869851,0.0972022300661765,0.102103192845628,0.0962261844255299,0.1063570133570979,0.105726903364558,0.1022840249143276,0.1082246014634708,0.0960840466084995
6,6.0,0.1005719785248612,0.0832106348025208,0.0967650669886897,0.1038978479810223,0.0941477194905118,0.1071702237976868,0.1064974013149087,0.102957718276442,0.1076669520958893,0.0971144567274669
7,7.0,0.1017100722961888,0.0807768203106399,0.0944706605033482,0.1043044611483176,0.0947223456053928,0.1051883281618138,0.1106528325640963,0.1039527615713659,0.1069733384751566,0.0972483793636795
8,8.0,0.1019735195801591,0.0801228422841925,0.0937946782912522,0.1028966828349035,0.0958252358753813,0.1065309518845993,0.1108931802410475,0.1041789304968622,0.104734970231292,0.0990490082803098
9,9.0,0.1029137754982804,0.0768062384802139,0.0913353978682528,0.1054447068366354,0.0969079633697864,0.1097222684868322,0.1095981948874443,0.1049711560763431,0.1053504743365451,0.0969498241596658
10,10.0,0.1018871836728767,0.0744993275452535,0.0887733202876322,0.1058420011542215,0.0987678033494488,0.1097330434823306,0.1105658069173515,0.1047950763616577,0.1033740587908639,0.101762378438363
11,11.0,0.1018460737467178,0.0730605970261577,0.0885696835628391,0.1061205827104225,0.0987201850234732,0.1109940926067198,0.1126985000173103,0.1049741133599573,0.1032171539770894,0.0997990179693122
12,12.0,0.1015773378598488,0.0713270596965918,0.0873641674826971,0.1064562196281782,0.1002129719753655,0.1116989227252658,0.1113205225244464,0.1055776143042298,0.1022054627582931,0.1022597210450828
13,13.0,0.0995598784751148,0.0716823896689705,0.0883526515600265,0.1046257992479867,0.0998025247706505,0.1136177600837946,0.1125885205509558,0.1062160635836589,0.1003440046288192,0.1032104074300218
14,14.0,0.1024602107586658,0.0676431962008811,0.0859595476791794,0.1000717892924501,0.1022431684983366,0.1138923339831893,0.1105697660014152,0.108264941903019,0.104159263488227,0.1047357821946359
15,15.0,0.1007382636585556,0.0651786865005874,0.0813162510029407,0.0990237417074702,0.1060529527879668,0.1178713545877249,0.1124711217673541,0.10679761476959,0.1043490705825376,0.106200942635272
16,16.0,0.1008533400369105,0.0661426429455671,0.0786387931834344,0.0974758944425685,0.1060897131775471,0.1181707768371636,0.1161406036182101,0.1047311164066162,0.1040155693334665,0.1077415500185153
17,17.0,0.0985000938027333,0.0664916354627867,0.0739416254691197,0.0967188586906944,0.1088105505092147,0.1184085940362365,0.1236211120593558,0.1019580232018703,0.1021185465512073,0.1094309602167806
18,18.0,0.0943764732479612,0.068414059564828,0.0755009119518792,0.0957871329873752,0.1101421620638458,0.1179626936427986,0.1244251744504988,0.1023756092196215,0.1008562726110059,0.1101595102601851
19,19.0,0.0911310182810381,0.0733440016842795,0.0725134138251512,0.0948579969471209,0.1088039512690334,0.1212123566514986,0.1252216940980894,0.1047816629484131,0.1006302444195914,0.1075036598757837
20,20.0,0.0906961109087421,0.0718551952193815,0.0689029268682293,0.0956464983794177,0.1095728967709836,0.1217255420831325,0.1265113887874941,0.1061993262539637,0.1009209450329909,0.107969169695664
21,21.0,0.0943281815954027,0.0709526516974943,0.0634531268416623,0.0972499644899092,0.1131283749944276,0.1199779646735836,0.1273114035740545,0.1060788911013919,0.100258178424466,0.1072612626076073
22,22.0,0.0912933577045111,0.074578961263527,0.0633137555006158,0.0962726017677488,0.1140284057806248,0.1185833567147415,0.1253870835215105,0.1058286927915905,0.1006894983824878,0.1100242865726415
23,23.0,0.0882192378718356,0.0736989853371605,0.0656484184462184,0.1003795456349753,0.1152430075759437,0.1167461689374171,0.1239356749409884,0.1068703879881911,0.0996688825874095,0.1095896906798598
24,24.0,0.0855937607061463,0.0736443896273475,0.0637970521144153,0.1032463238193247,0.1167500037736752,0.1151480132031353,0.1225371800070792,0.1059822903670849,0.1007744881772536,0.1125264982045373
25,25.0,0.0828577258027585,0.0734362054660627,0.0654245496483057,0.1054995251805308,0.116724867295279,0.1127277607312143,0.1180806475312408,0.1084846556332776,0.1003727215257708,0.1163913411855591
26,26.0,0.08129516066179,0.0765135813369256,0.0647104356050369,0.1062245183449478,0.1159911042130608,0.1119173642503414,0.1174241177834774,0.1078261400962618,0.100425215228861,0.1176723624792965
27,27.0,0.0819465519934496,0.0764951312253425,0.0651790643532541,0.1056662168112483,0.1157631002460346,0.1108999987827464,0.1174239749976058,0.1043913640174891,0.1055050844218823,0.1167295131509463
28,28.0,0.0786345053065814,0.0777840851054397,0.0638970191072444,0.1043673576478703,0.1156233222116021,0.1108815490869111,0.1199666079542706,0.1078229377615484,0.1056238694180639,0.1153987464004673
29,29.0,0.077589398598433,0.0806285714580533,0.0638035227866227,0.1009437337912703,0.1201225245551933,0.1115935603347951,0.1180479581978967,0.104327589439209,0.1047256577793908,0.1182174830591348
30,30.0,0.0786995251409951,0.0831884838987545,0.0656662918508585,0.0978329883988972,0.1189213117573477,0.1110346541325658,0.1144464028965745,0.104388620750226,0.1055244936304031,0.1202972275433768
31,31.0,0.0786557226970383,0.0844891651318569,0.0670781780342994,0.0982014400039703,0.1174211496851672,0.1119519053778226,0.1106075488593039,0.1039637714690011,0.1076619488825844,0.1199691698589552
32,32.0,0.0767705976022502,0.0881294740831393,0.0674461383970791,0.0972228169204351,0.1187151504018768,0.1100646692688704,0.1117506593186155,0.1039241458402059,0.1069610663893454,0.1190152817781815
33,33.0,0.0760482721661525,0.0938151606840501,0.067859548909877,0.0982374272553193,0.1176299732313994,0.1091431737805862,0.1122879827868728,0.1015892709792317,0.104026932644171,0.1193622575623392
34,34.0,0.0759163729521018,0.0958237850206979,0.069814542468953,0.0966901766329793,0.1157095234446285,0.1113475794995475,0.1101402243841147,0.0996787120562694,0.1050169628506449,0.1198621206900623
35,35.0,0.07697824999281,0.0992401331081301,0.0694781087623853,0.0963526256499077,0.1153137419895506,0.1148602272175736,0.1072542720385794,0.097041817841172,0.1049822750064153,0.1184985483934754
36,36.0,0.0788851899674309,0.0983792555507099,0.074439043315675,0.0950087934699446,0.1147583522825629,0.1110616589070319,0.1056773010981003,0.098449760162377,0.1038701006078263,0.1194705446383405
37,37.0,0.0806017991868182,0.0975878031952056,0.0727757585516408,0.0961709217330703,0.113202240689065,0.1089119348636155,0.1050710774927105,0.0996151485434991,0.1045554144777524,0.121507901266622
38,38.0,0.0876705021187947,0.0985410219046862,0.0708795845502677,0.0962137715234193,0.1120256250227216,0.1063579206789158,0.1039057723815763,0.0958159393742699,0.1065598270800033,0.1220300353653446
39,39.0,0.086885499329878,0.0990122660546009,0.0701715094727339,0.0994376096952775,0.1126196118887641,0.1039095638406035,0.0999181611919803,0.0988554519514926,0.1093214149461907,0.119868911628478
40,40.0,0.0890624604578861,0.0991318073997457,0.0686007741662424,0.0968141939578193,0.1137186739136321,0.1030850191855599,0.1014373085288581,0.0995859606266831,0.1085804306610815,0.1199833711024913
41,41.0,0.0908200359377459,0.0969056598731371,0.0679108366021456,0.097187578854292,0.1108520520870483,0.1068925238468505,0.1032631965434381,0.0974979674149953,0.1097650182966017,0.1189051305437449
42,42.0,0.093092687860458,0.1004050080792095,0.0651178183130399,0.0939575867504042,0.110892846010421,0.1073912504607653,0.1010621021297129,0.0985160294590393,0.1075727846256566,0.1219918863112925
43,43.0,0.0945883079487908,0.0981425794075002,0.068048487950802,0.0933094957098872,0.1126964943489362,0.108026961051661,0.0987584845997622,0.0984960024396637,0.1059390018767692,0.1219941846662269
44,44.0,0.0952917496995312,0.1002236008699642,0.0684187219075357,0.0976872890493105,0.1147144318301085,0.1054001181239745,0.0973774350434279,0.0962762627852772,0.1043708185640519,0.1202395721268177
45,45.0,0.0944208004742436,0.0988750839070515,0.0686515112596681,0.0995131290360165,0.1146035944431796,0.1063913491889978,0.0978096628786046,0.097736188966601,0.1036929851100501,0.1183056947355866
46,46.0,0.0946889417204249,0.099651219706263,0.0685360858378393,0.096572014428701,0.1168621092840068,0.1052848357515333,0.0962198041343028,0.0971259500486198,0.1061176257669864,0.118941413321322
47,47.0,0.0974814878232436,0.1016966157131447,0.0674918338433222,0.0949518359364014,0.1136031385601065,0.1056700718836942,0.0961165486050202,0.0954182967718559,0.1068564401249528,0.1207137307382579
48,48.0,0.0964386003441187,0.101933753707401,0.0694243223028194,0.0984545729449406,0.1153171991201045,0.1052661934940586,0.0932258341739066,0.094383131130643,0.1050308141371865,0.1205255786448205
49,49.0,0.0954770883944607,0.1035655802771792,0.0683081188886616,0.0999510770511397,0.1121857324669371,0.104146817055494,0.0964728906516977,0.0959175088790404,0.1054847990883886,0.1184903872470004
50,50.0,0.0946458496225293,0.104430231625962,0.0712069686453962,0.0979785957998991,0.1156305793827194,0.102536149040584,0.097144226323729,0.0942039069334597,0.1029390872166267,0.1192844054090938
51,51.0,0.0924920291545768,0.1075864489502393,0.0722139243931806,0.0963154947260683,0.1147709263863085,0.1052615591944433,0.0944304072823726,0.0963799702549942,0.1008926523023979,0.1196565873554177
52,52.0,0.0930016844199371,0.1067807553555154,0.0707852838646482,0.0960858858646423,0.1155151897728462,0.1046750605146301,0.093871613806306,0.0984535785411244,0.1029812058525859,0.1178497420077638
53,53.0,0.0924924655729334,0.1111556567504984,0.0709167416930192,0.0937469866054605,0.118977104066353,0.1052283079828299,0.0896761854934633,0.0981101735976631,0.0999367759387595,0.1197596022990192
54,54.0,0.0953521098807958,0.1081191977753818,0.0714713649775027,0.0918406034172926,0.1158292185994245,0.1053202603703488,0.0920428566427897,0.1011305177035837,0.0998398755736984,0.1190539950591814
55,55.0,0.0966009981511153,0.1027991356054038,0.074042355348718,0.0898096503669014,0.1177796657301932,0.1037842965167283,0.0912952065864764,0.0993638886202656,0.1010546861841037,0.1234701168900938
56,56.0,0.0962836945467154,0.1008345307545102,0.0729260117262452,0.0889445045424918,0.120239022846656,0.1024460836564726,0.0957718056447792,0.0959016105298565,0.1016785678461624,0.12497416790611
57,57.0,0.0962153090355265,0.099410527619526,0.0761844958266882,0.0854434331551779,0.123744701993176,0.0987620569588974,0.0939829454663594,0.0976348116558196,0.1018488745457492,0.1267728437430792
58,58.0,0.0937164754504766,0.0999716136380247,0.0796991981715897,0.085917039954378,0.1256404455503965,0.0987079119299684,0.0969183306795912,0.09614571057901,0.0976991870717777,0.1255840869747866
59,59.0,0.0941057022507029,0.0977770736912812,0.0787880944589414,0.0859224433235408,0.1261338372159881,0.0994261813147175,0.0979290914564467,0.0968563936471736,0.0962349268947859,0.1268262557464213
60,60.0,0.0960859274413072,0.0964419813583279,0.0763820324296567,0.0823439051784881,0.1237551794458384,0.0987192398145481,0.1010489702881773,0.0998015937937727,0.0984293758332885,0.1269917944165945
61,61.0,0.0965597490629732,0.0958895597995662,0.0771019645904877,0.0801204840541226,0.1224240529079928,0.1027004468098885,0.1029576477224479,0.1007087759089429,0.0973014666436635,0.1242358524999143
62,62.0,0.1064268085278596,0.0956070642210482,0.0760034236004349,0.0792478808452129,0.123493408424566,0.0998718765057824,0.1020945133658452,0.0998727159427391,0.1002216267258355,0.1171606818406756
63,63.0,0.1068609353811432,0.0973535980175697,0.0747634986368467,0.0809109044977012,0.1231938756631528,0.103157252033376,0.0979722903500395,0.1004997211985917,0.0999572271753393,0.1153306970462393
64,64.0,0.1028718509888422,0.1000714175338976,0.0739351750857257,0.0812269596434002,0.1200861756785771,0.1040801884452223,0.1055737940630501,0.0998616424439461,0.100158747117956,0.1121340489993822
65,65.0,0.1006568207689354,0.1017295718576248,0.0740311084032022,0.0817532710120931,0.1188490965951147,0.1041060474001051,0.1060341282430049,0.1018412229717974,0.0982174212203998,0.112781311527722
66,66.0,0.0995931263809031,0.1018007646343828,0.0730987306736573,0.0820136890008537,0.1195185080696182,0.1041588563733842,0.1010950252507254,0.1055826247568149,0.101041577776412,0.1120970970832479
67,67.0,0.0986479417089756,0.1006399218323105,0.0721254549261413,0.0803812925110902,0.1191288416271084,0.1050632375315098,0.1016951471250189,0.1023397201600681,0.1052390754584972,0.1147393671192792
68,68.0,0.1021658618144019,0.0980667125308972,0.0741905519291136,0.0779440214245578,0.1174694583307973,0.1051227058179128,0.1067201422605032,0.1007087489620881,0.1048577578423621,0.1127540390873654
69,69.0,0.1010323304518004,0.0984039785803202,0.0744330257810595,0.0757925307229679,0.1127926307635067,0.1027666639888619,0.1080922511227577,0.1031757364781035,0.1043443805099565,0.1191664716006649
70,70.0,0.0987229557789036,0.1003571613966811,0.0737348843291199,0.080126262798634,0.112368492370843,0.0991448974643083,0.1063374654105045,0.1047559026498239,0.1066821070421176,0.1177698707590633
71,71.0,0.0975170030952772,0.0979355579127089,0.0754263472748292,0.0777098498503069,0.1103156958740788,0.1021718862434834,0.1084383776887944,0.1084106003550528,0.1059448296024373,0.1161298521030302
72,72.0,0.095606781646313,0.1012681410942572,0.0746687892854119,0.0751120001872849,0.1067333654150968,0.1026460289832196,0.1076531365408497,0.1087629839815958,0.1070770236469287,0.1204717492190418
73,73.0,0.0922340989790944,0.1010302260374519,0.0752064736020595,0.0721928169598841,0.108633608166973,0.1054774897305063,0.1106823286718071,0.1061822580977,0.1090130939156367,0.1193476058388862
74,74.0,0.0916549337412992,0.1018365326813859,0.0764680017986128,0.0719883723545535,0.1066211663970224,0.1045657805062999,0.1086229092358091,0.1085937114695413,0.1104592529717335,0.1191893388437417
75,75.0,0.0910405234343419,0.1002768373941197,0.0735516052120862,0.0695907801202758,0.1097752803253544,0.1072268553415583,0.1029653393292822,0.1075919119265441,0.1164521423394073,0.1215287245770294
76,76.0,0.0895483277235622,0.1037712435008115,0.0778691258402614,0.0699002210882821,0.1102672682864461,0.1115668186643568,0.1021687413092427,0.1028459276481631,0.1117949891780839,0.1202673367607894
77,77.0,0.0916388721864043,0.1028208984299,0.0778018741874426,0.0704040962793797,0.1084826304154033,0.108137931962258,0.1032434084606784,0.1020791618619244,0.1162175406182455,0.1191735855983631
78,78.0,0.0892974321317201,0.1077940662501955,0.0767714064439107,0.0727873029624751,0.1089516115330638,0.1032477787957493,0.102707647101227,0.1027101433053449,0.1162935748898151,0.1194390365864979
79,79.0,0.0918414698450202,0.1064767832004103,0.0760254812339074,0.0738288202419495,0.1087768881469549,0.1037449655420033,0.1039981372728566,0.101678161466612,0.1147894652873165,0.1188398277629687
80,80.0,0.0952363844105889,0.1031447803245993,0.0732632672036019,0.0762757667365147,0.1075746451318559,0.103593268343089,0.1011825008148307,0.1033472429763963,0.1128522533048932,0.1235298907536297
81,81.0,0.0958407664452928,0.1036449833173202,0.0758105049577883,0.0785764955285881,0.1063263081253894,0.1041779672720649,0.1000544111095184,0.1004896250918774,0.1116992661148062,0.1233796720373538
82,82.0,0.0967386064757589,0.10364518630472,0.0789745862292296,0.0805923510963197,0.1022799743214475,0.1016628969596297,0.0987763046858336,0.1009603627245223,0.1112113431236027,0.1251583880789353
83,83.0,0.0967226850725238,0.1027794694843275,0.0810659663071331,0.0798290043981763,0.0993671627930155,0.1051518978914637,0.1032056310960299,0.1013859035520458,0.108237537113601,0.1222547422916827
84,84.0,0.0948766478778854,0.1040204568727751,0.0795636590309981,0.0808012097601934,0.1033454677561252,0.1047028114582416,0.1071324165739614,0.0992953125272744,0.1031269335963578,0.1231350845461869
85,85.0,0.0996250719911977,0.1023928509902181,0.0772801477881258,0.08037962677549,0.1053673781604118,0.1074574202025842,0.1081944366013938,0.0951598884702168,0.0997419779303351,0.1244012010900261
86,86.0,0.0998248523801334,0.1002496972926578,0.0777381287646961,0.0851574020539156,0.1042284082983781,0.1077635351963344,0.1090688817573281,0.0932987147876051,0.1023755758494949,0.1202948036194557
87,87.0,0.0975045414640165,0.0989981410098487,0.0744085605181457,0.0885976483577824,0.1039955276726021,0.1081527928713041,0.1132549899588989,0.0968179842926492,0.1023215909261056,0.1159482229286461
88,88.0,0.1001246837263173,0.0994141609640211,0.0735746313942404,0.0887590317114298,0.1045889985399254,0.1111950889895247,0.1115027380922541,0.0968298053064317,0.1009770676752,0.113033793600655
89,89.0,0.1015113858947083,0.0982691064444667,0.0726844283386552,0.0882474897461261,0.1050876654925122,0.1128852551876127,0.1120312230018315,0.0952363175356431,0.1001508387504441,0.1138962896079994
90,90.0,0.1006802787234165,0.0989814463299473,0.069543950471807,0.0904139919226316,0.1040831237507369,0.1122223202350117,0.1103778013168514,0.0919402205950373,0.1069479143942257,0.1148089522603339
91,91.0,0.0972213182854365,0.1009415690316873,0.0732762234312797,0.0899160893019845,0.1028595315172609,0.1111353657343448,0.1079965386634876,0.0943414745233386,0.1040073506851259,0.1183045388260536
92,92.0,0.0920109820075445,0.1009108634000117,0.074002821330213,0.0922149372538706,0.1035443968624908,0.1104605009574238,0.1074363410394828,0.0961242438660576,0.1065177568403282,0.1167771564425763
93,93.0,0.0936150640252991,0.1032942755126843,0.0737643167967637,0.0910972695534707,0.1035414018291438,0.1078544640735674,0.1063635462909605,0.097079556353453,0.1053897270070146,0.1180003785576421
94,94.0,0.0948893388884587,0.1052952915452794,0.0736098965846544,0.0916361144132927,0.1002778363940389,0.1109351933719192,0.1067093725495661,0.096863797529129,0.1044065801792216,0.1153765785444393
95,95.0,0.096608570606795,0.1065983525358555,0.0748596961233785,0.0924489222468454,0.1026181541595568,0.1098015000125141,0.1056991265604025,0.0944175519707204,0.1051231161342596,0.1118250096496715
96,96.0,0.0928762912704482,0.1055869520537971,0.0758663513450108,0.0964140282859433,0.1007497696869435,0.1130213718279652,0.1048612977044197,0.0962147862815531,0.1073454270729845,0.1070637244709338
97,97.0,0.095148540929984,0.1117486010885451,0.0765278619982785,0.0925165550266557,0.0978345918790896,0.110302776474716,0.105105974794969,0.0969265982919666,0.1054010789277327,0.1084874205880622
98,98.0,0.0927439947951243,0.111607206658103,0.0757084242572002,0.0923998904320441,0.0985172780539849,0.1084870885392978,0.1068815873123463,0.1012733252189857,0.1025451778910265,0.1098360268418866
99,99.0,0.0906338429019056,0.1150035895481595,0.0765022699530521,0.0913942065659278,0.0979211085260422,0.1005982758394533,0.1082963523834439,0.1016748437441409,0.1064518216806696,0.1115236888572045
100,100.0,0.0910952798598617,0.1139430290268967,0.0807549347947587,0.090401038210803,0.0969818864574305,0.0927923616511988,0.1109280218303969,0.0998954715311346,0.1094253263921649,0.1137826502453535
101,101.0,0.0905554795912051,0.1102199205233931,0.0796452760705661,0.0928842065273209,0.0957524805226167,0.104623922282788,0.1071153541466681,0.0999406340880503,0.109515590821244,0.109747135426147
102,102.0,0.0930366820832738,0.1091594512326135,0.0750325613352822,0.0953999149693937,0.0942496629470224,0.1037395494349844,0.1070206800006474,0.1010123338044471,0.109093197135638,0.1122559670566969
103,103.0,0.0913797361076493,0.1115866804558111,0.0741082686946874,0.0939220058939072,0.0984000946831485,0.1052331627478981,0.1060536752159354,0.1000382487468011,0.1084168381428027,0.1108612893113585
104,104.0,0.0928875034432878,0.1090283421822752,0.0764644980820374,0.0952940191007595,0.0966636280967676,0.1028376828360834,0.1028448774694609,0.1036469257874881,0.1085531422337155,0.111779380768124
105,105.0,0.0938695608420564,0.104912990158081,0.0759645218278616,0.0955594454469188,0.0937305629232273,0.1096312463930612,0.1013212334345554,0.1022886953488884,0.1112446061161656,0.1114771375091836
106,106.0,0.095706476783533,0.1029400267202965,0.0794914046864135,0.0966334645725194,0.0967581289650844,0.1081160913634506,0.0967119285585443,0.1040389957373777,0.1092637557946973,0.1103397268180827
107,107.0,0.0968509676979616,0.1004100119871089,0.0803411829962693,0.0947737621450489,0.0947569931050722,0.1087013713378197,0.1013850428529579,0.1025312201762812,0.1071441816528006,0.1131052660486789
108,108.0,0.0971498799032035,0.0997448130980837,0.0784885092780321,0.0934974559961837,0.0970652901770596,0.1068853987394818,0.1012974096590474,0.1053475788684432,0.107838046884445,0.1126856173960193
109,109.0,0.0928330440322411,0.1001216504622306,0.0770549068524962,0.0949019070429847,0.0985119682298551,0.1068495519301632,0.1001100375183546,0.1050383818383966,0.107902001432356,0.1166765506609213
110,110.0,0.0883691935119426,0.1013529893882349,0.0784831813546511,0.0928715615002249,0.0991871103000676,0.1053059494731518,0.1029602280235667,0.1016552346790103,0.1110834016615988,0.1187311501075505
111,111.0,0.0849868954158981,0.1010810874845719,0.0781646666148256,0.094902767504772,0.0988938900947002,0.1109758962470761,0.101623266657525,0.1047403805862171,0.1089996093301962,0.1156315400642172
112,112.0,0.0819659063880541,0.0979294361144604,0.0775673493343996,0.0927995694934475,0.09880003535843,0.1101371338188278,0.1030347765942568,0.1073036183683846,0.1086087460430982,0.1218534284866405
113,113.0,0.0833375277136607,0.0963561671561541,0.0792351811198072,0.0932082278216213,0.0944089026619686,0.1060327531040783,0.1021907288863379,0.1083199301741814,0.110451877877902,0.1264587034842879
114,114.0,0.0825427638180713,0.0941808518027383,0.0806347088377592,0.0915047420750332,0.0972988414785194,0.1068259435767374,0.1020081561789069,0.1053585190306172,0.1102437544409124,0.129401718760704
115,115.0,0.0836185778141472,0.0913766892748322,0.0871204470065813,0.093213969731964,0.1004857292913019,0.1045465062489495,0.1016012859836482,0.1039177284999402,0.1066459460875802,0.1274731200610546
116,116.0,0.0830413497726931,0.0914816289430574,0.0856000172434673,0.0922667763772657,0.1004450590729127,0.1026935292291518,0.0995204783902791,0.1055299317073895,0.1065874733064241,0.1328337559573586
117,117.0,0.086956209747719,0.0925975855471737,0.0870072175863756,0.0870454037687571,0.1002417172490835,0.1028481022769404,0.0977076754706152,0.1043380653861291,0.109167889947517,0.1320901330196885
118,118.0,0.0882951810579424,0.0943912420340613,0.085930942985427,0.0881695689523706,0.1002778051395317,0.1058065225293129,0.0967840690990652,0.1022971350421927,0.1059267863185839,0.1321207468415116
119,119.0,0.0873288458367749,0.0926104616521951,0.0847455449043928,0.0891964826258619,0.0990750994117363,0.1050006322574834,0.0980096282290252,0.1033576119883659,0.1101209136109032,0.1305547794832606
120,120.0,0.0894134583164453,0.0959630787516927,0.0837383130634576,0.0893134866502408,0.0964678110276948,0.1059065359737438,0.0977729849998475,0.1003089444762771,0.1084001158729176,0.1327152708676822
121,121.0,0.0861827299965668,0.0989734183780235,0.0805715732191632,0.0876018905745881,0.0977086610253946,0.1081628512061831,0.096331258103014,0.0970886253752133,0.1093504555213361,0.1380285366005164
122,122.0,0.0875995749286952,0.1014157219076592,0.0775026319778298,0.0852903468880201,0.0953796720867779,0.1116447667351556,0.0983417796794529,0.094227577351089,0.1090672073210118,0.1395307211243077
123,123.0,0.0840706723916312,0.1033643549426241,0.0791594361371155,0.0867558918897808,0.0913926797563454,0.1114202417675205,0.1040128018441879,0.0960605186346573,0.1052731707347973,0.1384902319013392
124,124.0,0.0865384805608577,0.1036960529875153,0.0772493401770929,0.0896562741780112,0.0932604365154765,0.1074488145963752,0.1026718744321321,0.0955951956570823,0.104953936143274,0.1389295947521821
125,125.0,0.0843354609897104,0.1090282776024361,0.0782396006173719,0.090138465917498,0.0960316298758783,0.1040455895915895,0.1014122340393157,0.0943697472520883,0.1058541050358363,0.1365448890782747
126,126.0,0.0843345597027226,0.1147424353077538,0.0799712766804053,0.0877285214254548,0.0979316069319938,0.1078298380299784,0.0997826680765194,0.0939340259762857,0.1021914366207546,0.131553631248131
127,127.0,0.0868516947158039,0.1164839981142566,0.0829384055420132,0.0838115751540358,0.0965846748271886,0.1081140140018008,0.0981291927243229,0.0936215991064116,0.1035318908385338,0.129932954975632
128,128.0,0.087324156856629,0.1188664607073943,0.0832882838921683,0.0858918224182463,0.1020727163289922,0.1030693587910254,0.0988403128307049,0.0914654737969015,0.1026560940599806,0.1265253203179567
129,129.0,0.0909046928110405,0.1157057044109401,0.0841706497535123,0.0897305487156928,0.1001667771410301,0.1070103216752658,0.09470536881153,0.0882358044035104,0.1027659222830471,0.12660420999443
130,130.0,0.0864351892857288,0.1172047504638115,0.0835635430236869,0.0917329631372621,0.1031481753224825,0.1076119802846892,0.1002217058650214,0.0850602457065754,0.101292105926683,0.1237293409840586
131,131.0,0.0836092110118763,0.1212788615516446,0.0842516436067668,0.0948074890345434,0.1082190855993435,0.1074578038860316,0.099142846827829,0.0837755285906209,0.097983521295962,0.1194740085953812
132,132.0,0.0779111014823096,0.1232618167036064,0.0807388274398232,0.0921278860068018,0.1119084186827901,0.1101927243899285,0.0961665205458852,0.084683084208868,0.1073166053959256,0.115693015144061
133,133.0,0.0723036918908764,0.122988847644131,0.0790118502535569,0.0904672909947754,0.1125679364812997,0.1114819428647002,0.0973588406856206,0.0899986126067627,0.1084937931860003,0.1153271933922761
134,134.0,0.0701990691229052,0.1199125068352447,0.0761794520446122,0.0891958887439009,0.114658565224973,0.108307152364092,0.1005329484529276,0.090755298207858,0.1141796093541394,0.1160795096493464
135,135.0,0.0735611741339048,0.1157111197576795,0.0741695022201422,0.0889919553986908,0.1141479028849555,0.1106248274888745,0.099483219691501,0.0894967821525704,0.1146798273254875,0.1191336889461931
136,136.0,0.0781845975411484,0.1107287165686357,0.0752218373754316,0.0883109372511933,0.1107698315930381,0.1078178557259278,0.0996201868683361,0.0926598733326249,0.1184659191669161,0.1182202445767474
137,137.0,0.0796151944524306,0.1139088869614864,0.0760996118718459,0.0846227295763589,0.1130882055705004,0.1110493474100618,0.1039800146857327,0.0890938220094537,0.1168488161338445,0.1116933713282843
138,138.0,0.0823550578864442,0.1156768508930396,0.0738951313450652,0.0880689385870114,0.1124428516329703,0.1142011989775482,0.0998904755025774,0.0852748466339155,0.1151124917583008,0.1130821567831266
139,139.0,0.0827821997417963,0.1161969892621657,0.0774206563561798,0.0898589813956004,0.1113590842265466,0.1191438092941786,0.0982608823207138,0.0791139186380896,0.1116509145860596,0.1142125641786688
140,140.0,0.0834017208278961,0.1173787440668087,0.0748819369399235,0.087348455206024,0.11329225545952,0.1206472035792339,0.0978188433743098,0.0765589579736012,0.1101902880275318,0.1184815945451503
141,141.0,0.086780846395609,0.1155502796197304,0.0700596618650121,0.0849012467357775,0.1162052367907576,0.1170979391395626,0.1006311556833416,0.0780732952309776,0.1129209785648596,0.1177793599743713
142,142.0,0.0830404574476953,0.1177148538621898,0.0653190176789417,0.0865722041736221,0.114938218057974,0.1169688295582859,0.1064831776028862,0.0795112313345124,0.113869640028564,0.1155823702553279
143,143.0,0.081729261658633,0.1171817783242935,0.0680550178579277,0.0859893038479833,0.1145585975214021,0.1151710195171716,0.1104866309613281,0.0785348158445085,0.1130985821665004,0.1151949923002512
144,144.0,0.0790402267615853,0.1197656332083748,0.0693042282157926,0.0840083900815882,0.1112345265217336,0.1148053594166759,0.1078992964827367,0.0807923586729287,0.1161370870189671,0.1170128936196165
145,145.0,0.0738303137285673,0.1211963142722537,0.0695545448462806,0.0880861391877028,0.1093887918289319,0.1175701500772084,0.1088730835938069,0.0799009161050898,0.1182850875147636,0.1133146588453944
146,146.0,0.0716337533850936,0.1231866863654029,0.0668038688518823,0.0871949408734783,0.108395669679274,0.1205260245706249,0.1089329615561004,0.0802539367354448,0.1195848929218683,0.11348726506083
147,147.0,0.0713499424479337,0.1208801732986754,0.0731338380688241,0.0832624758006464,0.1031504956270819,0.1213512643582732,0.106667024504124,0.0861867893378417,0.1215580793266172,0.1124599172299818
148,148.0,0.0698750026775427,0.1262467750024834,0.0761893783503975,0.0859037974672109,0.0978111321028051,0.1202897687091932,0.0993038630943911,0.0902055966893603,0.119256194225796,0.1149184916808192
149,149.0,0.0672280220705653,0.1274141675161118,0.0786756603841821,0.088706563610981,0.0986045860754498,0.1184951936075911,0.0955571904471637,0.0889630993980653,0.1222667646672227,0.1140887522226665
150,150.0,0.0719323673487117,0.1271047419027584,0.0840832124770878,0.0863174756107097,0.0946011989512094,0.1200537381486506,0.0908783744879033,0.0884521798432781,0.1218590146429784,0.1147176965867118
151,151.0,0.0732566811719239,0.1279329031692249,0.0872660735849745,0.088941319248817,0.096357750285328,0.1174362382953402,0.0856373950992849,0.0865434921101576,0.1202648844772437,0.1163632625577047
152,152.0,0.0733956069178478,0.1215300937770831,0.0867785347594599,0.0872381805705536,0.100122727058368,0.1202492894439621,0.0855216512241083,0.0866558807794163,0.1181765423981541,0.1203314930710461
153,153.0,0.0749036981678804,0.1239064517295867,0.0820324677134222,0.0853125722359379,0.101716522608929,0.1183022720905735,0.0870632788269894,0.0853339123032758,0.1203018669506531,0.1211269573727515
154,154.0,0.0807261540032278,0.1237251889675014,0.0808021531594185,0.0837075891555142,0.1017685955460036,0.1140821608059486,0.0890680144415695,0.0853574522581549,0.1167617217225756,0.1240009699400854
155,155.0,0.0794458651718167,0.1235998778300131,0.0828526466877059,0.0855428676181591,0.1021970514780792,0.1085040497586419,0.089900435123433,0.0865447388011683,0.1166738131485499,0.1247386543824324
156,156.0,0.0790155282480681,0.1231022920322662,0.0825704375373869,0.0875342671691818,0.1030526485584486,0.1061497671995418,0.089834436622922,0.0882393397734283,0.1180273761268466,0.1224739067319092
157,157.0,0.0818331685837142,0.1234605665021921,0.0825093366765123,0.0864004043973589,0.1036230018241506,0.1009088071924085,0.0952139131570564,0.0892528934178241,0.1183888897951839,0.1184090184535985
158,158.0,0.0844605266027354,0.127412930687484,0.0775687650865255,0.085421840440165,0.1007545387526117,0.1032584722833483,0.0944372448386721,0.0913454822044957,0.1169319837325021,0.1184082153714596
159,159.0,0.0828326631047808,0.125942601813932,0.0814820648196917,0.0837231704593337,0.1003162551219076,0.0987921898142315,0.0994167623425043,0.0910290889659558,0.1152331860828535,0.1212320174748085
160,160.0,0.0928065025730952,0.1253712734683975,0.0775265143869869,0.0800003111131553,0.103700037591841,0.0948044582456679,0.0990304248275688,0.0950009805103265,0.1120274946901361,0.119732002592824
161,161.0,0.0945138433366786,0.1188053957273841,0.0772395893719252,0.0852562212036038,0.1013276583646583,0.0930540575623182,0.0973277980098219,0.0978817739044675,0.1155399340172205,0.1190537285019213
162,162.0,0.0945243856592842,0.1171500794651715,0.0764633985604859,0.08517196259497,0.1051180785418615,0.0954573732455913,0.0967713302985028,0.098917125692427,0.1150191381134783,0.115407127828227
163,163.0,0.0941948483943287,0.1182554774933574,0.0715838824655595,0.0915279552989604,0.1028339614351024,0.0950700892146388,0.0968058679760074,0.1009154442527715,0.1132120311389939,0.1156004423302794
164,164.0,0.0924128516238336,0.1158456844179355,0.0715937872614377,0.0924475216936482,0.1058588127645398,0.0932552655233726,0.096375116196952,0.1030099479530608,0.1110116355385964,0.1181893770266229
165,165.0,0.1019015323356324,0.1131564792141707,0.0694171788599734,0.0926238151538015,0.1043430796398839,0.0926446413682061,0.0963614016497287,0.1007637304834102,0.1072008307398053,0.1215873105553873
166,166.0,0.1055859392682143,0.1138387915596901,0.0647546663048484,0.0906754042778176,0.1062527142484334,0.0908924677599279,0.0987198999300428,0.1005341504469473,0.1068676759639875,0.1218782902400902
167,167.0,0.1045544716596107,0.1142738610596086,0.0659828445732444,0.0895835255266738,0.1114261405853921,0.0919597783931535,0.0968065135843711,0.0960633441407721,0.1071466883470419,0.1222028321301314
168,168.0,0.1027832419511207,0.1080806817071913,0.0731097599488854,0.0906442126806435,0.1108261495814353,0.0954070936583846,0.0960069662376633,0.0976404595984249,0.1055260241261998,0.1199754105100507
169,169.0,0.0986427451973923,0.1100283375949165,0.0695009083792603,0.0901990506035763,0.1069750481716166,0.0977831966092345,0.097264669536305,0.1004001147006027,0.1021737936539537,0.1270321355531417
170,170.0,0.0971245771781137,0.1127460971659348,0.0651140144101046,0.0889199270934251,0.1067764110383304,0.0981158007023101,0.1001971959031411,0.0990541718588898,0.1000635367189155,0.1318882679308345
171,171.0,0.099259485868425,0.1088209466133862,0.0608146696937634,0.0895855771979707,0.1093416810546055,0.1019819472494451,0.1020889315558324,0.0958165805542905,0.0981804428527229,0.1341097373595577
172,172.0,0.1024037137159226,0.1071284737216911,0.0603183401434979,0.0880899240859441,0.1116162579947745,0.1032607035320233,0.102550792601868,0.0953994582416022,0.0981673629348063,0.1310649730278695
173,173.0,0.1033467216743013,0.1096718837280417,0.0586725411503114,0.0854624378479291,0.1136415698225332,0.1034760486506667,0.0993209666759153,0.0908991578955587,0.0963905139311696,0.1391181586235725
174,174.0,0.1037682670708914,0.111512152134239,0.0597802801514963,0.0855083053742206,0.11582219818998,0.1029971548005303,0.0980253082800201,0.0934861162148703,0.0907334090584372,0.1383668087253143
175,175.0,0.0987863341427599,0.1136099589306932,0.0585108819666045,0.0812868671485003,0.1132446347287036,0.1039611767567159,0.0945241063415985,0.0988100808978334,0.096103641630564,0.1411623174560262
176,176.0,0.1004847579281471,0.1108341904186537,0.0547635872331983,0.0833906892141099,0.1133772930525256,0.1065803559448351,0.0905270593506022,0.0978280346977041,0.0952393171141222,0.1469747150461015
177,177.0,0.1046247849318714,0.1097231677226979,0.0511433861008007,0.0816832958162272,0.112715645258689,0.1100408747970378,0.0923367686773043,0.0964305317048188,0.0914482219036555,0.1498533230868969
178,178.0,0.1060181128676186,0.1074430623453841,0.0583426744699006,0.0775715045067924,0.1119847444243506,0.1082264369500149,0.0912999003807354,0.1008502886759113,0.0925662299752365,0.1456970454040553
179,179.0,0.1108345276167563,0.1063073610778597,0.0645233805437536,0.0758769732554861,0.1062028965178072,0.1087733570250818,0.0931528941582543,0.0999316381481474,0.0914006301403238,0.1429963415165293
180,180.0,0.1065330204964939,0.1099535268466517,0.0693443053583757,0.0814540635064995,0.1054745901638666,0.1084379760852529,0.0932405595251875,0.0956237473483652,0.0899797810032804,0.1399584296660261
181,181.0,0.1025640311099444,0.1058332358178907,0.0712824466693673,0.0834225655840709,0.1045895762721654,0.1131728422965425,0.0916707201332867,0.0954313131834364,0.0936162745539387,0.1384169943793565
182,182.0,0.0992657138779613,0.1112762563424606,0.0731960682781209,0.0798840119937423,0.1028210232269195,0.1129697731550574,0.0929201509765822,0.0919223076697896,0.0935013081472039,0.1422433863321617
183,183.0,0.1028287431759441,0.1110717067650825,0.0752402540818652,0.0745130764884989,0.1055543457700949,0.1112987406651708,0.0903465686375612,0.0929639067433613,0.0954096306338837,0.140773027038537
184,184.0,0.1021013528079538,0.1061450499765486,0.0830934806442945,0.0724379782856384,0.1058545269615603,0.111628306783519,0.0916855989415881,0.0915908021178914,0.0978945188214552,0.1375683846595502
185,185.0,0.1024007792744011,0.1036851747246118,0.0825102017937772,0.074342530367587,0.1049645013949633,0.1114670027087452,0.091291530306248,0.0932085365061308,0.094854301364992,0.1412754415585431
186,186.0,0.1035421283443612,0.1043223360635404,0.0868932234781755,0.0727878820818922,0.1026994392692298,0.112828480075392,0.0906689462170044,0.09299557488084,0.0903291109465236,0.1429328786430404
187,187.0,0.108846966869108,0.1001476581605477,0.0827242408161624,0.0697138306104802,0.1041892829372694,0.1111484264286022,0.0920950171762529,0.0913293226389424,0.0953154392933673,0.144489815069267
188,188.0,0.1094742140708271,0.0996595751827908,0.0827905478991239,0.0718611750728955,0.104774367397192,0.1130077963421574,0.08960723882823,0.090533174663502,0.0953494124312335,0.1429424981120472
189,189.0,0.1083904587175078,0.100764079868491,0.0831354015786003,0.0724897560000119,0.1080786063601954,0.1144146381374404,0.0886812958891223,0.0925537861078753,0.0942224295364292,0.1372695478043258
190,190.0,0.1089208255717739,0.1000324196375369,0.0869566036702207,0.0730393256857664,0.1080165560511133,0.1107202173757229,0.0862509154475108,0.0942636610873134,0.0980670203937688,0.1337324550792722
191,191.0,0.1055565616649954,0.1085223695882354,0.0884778777138995,0.0697258732581377,0.1072954984378951,0.1094751553145784,0.0819315574256288,0.0943050700354641,0.1018379462157774,0.1328720903453877
192,192.0,0.1045388842917654,0.1123132756210028,0.0851343250566209,0.0720023454309919,0.1058626117552022,0.1091510374363136,0.0851985668812869,0.0905816121533872,0.1041368593134756,0.1310804820599526
193,193.0,0.1025588434744313,0.111648243893504,0.0910898742942993,0.0683937325128617,0.1127687850290619,0.1102183195891321,0.0857436218499368,0.0871697488645997,0.1018243156611475,0.1285845148310252
194,194.0,0.1037779992736873,0.1127331598634352,0.0872479746410056,0.0638586103377873,0.1148401179962937,0.1117401804526002,0.0860667322704851,0.0928971692156798,0.0978795923790997,0.1289584635699254
195,195.0,0.1076253277161688,0.1175394414688645,0.0851810407281191,0.0594384142768425,0.1135245747116465,0.111125944996207,0.0907090642178304,0.0915649951335481,0.0937162179613513,0.1295749787894212
196,196.0,0.1063742653300581,0.1155332022103974,0.0835942234422368,0.0690617226507846,0.113387242137454,0.1090531753683364,0.0918403942477412,0.0891139937230423,0.0933616365527344,0.128680144337214
197,197.0,0.1019201248797679,0.1177957380555434,0.0846410823071444,0.06985654447267,0.1149241546446416,0.110622562173932,0.0896899427255139,0.0879815329809328,0.0940761693679017,0.1284921483919516
198,198.0,0.0968769861774773,0.1182075507842987,0.0847726027665526,0.0730479294750925,0.1151415149038508,0.1143928370405659,0.0948087091948062,0.0817793726018059,0.0910841648524389,0.1298883322031106
199,199.0,0.1019754078691513,0.1225297232347705,0.0838226447215595,0.076651718524141,0.1123886068901212,0.1129712433269341,0.0961471188737562,0.0789013120117691,0.0902146001886682,0.1243976243591284
200,200.0,0.0956738918726349,0.1249770418126342,0.0876609416784838,0.0789126175804751,0.1115129648024143,0.1205747166511891,0.0943040750702951,0.0759678485033499,0.087024931711609,0.1233909703169138
