,Unnamed: 0,Total_iterations,Intertwine_two,Add_vertex,Delete_vertex,Invert_path_vertices,Insert_inside_vertex,Delete_inside_vertex,Replace_inside_vertex,Donate_between_routes
0,0.0,0.0,0.125,0.125,0.125,0.125,0.125,0.125,0.125,0.125
1,1.0,1.0,0.1226851851851852,0.13009259259259262,0.12731481481481483,0.11898148148148151,0.12916666666666668,0.11898148148148151,0.1263888888888889,0.1263888888888889
2,2.0,2.0,0.12219373219373222,0.14293447293447295,0.11914529914529919,0.11145299145299149,0.13732193732193732,0.11145299145299149,0.11849002849002852,0.13700854700854706
3,3.0,3.0,0.12765004975531297,0.14133426028162874,0.11455376981692773,0.11054567265093583,0.14277825488351806,0.10686146212462004,0.12128641339167659,0.1349901170953803
4,4.0,4.0,0.12576452786979106,0.15357849752586594,0.10799976826292618,0.10988910699437017,0.15021933232459547,0.10287156313472104,0.1169261440314072,0.13275105985632302
5,5.0,5.0,0.1257153859785439,0.15987349882086727,0.10625410651726444,0.10814344524870843,0.15357986068512383,0.1011259013890593,0.1084943224416909,0.13681347891874207
6,6.0,6.0,0.12282164594664598,0.16845393032893027,0.10366339678839681,0.10925278425278427,0.15843709531209527,0.09853519166019167,0.11135084822584825,0.1274851074851075
7,7.0,7.0,0.1238566294816295,0.16802815240315236,0.10203437765937767,0.11040154290154293,0.16064590502090498,0.09690617253117254,0.10921677859177861,0.12891044141044142
8,8.0,8.0,0.12439581252081253,0.18264547952047946,0.10074261386761389,0.11368242868242873,0.15235169922669917,0.09518705831205833,0.1074976643726644,0.12349724349724349
9,9.0,9.0,0.1253585534835535,0.18864818052318047,0.0984613765863766,0.11140119140119142,0.15400819088319082,0.09311949624449625,0.10846040533540537,0.12054260554260554
10,10.0,10.0,0.12482402349423628,0.18721030250285564,0.09629275078743166,0.11440072929434635,0.15247299194107702,0.0914886305577795,0.10992512314320828,0.12338544827906532
11,11.0,11.0,0.12744384843456052,0.18625192145315983,0.09352538929938312,0.11456418137532692,0.15948252813577887,0.08893121154731062,0.10432993563024524,0.12547098412423488
12,12.0,12.0,0.12404575687470427,0.19542246496193866,0.09088977056082322,0.1170292353844986,0.15757616652353496,0.0864787429919009,0.10418904438641283,0.12436881831618676
13,13.0,13.0,0.12458396035795419,0.2013918045032596,0.08838703837155852,0.11633657421583123,0.15759086172398865,0.08429347112009652,0.09770906137779202,0.12970722832951934
14,14.0,14.0,0.12306754913759559,0.203021731593713,0.08711949743296493,0.11728394555793939,0.16256443712519564,0.08302227521074271,0.09643421049767799,0.12748635344417078
15,15.0,15.0,0.11617971474976119,0.21511283493481637,0.08597036878383628,0.11602118054517438,0.160947720508479,0.08465092433939184,0.09528508184854932,0.12583217428999163
16,16.0,16.0,0.10844328451333096,0.23138153355645616,0.08420074951421702,0.11395477472876855,0.15825974671756404,0.08302019395866148,0.09521265427612176,0.12552706273488007
17,17.0,17.0,0.10237838550338552,0.24581765456765453,0.08510656010656013,0.11139240389240392,0.1557662013912014,0.08432282994782996,0.09320637695637696,0.12200958763458764
18,18.0,18.0,0.0983697654111741,0.24760417529380377,0.08339494856135725,0.1131904526215672,0.162272097312732,0.08721439300580167,0.09145050411691279,0.1165036636766513
19,19.0,19.0,0.09873954897322927,0.25119600476642173,0.08162926268741105,0.11293706702556583,0.1590200993165225,0.08524241962503605,0.09433225414040251,0.11690334346541117
20,20.0,20.0,0.09885255143917292,0.25745555676126786,0.07972303438412393,0.11104445528001292,0.1634303323296967,0.085642357377915,0.09189031155140108,0.11196140087640978
21,21.0,21.0,0.0974743998636529,0.266163305267778,0.07853981458248308,0.11062699792370106,0.16460638689600884,0.08652262963976619,0.08772643140051416,0.10834003442609595
22,22.0,22.0,0.09450400968738037,0.27715481218420746,0.07760646144324758,0.10907373307709255,0.16111759026092734,0.08503372094497515,0.0862974355597536,0.10921223684241602
23,23.0,23.0,0.09211168996146929,0.2874727592010709,0.07745620520939998,0.10886743395825471,0.16556820901495167,0.08465470654119293,0.08362381617947785,0.10024517993418262
24,24.0,24.0,0.0918295573249134,0.2879251940010454,0.07513989608029856,0.10267140310096967,0.1672085339268002,0.08665383678928573,0.08704538724662564,0.10152619153006151
25,25.0,25.0,0.09325484700484703,0.3043306376859009,0.07436172745383272,0.10077495116968804,0.16348983131877873,0.08520143355669672,0.0833805083805084,0.09520606342974765
26,26.0,26.0,0.09456361033760415,0.3103163836793868,0.0725203076364067,0.09713231112998914,0.1573310636158933,0.08650816188741886,0.08315458563910576,0.09847357607419527
27,27.0,27.0,0.09350098726697191,0.31534988019289406,0.07178349910211534,0.09840660743288958,0.15322304724983418,0.08773041768061286,0.08196105932998514,0.09804450174469694
28,28.0,28.0,0.09291987495934864,0.3241029073265915,0.07513222401380297,0.09084505406873827,0.1520571241623873,0.08524093596462018,0.0811375369270106,0.09856434257750048
29,29.0,29.0,0.09501942053076122,0.3264721091203458,0.07664003289053765,0.09186768138931956,0.1493940828132846,0.07816465736020858,0.08498377735270317,0.09745823854283943
30,30.0,30.0,0.09161762056885896,0.3328692294404369,0.07561918530958778,0.09068287692126703,0.1504954240519256,0.07880736408987184,0.08379584539414259,0.09611245422390932
31,31.0,31.0,0.09254132992910083,0.3323882306777044,0.07403688216381714,0.08954309421801682,0.15408406451363107,0.07766758138662164,0.07962575966058938,0.10011305745051875
32,32.0,32.0,0.0872701010806745,0.3479021911679403,0.07346089768454825,0.08887166620340668,0.15164500254485447,0.0771574730601854,0.07800454022304204,0.09568812803534839
33,33.0,33.0,0.08596439851857808,0.3565094610411948,0.0727288158751007,0.08735572405464047,0.15085733682095911,0.07315244439083449,0.07828872723996565,0.09514309205872676
34,34.0,34.0,0.09327548812842928,0.36931218563571505,0.07064849134353776,0.08321853046620847,0.14877230369103434,0.07255360134075303,0.07740540107180972,0.08481399832251225
35,35.0,35.0,0.09404298563842244,0.37971019162582637,0.06722553462824696,0.08140814585548063,0.146532894761122,0.07147017400446527,0.07631050716058792,0.08329956632584844
36,36.0,36.0,0.09149394555455266,0.3821255271727072,0.06573130030506527,0.07977415997950393,0.14395223763638085,0.07246044199988202,0.07789341012506985,0.08656897722683832
37,37.0,37.0,0.08507099228202339,0.40185567451498266,0.06521445216464733,0.07939398218628266,0.13794363860664843,0.07331785461015504,0.07541053580809944,0.08179286982716111
38,38.0,38.0,0.08888206741193909,0.4083881983095201,0.06299588302578833,0.07854248907391996,0.13731296305568302,0.0728127357636937,0.0726936024603499,0.07837206089910582
39,39.0,39.0,0.08640134952542411,0.41242576621665333,0.0622773522275474,0.07588881143111188,0.13989486089482728,0.07382863719988501,0.07189570658274388,0.0773875159218072
40,40.0,40.0,0.08285431320225456,0.4229925676437366,0.0613518434784226,0.07564046013500661,0.13799310805711826,0.0723687809994881,0.07070311598758987,0.0760958104963834
41,41.0,41.0,0.08350103515891868,0.4281732569589616,0.06076996414301795,0.07206887570044344,0.1390881344010747,0.0731719075537333,0.0678279582719503,0.07539886781190007
42,42.0,42.0,0.0820674591430041,0.4320122857628562,0.06066654536500749,0.07055178961614518,0.13924236935159445,0.0738989281663787,0.06760940018157995,0.07395122241343381
43,43.0,43.0,0.07910811057034324,0.4411373061723961,0.0597191506967154,0.06962490994502343,0.13841777910281275,0.07115507283244213,0.06796611806740041,0.07287155261286656
44,44.0,44.0,0.07794129169317811,0.4467179986182277,0.05885843802271529,0.07223323749006354,0.1341962058516051,0.0698901115156942,0.0684140309285368,0.0717486858799792
45,45.0,45.0,0.07536062625946864,0.44463341408993584,0.05997589116885118,0.07174818773654416,0.13926582750044855,0.07209985627908634,0.06550905873863204,0.07140713822703322
46,46.0,46.0,0.07051045578044993,0.4544416001811442,0.059031752738279396,0.07240010784159814,0.1393765528252567,0.07090328702014458,0.0645071369608032,0.06882910665232374
47,47.0,47.0,0.07265187802101075,0.4547475330438188,0.059253162154162056,0.07236746458617331,0.1391003157524045,0.07099017608276822,0.06453115896877216,0.06635831139089027
48,48.0,48.0,0.07179834047415494,0.4623695979357177,0.05868589430197547,0.06944448811229344,0.13446739987845413,0.07211456600919594,0.06325827952933966,0.06786143375886873
49,49.0,49.0,0.07093820150994248,0.47718921091997235,0.05812831925726846,0.06884163534014977,0.12884754964492176,0.06921399579540681,0.05955997274870457,0.06728111478363379
50,50.0,50.0,0.06856504340343936,0.47738172422065533,0.06491868755707612,0.06653568538781132,0.1294904603937231,0.06772965436804294,0.05875471520431659,0.06662402946493519
51,51.0,51.0,0.06775528858302883,0.4803594793967267,0.06401350185176104,0.06590136916389201,0.12870510426036286,0.06686331870157788,0.05809069012715903,0.06831124791549173
52,52.0,52.0,0.06851319745394079,0.48676920518575495,0.06487714235014376,0.06548177368058153,0.12529914052494695,0.06360131190040025,0.05632343679643821,0.06913479210779348
53,53.0,53.0,0.06723142329279314,0.4919391194909098,0.0627609911907821,0.06294921646453368,0.12537539597153388,0.06750005760887663,0.055454174550632125,0.06678962142993863
54,54.0,54.0,0.06628222810084435,0.49500076222131667,0.059546220443784055,0.06369250880059871,0.12725362475813412,0.06753204010863186,0.05597603916307645,0.06471657640361368
55,55.0,55.0,0.06785182030796684,0.49760174210834046,0.058263257668429685,0.062269095743680426,0.12821510060248506,0.06614014487140385,0.056337366967426555,0.06332147173026696
56,56.0,56.0,0.07070972117023917,0.5043046026374767,0.05745221253787479,0.061652050499530604,0.12512283677532335,0.06557462629458005,0.05550006933829633,0.05968388074667898
57,57.0,57.0,0.06925311576977657,0.5121076420093088,0.05633299014376858,0.06206097699068126,0.12299002151819129,0.06422613886300427,0.054450138427583526,0.05857897627768575
58,58.0,58.0,0.06847189583436544,0.5187519818216073,0.05679982703612442,0.06010711292080203,0.12214484645024952,0.0647402840562916,0.05111349860341918,0.057870553277140524
59,59.0,59.0,0.06733709203322442,0.5224752340870692,0.05730468389001032,0.06128078132199011,0.12118727058818644,0.06364021255887234,0.050317461236121006,0.05645726428452621
60,60.0,60.0,0.06812861704567127,0.5210535247673705,0.05797162967841559,0.06336239226149462,0.12299421027012876,0.06147759130937722,0.04993854547866472,0.05507348918887725
61,61.0,61.0,0.06626953026357262,0.530034107094957,0.05758392005911445,0.05905262245172989,0.120963106798547,0.06127825176069253,0.049822053637827754,0.05499640793355885
62,62.0,62.0,0.06549208702299367,0.5326985028180538,0.05729805295327902,0.05874934112870512,0.12203406936218995,0.05790020202062274,0.0493206541561585,0.056507090537997184
63,63.0,63.0,0.0651272700579951,0.5356996687396056,0.05823711413948494,0.05903839153109216,0.12210140108223923,0.057067891165282866,0.048609316728447566,0.05411894655585233
64,64.0,64.0,0.06436830542761822,0.5383895817195885,0.056488494008972504,0.058349699443315466,0.1233533540082498,0.05749156692026616,0.04809367871078376,0.05346531976120545
65,65.0,65.0,0.06245330618285963,0.5426725743101943,0.05578367442638675,0.05895530735339602,0.1211883919463395,0.056798354014976425,0.04753359603164226,0.054614795734205024
66,66.0,66.0,0.06264584156094849,0.5537990803963785,0.05455331857537059,0.057981216296327215,0.11688510030412977,0.05665307108110904,0.047412963642214104,0.05006940814352225
67,67.0,67.0,0.060273713565390394,0.5510250545400268,0.05516167981776881,0.059783785233267786,0.11857995545740498,0.056047501964178785,0.04779638987096144,0.0513319195510011
68,68.0,68.0,0.06004836116180724,0.5578142118851066,0.05299084664590175,0.058923294412130005,0.1167998625999502,0.05416888522247161,0.04849573675185569,0.05075880132077682
69,69.0,69.0,0.059828267305030665,0.563613249982849,0.05534219302109214,0.057318444955038045,0.11726849087023737,0.052774297381478694,0.04674962636480002,0.04710543011947418
70,70.0,70.0,0.0590616919378181,0.5670960376456109,0.055798377465049384,0.05451090956763846,0.11626540481456081,0.05409819863692993,0.0467323855658621,0.046436994366530274
71,71.0,71.0,0.05900486722247373,0.5699993722454315,0.054402136995548474,0.054099271328620906,0.11570626505484488,0.053960201010426985,0.047718987762738946,0.04510889837991461
72,72.0,72.0,0.05653942361991623,0.5747271316568512,0.05403943100031586,0.053550135328645505,0.11319496703058571,0.05194012783234838,0.049062475679197,0.04694630785214002
73,73.0,73.0,0.0580782067401348,0.5742596202886442,0.053322719264264094,0.05383440003726561,0.11230436359257664,0.052341415262987516,0.04820679683986026,0.04765247797426688
74,74.0,74.0,0.058392837134357826,0.5776525826283028,0.052367348495593526,0.05465095562304818,0.1114838508471081,0.05172195736778657,0.046925814489802264,0.04680465341400088
75,75.0,75.0,0.05894233890082387,0.5801422947254113,0.05269064675208514,0.05682700072840806,0.11068112150933068,0.05067900754006175,0.04514237233068321,0.04489521751319591
76,76.0,76.0,0.05843694184692733,0.5851673958678435,0.05207319216789376,0.057280602279697446,0.10945961355919905,0.049726198665903235,0.043486560356488395,0.04436949525604734
77,77.0,77.0,0.05702233497712819,0.5905993233495296,0.05141182862463237,0.055326318596916974,0.10880394685087529,0.049024205066188646,0.042918177617318684,0.04489386491741035
78,78.0,78.0,0.05728187526470232,0.5924706952304515,0.05233001149322496,0.05445699845309982,0.10858935216153588,0.04742722208654478,0.042304070740684416,0.045139774569756465
79,79.0,79.0,0.05791770664939408,0.5885112140217257,0.05344047340930329,0.058277233631556374,0.10783713624529048,0.04867324019111445,0.039132776728299686,0.046210219123315834
80,80.0,80.0,0.05647871063116903,0.5953716201767522,0.05340905989943413,0.05679196548827162,0.1069702255656812,0.04814477405371707,0.03819404385959793,0.044639600325376845
81,81.0,81.0,0.05814227152903933,0.59520558354879,0.05301885181685259,0.05641059388511479,0.10682970569044505,0.04911988389655576,0.03705454149831034,0.04421856813489209
82,82.0,82.0,0.05856309886551847,0.5989850229106786,0.05259417971881323,0.05641886030540101,0.10503512845056323,0.04786382801853102,0.03675222562522729,0.04378765610526701
83,83.0,83.0,0.057833527121254356,0.6051603032088703,0.05147430617136739,0.054849259918904526,0.10283434099121444,0.04767858198782004,0.036533226679989525,0.043636453920579535
84,84.0,84.0,0.05977915841067997,0.606876925228917,0.05107441909495522,0.054458216340253156,0.10131958792178498,0.04694365490832322,0.03624937779350637,0.04329866030158022
85,85.0,85.0,0.05824577474256931,0.609504700970279,0.051745391338290474,0.05303655756836225,0.1003560724673013,0.047569890274831605,0.036424798571269124,0.043116814067097
86,86.0,86.0,0.05931528129954677,0.6109155362861799,0.05145628046614537,0.052733949656858035,0.09985807377042258,0.04722815662187923,0.03619881901225534,0.042293902886712614
87,87.0,87.0,0.05926177475043443,0.6121765749026856,0.0508274155294748,0.05250016910827059,0.09980354985483629,0.04651271552218818,0.036074399660586724,0.04284340067152323
88,88.0,88.0,0.05969456340591493,0.6145213037238527,0.04948344385742623,0.051246768696838016,0.09988640928144732,0.04771972532079716,0.035003395768575925,0.0424443899451478
89,89.0,89.0,0.059909949285165756,0.6146793486592081,0.05281813708881485,0.04955582773954897,0.09935343226023875,0.04502429018291361,0.035272404501821945,0.043386610282288046
90,90.0,90.0,0.059810883378894134,0.6137798184021255,0.0530619326218779,0.049819107696184264,0.10056401960146112,0.042710016258168525,0.03526944866654858,0.04498477337474001
91,91.0,91.0,0.06200762307847991,0.6098757378422154,0.054344542686721654,0.050292215860428806,0.09962907532923033,0.042457443483218886,0.035060739860918025,0.04633262185878675
92,92.0,92.0,0.062202821322776596,0.6095630819000653,0.054762224235523044,0.05097904513870331,0.09877921062934349,0.04219782165745171,0.035500896314092374,0.046014898802044214
93,93.0,93.0,0.05972994601816644,0.6113709412849512,0.05449456622759638,0.050761143289022724,0.1002927056838113,0.042089454121136884,0.035373232009686416,0.045888011365628686
94,94.0,94.0,0.05930102286883643,0.6127849624968369,0.05424642951827006,0.05162439852167654,0.09926763287053858,0.04186600859836869,0.035940128819391355,0.0449694163060814
95,95.0,95.0,0.060328250550380116,0.6127251961845518,0.05197690656716986,0.04683429715996606,0.10209405132128926,0.042719224704542653,0.03683277443317832,0.04648929907892203
96,96.0,96.0,0.059703501729185086,0.614024577676656,0.05137670011573111,0.046306893271286835,0.10101647034709717,0.04246662429969668,0.0364003809981954,0.04870485156215197
97,97.0,97.0,0.059364954117971346,0.6126007696390828,0.05097565278538604,0.04637953806343404,0.10202573584592071,0.042640410375637365,0.03631243980441492,0.04970049936815304
98,98.0,98.0,0.05901085500970356,0.6132179736389404,0.05005840773116461,0.046458596080589304,0.10349748092404196,0.04232037693810758,0.03609256139036259,0.04934374828708996
99,99.0,99.0,0.05670324329816323,0.6156511622019368,0.04978710551773945,0.04617502605177005,0.1061557908583497,0.041368466285137545,0.03526235589811318,0.048896849888789964
100,100.0,100.0,0.057021722802703886,0.6165511605972543,0.0490686292822294,0.04533733109306583,0.10541411796265561,0.04107566431792111,0.03486979524067523,0.0506615787034945
101,101.0,101.0,0.05529715376247248,0.620425595976806,0.04653245326744287,0.045003990971848144,0.10620166179044989,0.03982043724403206,0.03444786289208652,0.05227084409486205
102,102.0,102.0,0.05452553378582599,0.6176360841366129,0.04573877810376222,0.04516636338779082,0.1096396270561696,0.03946372384122184,0.03494120068972965,0.05288868899888698
103,103.0,103.0,0.05513754422595821,0.6196076555328011,0.046097295217591136,0.04475610653575732,0.1085602236757234,0.03989273032074954,0.034620544555344766,0.051327899936074575
104,104.0,104.0,0.05515781427235153,0.6220835568084888,0.04448999759244455,0.04426943871365151,0.1074470595761315,0.03950952384338999,0.03666076088840493,0.05038184830513736
105,105.0,105.0,0.054239320779397755,0.6270160440715351,0.046157477037715076,0.046100659349806956,0.10296121351541077,0.038649465658901885,0.03508089173407548,0.049794927853156964
106,106.0,106.0,0.054058413925327106,0.6296627459119997,0.04607637972908354,0.04603044281488,0.10275051905037128,0.038581097674843114,0.03321672267042685,0.049623678223068464
107,107.0,107.0,0.05387137360653244,0.6306837821130933,0.04591370084769377,0.04582953407109158,0.10163791075091723,0.039161383829896645,0.033012920459870275,0.049889394320904876
108,108.0,108.0,0.053611183039179576,0.6335842028581318,0.045033714268889406,0.045763048841664315,0.0996137775141951,0.039070355357123554,0.03289218313385892,0.05043153498695726
109,109.0,109.0,0.05450324231289498,0.6363152515473108,0.04498185482047227,0.04555975784579243,0.0982510281137206,0.03911409088339648,0.03289412824514896,0.04838064623126338
110,110.0,110.0,0.05420711403785642,0.6398709027210774,0.044675684836059666,0.04513320199741685,0.09640859723215939,0.038752773985646354,0.03322271762492053,0.04772900756486333
111,111.0,111.0,0.05437643363101384,0.6418502681781071,0.045680108105899585,0.043306945243358354,0.09662343817374369,0.03847276583532449,0.03256655176513807,0.04712348906741492
112,112.0,112.0,0.05378523318446851,0.6445035822289198,0.045211488507208165,0.04351452473162621,0.09746414654080392,0.038168396695332875,0.031669349377468556,0.045683278734171974
113,113.0,113.0,0.053634565007596245,0.6478094680201253,0.044101730750258916,0.04287087523714898,0.09715811255682105,0.03777527908640857,0.031720315167039395,0.044929654174601576
114,114.0,114.0,0.05334946680600165,0.6501981906498782,0.04315154132698493,0.04170093353412917,0.09718420995159056,0.037259187495891896,0.03253028077214513,0.04462618946337845
115,115.0,115.0,0.05508697976970115,0.6475067587257934,0.04237761658508956,0.042394847996799816,0.09908417257062477,0.03639561733219248,0.03246921048215302,0.04468479653764575
116,116.0,116.0,0.05474148644902403,0.6502902748411932,0.043974064700337184,0.04208590595880403,0.09610714611035134,0.03682396272876978,0.03225273503043186,0.04372442418108883
117,117.0,117.0,0.05547352959319541,0.6509824157592449,0.043032859949684796,0.04147681349975209,0.09745878902127338,0.03678970669935329,0.03136374275497476,0.04342214272252158
118,118.0,118.0,0.055789369943605324,0.6499324399203806,0.04347006547745871,0.041256272164438175,0.09747737471805652,0.037790297129334696,0.031153540746093562,0.04313063990063224
119,119.0,119.0,0.054802835282471124,0.6507339456900972,0.043943673218608065,0.04217445175273947,0.09615465577544217,0.03778108811786877,0.03299120440709371,0.04141814575567928
120,120.0,120.0,0.05477099189904421,0.6525131447146924,0.04363459998095339,0.04207444230540835,0.09563405373946217,0.037040371957513564,0.03295813016659689,0.041374265236329
121,121.0,121.0,0.05462269376033783,0.6509132808051653,0.043433688595441375,0.04322012006060313,0.09586552646522742,0.037869817537022774,0.03280050882437493,0.041274363951827105
122,122.0,122.0,0.05395752373944454,0.6514856543900875,0.045623188051191844,0.04240445862440948,0.09565058425152398,0.038466982194404406,0.03278417116805426,0.03962743758088382
123,123.0,123.0,0.054360617213183304,0.6502006206389253,0.04654202965110732,0.041714995745104615,0.09613008303212656,0.03837911099414903,0.0325760292665704,0.040096513458833374
124,124.0,124.0,0.05429638277302457,0.6500630571009202,0.046342107884776995,0.04179293108539923,0.09553119009518657,0.0381879525831142,0.03393221742243642,0.039854161055141765
125,125.0,125.0,0.0518010022656041,0.6515526961784669,0.0465552170436586,0.04250018428884504,0.09552915156715279,0.03839329192228507,0.033831989384227316,0.039836467349760145
126,126.0,126.0,0.05127675953958791,0.6524194407814683,0.045209371304547934,0.043972331427036625,0.095937319858825,0.03841539150767857,0.03290539130873828,0.039863994272117356
127,127.0,127.0,0.051129820863607976,0.6531238208794127,0.048204306516595165,0.04373079012241581,0.09310941501384726,0.03792745303906524,0.03274984939954596,0.04002454416550995
128,128.0,128.0,0.052718620543707774,0.6532727401216936,0.04813623855770841,0.04220199878251584,0.09176355441369728,0.037812068512291575,0.034243228413939744,0.039851550654445685
129,129.0,129.0,0.053144561716244834,0.654532709748698,0.04774353965544859,0.041708829932233425,0.09066054605453784,0.03817146066750583,0.03455505447886457,0.0394832977464667
130,130.0,130.0,0.051369908498626264,0.6575321150227418,0.04739103977166511,0.042769629688481095,0.09025586551908861,0.03870025466306799,0.03427506892382358,0.037706117912505506
131,131.0,131.0,0.05227129842858417,0.6601998234346855,0.04575748656935465,0.04257148210894159,0.08947417374618231,0.03874418597419927,0.0334420971002695,0.037539452637782814
132,132.0,132.0,0.05278318864131068,0.6601992009815655,0.04564100640026596,0.04243556326983689,0.08825647509397362,0.03993251427200449,0.03332403337588919,0.03742801796515357
133,133.0,133.0,0.05218712756674724,0.6623563319498926,0.046089985009519586,0.041986721325820285,0.08869449764744423,0.03911147430432363,0.03212117009540772,0.037452692100844724
134,134.0,134.0,0.05162385213745519,0.6640767453094484,0.04610965770286007,0.042337245911503424,0.08735251949878586,0.03890119988837566,0.0321752521267415,0.037423527424830016
135,135.0,135.0,0.051498528689628266,0.6647322015192427,0.04465198114131565,0.04191576434673887,0.08838199202212871,0.03990744534978878,0.03214815169729633,0.036763935233860824
136,136.0,136.0,0.04963405286806803,0.6658236511950807,0.04457447670985806,0.041935272300268216,0.0895002323099236,0.040031281624817984,0.032263805213130464,0.03623722777885321
137,137.0,137.0,0.048307131926554316,0.6693714814140481,0.043103893460858196,0.042176695123692695,0.08837535117398437,0.039999443777184965,0.032421142397551735,0.036244860726125774
138,138.0,138.0,0.049226186161712815,0.6683821155691629,0.04474688696751808,0.04185943522068285,0.08841028217523418,0.03825280450106173,0.03228489188015486,0.03683739752447272
139,139.0,139.0,0.0482455753012634,0.6689942646505145,0.04448715800138851,0.04272224743830866,0.08800413098674825,0.03870287356599362,0.03212851249434342,0.03671523756143987
140,140.0,140.0,0.04610643935812842,0.6701061913470058,0.04605267032835965,0.04216129742784528,0.08727293152946038,0.0395403551503904,0.03205911851591595,0.036700996342894344
141,141.0,141.0,0.04611112131417006,0.670823671082685,0.04737591020402303,0.04271698837412259,0.08316171751644136,0.040929882625401114,0.03213787252329046,0.03674283635986648
142,142.0,142.0,0.045773715025998855,0.6706788475313182,0.04850108376800892,0.04272424741025677,0.08116926430890734,0.04161248800931282,0.032084288356987324,0.03745606558920973
143,143.0,143.0,0.04433650169596433,0.671395719717201,0.04897376727272369,0.04272751510070189,0.08096344858241576,0.04150813477506384,0.032056454997150124,0.03803845785877943
144,144.0,144.0,0.04447254835688933,0.6725354699276591,0.04883860359685031,0.04268105757712716,0.08011499650867046,0.04148649208062743,0.03195528545354521,0.03791554649863093
145,145.0,145.0,0.044485600935596316,0.6733965892001644,0.04778229064996536,0.04262461449539567,0.08171121960458927,0.04162622992197405,0.031948352468722754,0.03642510272359223
146,146.0,146.0,0.04412436972293702,0.6728916852329558,0.04921062581609858,0.043176145952745,0.08046178364147767,0.04146033520522247,0.03157585756507543,0.03709919686348815
147,147.0,147.0,0.04442660868552073,0.6667172929942567,0.04929661127138448,0.04421389146141853,0.08124075879148847,0.04394042595285118,0.03281669554276375,0.037347715300316296
148,148.0,148.0,0.04434393182149363,0.66744290591788,0.04921604834424128,0.04310809597633999,0.08219902676413339,0.0438096623002565,0.03264977361290688,0.037230555262748426
149,149.0,149.0,0.04418203783958382,0.6669168603686676,0.048944201143624126,0.04224740505971187,0.08261034416455428,0.044874079624400355,0.03313602713220373,0.03708904466725435
150,150.0,150.0,0.043352515290844565,0.6650920098397296,0.04905733019970075,0.044134512010008516,0.08318170127485806,0.044535121748056815,0.03303556544775475,0.03761124418904708
151,151.0,151.0,0.04317761548014164,0.6666348782281027,0.048702365016087705,0.04431310881467128,0.08262650824167087,0.04428057964729004,0.03281023090775438,0.037454713664281346
152,152.0,152.0,0.043972859397114705,0.6639544081453099,0.0497144401013078,0.045202115581268625,0.08284860383215341,0.04483979226471721,0.03275088726197121,0.036716893416157234
153,153.0,153.0,0.04511197820029706,0.6657624455998774,0.04979234511752239,0.04514213044069008,0.08063231128283586,0.0438393370075594,0.032885190636086976,0.036834261715130885
154,154.0,154.0,0.0412175384741199,0.6668528749420065,0.050115056180684805,0.044849297934784774,0.08214175552341038,0.0447583574742324,0.03275210200424176,0.037313017466519736
155,155.0,155.0,0.044369078832774654,0.665866781184543,0.04931682644701688,0.043828387512119545,0.08290770734523141,0.0451858201837545,0.032284523826898254,0.03624087466766179
156,156.0,156.0,0.046641518128759114,0.6648077557276095,0.048873452944336086,0.043501773303213816,0.08331404293131069,0.04533402995493418,0.031783038786192444,0.03574438822364448
157,157.0,157.0,0.04879081387817739,0.66584112451768,0.04900080411861829,0.04352290764222595,0.08057252800827522,0.04513029983158973,0.031592573807692106,0.03554894819574142
158,158.0,158.0,0.04962569077712334,0.666300930846328,0.05106410356013902,0.043224185829185725,0.08222021756785894,0.041715106507555236,0.031150738957101246,0.03469902595470851
159,159.0,159.0,0.04934728003442687,0.66697271408954,0.05011845925735185,0.043205891953749,0.08318376724569433,0.04076226701900146,0.031541777812425814,0.03486784258781085
160,160.0,160.0,0.049125468858767,0.6660830166674965,0.052791176578529636,0.04453508136740318,0.08269933274130407,0.039726532116747156,0.03061304573811572,0.0344263459316368
161,161.0,161.0,0.04817769231983552,0.6684065095537338,0.05106861926050298,0.04425125514911397,0.0816881911360868,0.04020986164007772,0.032717723424098004,0.033480147516551324
162,162.0,162.0,0.04814188705209492,0.6694812819036098,0.05172234408500185,0.04363755555347905,0.07948299235609453,0.03959512273497661,0.0345360078779223,0.03340280843682106
163,163.0,163.0,0.046362037384395476,0.6690248077705102,0.0517055205271378,0.042958068834045786,0.07988031392683921,0.04329704294558699,0.034191505904487614,0.03258070270699711
164,164.0,164.0,0.04534150778474323,0.670362626967648,0.052871229511985224,0.04184659387951561,0.08013237278849665,0.04275572399693326,0.03416961432120118,0.032520330749477126
165,165.0,165.0,0.04474120063587097,0.6682964617098162,0.05198940585780303,0.042392263888952786,0.08029315843764118,0.0435469565132672,0.03565786340558489,0.03308268955106388
166,166.0,166.0,0.042936556704595584,0.6702898202863042,0.05183108784041194,0.04164978018337877,0.0802749002682253,0.04419103374181922,0.033732298715938795,0.03509452225932635
167,167.0,167.0,0.04326865726492315,0.6707960423420318,0.05191974561226082,0.03937137362414533,0.08243186066443058,0.044344103751993394,0.0326206244707145,0.035247592269500506
168,168.0,168.0,0.043290597318575014,0.6669962919305202,0.05283406312971872,0.03866175951767162,0.08481231030965855,0.04553662622222522,0.03262069188642232,0.03524765968520833
169,169.0,169.0,0.043164260012044,0.6674248449482238,0.053340574341056164,0.03895095779035356,0.0837294802616672,0.04606062175670281,0.03234530523664501,0.03498395565330744
170,170.0,170.0,0.04162166162782286,0.6632684650731318,0.05418748646735925,0.039507111358757355,0.08366350451694607,0.04989013871174453,0.032622819491350506,0.03523881275288766
171,171.0,171.0,0.04138002117940749,0.6595017139189256,0.05539343102273675,0.04015494891637929,0.0840600503148231,0.05008831166373541,0.03284191425222631,0.03657960873176602
172,172.0,172.0,0.04125305369145357,0.6558770524170264,0.059101394609411856,0.04095825245547806,0.08293527480842879,0.05085382920786394,0.032663168268731176,0.036357974541606164
173,173.0,173.0,0.041189553757146675,0.6538146029502202,0.058771448886150934,0.041777932521998226,0.08294265876832602,0.052571395492206845,0.03258283331758925,0.03634957430636181
174,174.0,174.0,0.042634298419691935,0.652763791830669,0.05897978130842718,0.042382609048601784,0.08110190134548814,0.05432192490015767,0.03318019348481324,0.03463549966215098
175,175.0,175.0,0.04322813659366039,0.6502817502158007,0.05880175803643516,0.0434796741543686,0.08159328472504564,0.05500741084434532,0.03308678240010386,0.034521203030240276
176,176.0,176.0,0.041923305442396225,0.6502969215029129,0.05831047007911326,0.042971859671373826,0.0834195525761332,0.05513601843069945,0.03326001039872546,0.03468186189864568
177,177.0,177.0,0.04026316201721318,0.6494379526593755,0.05964904704340014,0.04291214382207466,0.08231600062068188,0.05807450060916066,0.03349572480828387,0.03385146841981001
178,178.0,178.0,0.04093871682821079,0.6465988242491961,0.06040779033040003,0.04362744097714674,0.0819408002219696,0.057847925209639266,0.03413695204329749,0.03450155014013991
179,179.0,179.0,0.04053629469065052,0.6423992558487127,0.06184375785285826,0.04426773997182166,0.08349505046327116,0.05862287309545618,0.03425126418526483,0.03458376389196459
180,180.0,180.0,0.041556026089470885,0.6381177226652762,0.06294067096322936,0.04514368985591038,0.08252192424273568,0.059272468848545944,0.03638213245312704,0.03406536488170441
181,181.0,181.0,0.04157424141399953,0.63585288550628,0.06359958670491446,0.046701747142509076,0.08206437847633206,0.05963115633031692,0.03641327462585411,0.034162729799793665
182,182.0,182.0,0.04157182341158152,0.6343476503245744,0.06355625651452547,0.046571623512385446,0.0814482661837492,0.061933211632372226,0.03641085662343611,0.034160311797375664
183,183.0,183.0,0.04175665442424534,0.6319583702573804,0.0630121471315822,0.04663929632093453,0.08280713556628624,0.06292278795625685,0.03658091222238833,0.034322696120926116
184,184.0,184.0,0.04223511123698411,0.6263881823793084,0.06289368220360345,0.05015014884760318,0.08474258379135723,0.06105580162950682,0.03708082702336656,0.03545366288827035
185,185.0,185.0,0.04236277525437533,0.6218490795021903,0.06180046612091125,0.051242398991869206,0.08484913034933499,0.062127422959560606,0.0384720420406608,0.03729668478109754
186,186.0,186.0,0.04221002621572925,0.6224524132835262,0.06309591263746618,0.052247513801552535,0.08328824223949795,0.061980664919195745,0.037622412214085375,0.03710281468894651
187,187.0,187.0,0.042719147384778416,0.6179931881469263,0.06501847930104905,0.05172526845623234,0.08144011462476629,0.06445384500844904,0.03916577451025492,0.03748418256754355
188,188.0,188.0,0.04233692457228177,0.6172217832770717,0.06467257239074052,0.05222762248039163,0.08146918415923281,0.06407837071563195,0.03889248415963192,0.039101058245017604
189,189.0,189.0,0.04224524106384151,0.617341111247326,0.06595477586908625,0.050935935753836266,0.08276369060850162,0.061047805101642906,0.038930332095944535,0.04078110825982077
190,190.0,190.0,0.0430898532111766,0.616588373788021,0.06573703470639004,0.047794058361781036,0.08580407406052731,0.06172552543287364,0.03893662438019197,0.04032445605903848
191,191.0,191.0,0.042619709127407666,0.6124077408503756,0.06740487402658915,0.050331626498491634,0.08611090962370706,0.06158022162750536,0.03851852110944067,0.041026397136482796
192,192.0,192.0,0.04283969069679971,0.6109717840973871,0.06872832619945181,0.0511634036796793,0.085898548669085,0.06111284014238039,0.0387056096459397,0.04057979686927714
193,193.0,193.0,0.04327746122201828,0.6141711863905464,0.06878696747395038,0.04988075008919527,0.08267412051011168,0.06186351453546062,0.04004521337271135,0.039300786406006046
194,194.0,194.0,0.04460260809903007,0.6133523562783982,0.06871764156725545,0.048330692576011976,0.08425158194749818,0.06165066505303874,0.03992029417547279,0.039174160303294535
195,195.0,195.0,0.04488731270415705,0.6085676939461312,0.07012572279575906,0.048615397181138956,0.08367149867206294,0.06352896140216395,0.04020499878059977,0.040398414517986994
196,196.0,196.0,0.0483465770599578,0.6068608145006763,0.0707073934798036,0.04861787141348291,0.0815256856297245,0.06336299537911112,0.04020747301294372,0.04037118952430006
197,197.0,197.0,0.04757338609594966,0.6039542018812121,0.0709578085394015,0.049722987327781666,0.08186088668242757,0.06486322991433495,0.040386663001316554,0.040680836557575935
198,198.0,198.0,0.04773457792389886,0.604227897307816,0.06996338453578121,0.04972642320010255,0.08151753936065614,0.06566098016792675,0.04041146639500496,0.040757731108813415
199,199.0,199.0,0.04664618221286863,0.6014264691811545,0.07099351875459312,0.04913277113310944,0.08233269826622565,0.06555309697648778,0.04248001331978948,0.04143525015577137
200,200.0,200.0,0.04538086083350044,0.5946572957854286,0.07237814958218247,0.048881943324376724,0.08413072502119429,0.06901402793839326,0.04203596087760924,0.04352103663731496
201,201.0,201.0,0.04589206764083956,0.5936939802132247,0.07575994995033807,0.04646071334138166,0.08522253608616219,0.06855137938656923,0.039740862623896485,0.044678510757588066
202,202.0,202.0,0.04535032195139823,0.5961365632613232,0.07774228511831092,0.046164933542560314,0.08435335523322013,0.06646028960392417,0.039406980931627325,0.04438527035763562
203,203.0,203.0,0.04525694147171669,0.5948972671508302,0.07761330077044502,0.046399122263304574,0.08479408965132026,0.06544686025790819,0.040970495553220625,0.044621922881254425
204,204.0,204.0,0.04581220813311257,0.5911372129458883,0.07840445647143253,0.04713416145843185,0.083676247690771,0.06801493830660474,0.04115142475348994,0.044669350240268926
205,205.0,205.0,0.04662935361938934,0.5825927848098014,0.07742339785196913,0.048050847274313975,0.08798021732944182,0.06966047196341456,0.04187268857123379,0.045790238580435974
206,206.0,206.0,0.046738049271563255,0.5797794318330195,0.07947588126353362,0.0481595429264879,0.08808891298161574,0.06976916761558846,0.0419813842234077,0.0460076298847838
207,207.0,207.0,0.04722892278448697,0.5778022673191375,0.07856429523475536,0.04871723412264633,0.08765759291462638,0.0715961215025782,0.04258431874492385,0.04584924737684543
208,208.0,208.0,0.046068407994831924,0.5817708186247403,0.076592077026906,0.04866679494547162,0.08733731495959987,0.0711380908021933,0.042635759416079284,0.045790736230177626
209,209.0,209.0,0.046703932211585385,0.5761748772777721,0.07824534831947,0.04835587896727479,0.08757177758912735,0.07504598125684185,0.043728349081557476,0.04417385529637105
210,210.0,210.0,0.04822953942824663,0.5729059373364797,0.08036412963258727,0.04834379695588551,0.08721313549940098,0.07567566627395408,0.04301831606846167,0.044249478804984074
211,211.0,211.0,0.04607241783171059,0.5703841511874711,0.0759363953921667,0.04900900294358183,0.09252753193545349,0.0774734462839987,0.04373573311822127,0.04486132130739627
212,212.0,212.0,0.04466663850425053,0.5673749181621959,0.07932008849950743,0.049232359245257394,0.09153045150520546,0.07885979501858044,0.04391467151340996,0.04510107755159279
213,213.0,213.0,0.04445670350416789,0.5631620498774588,0.07953108050745807,0.0520651708445222,0.09276166227867969,0.07938240892382473,0.04375493065545861,0.04488599340842999
214,214.0,214.0,0.04435052691498462,0.5632900625919087,0.08091647336285086,0.05326751759926114,0.09156917127837663,0.07864997278695811,0.043821640642279065,0.044134634823380946
215,215.0,215.0,0.04197486152807606,0.5665863846257749,0.08468186450134142,0.05435552649766264,0.08973322924224822,0.07601915590784847,0.04370721256165121,0.042941765135397124
216,216.0,216.0,0.04177897780050525,0.5595971184562752,0.0847786442765383,0.05782812654573242,0.09119750385544562,0.07490546089479395,0.047168286762882976,0.042745881407826314
217,217.0,217.0,0.0419288480196423,0.5556572732930712,0.08544641730897459,0.05636366701328481,0.09132011919438664,0.07284433223626549,0.053543591307411736,0.04289575162696336
218,218.0,218.0,0.04405807600413344,0.5534862364122819,0.08774586250315662,0.05535640558419676,0.09091263681322004,0.07250001524721165,0.05324800726182769,0.042692760173971916
219,219.0,219.0,0.04373430190701469,0.5546329651798536,0.09041342583997493,0.05520767359323467,0.0938631794268881,0.0665206202429864,0.05309154044895171,0.04253629336109594
220,220.0,220.0,0.043533622280030645,0.553043412249739,0.09250771975796442,0.05682093166254127,0.09169231087973172,0.0668618796138237,0.05302974971085655,0.04251037384531267
221,221.0,221.0,0.04366018479083892,0.5480961717273675,0.09272696253981641,0.05677223475449666,0.09062212683051449,0.06948575668586619,0.053916292981645596,0.04472026968945429
222,222.0,222.0,0.043786175599406875,0.5470076179015333,0.09225234816301361,0.057035832719033036,0.08995808892292143,0.0691374255753252,0.05489874166017071,0.04592376945859571
223,223.0,223.0,0.043698534164897364,0.5415587577894496,0.09533940311423493,0.05745741616818122,0.08934289092619124,0.06963061112300083,0.05499352772369797,0.04797885899034658
224,224.0,224.0,0.04529709150388585,0.5393438540177633,0.09635349863309073,0.05683393729736345,0.08869628829890512,0.07098868024772535,0.05490279510550312,0.04758385489576293
225,225.0,225.0,0.04516131144070106,0.5407395293245094,0.09606446186492514,0.056503225460299525,0.08805570215922641,0.07135814576238145,0.05476701504231834,0.047350608945638584
226,226.0,226.0,0.04770772369056319,0.5371601121973,0.09576712820561682,0.05715268454213773,0.08915744322129884,0.07064328451856264,0.05425357343445426,0.04815805019006652
227,227.0,227.0,0.04766776275025875,0.5341182640247364,0.09937020776626802,0.0565566927811373,0.09173507675933625,0.06816477280656823,0.054047793967325605,0.048339429144369304
228,228.0,228.0,0.048958416673144815,0.53106470539626,0.1019130458104003,0.05969276658456639,0.08717002539996167,0.06870601531764835,0.05351121546379276,0.04898380935422552
