Total_iterations,Unnamed: 0.1,Intertwine_two,Add_vertex,Delete_vertex,Invert_path_vertices,Insert_inside_vertex,Delete_inside_vertex,Replace_inside_vertex,Donate_between_routes
0,0.0,0.125,0.125,0.125,0.125,0.125,0.125,0.125,0.125
1,1.0,0.1247476851851852,0.1255550925925926,0.1252523148148148,0.1243439814814814,0.1254541666666666,0.1243439814814814,0.1251513888888889,0.1251513888888889
2,2.0,0.1244508315527065,0.1273842389601139,0.1246830715811966,0.1229470908119658,0.1267155687321937,0.1229470908119658,0.1245101278490028,0.1263619797008547
3,3.0,0.1247067240460441,0.1290259517653423,0.123656222013744,0.1214842163356064,0.1285025260332236,0.1211157952829748,0.1241524304096805,0.1273561341133842
4,4.0,0.1247779083585884,0.1318510000996345,0.1219856327256685,0.1199925873043796,0.1309976526367611,0.1189260960763095,0.1233658156080834,0.1281033071905749
5,5.0,0.1248469262458656,0.1352403187042599,0.1201676775472068,0.1183745201986093,0.1337715362128761,0.1166202552863286,0.1217502834119076,0.129228482392946
6,6.0,0.124628352938552,0.1393950804003951,0.1181333112034052,0.1169268829543246,0.1369518381387993,0.1141309840634864,0.1204493974040629,0.1293841528969745
7,7.0,0.1245170682455491,0.1433823766336243,0.1159947804369317,0.1156621443123288,0.140249843414744,0.1115717801259935,0.1189742075418136,0.1296477992890148
8,8.0,0.1244642259381256,0.1486791337129586,0.1138013223401536,0.1147993620985133,0.1425925881997353,0.1089499290843903,0.1173770509543775,0.1293363876717456
9,9.0,0.1245122578235455,0.1543861486427048,0.1114684992402043,0.1137835650437948,0.1449642987821462,0.1062458782324679,0.115937090256142,0.1287022619789946
10,10.0,0.1245104964780917,0.1597212945962487,0.109022024643817,0.1131454777474376,0.1470357573331152,0.1035178820771863,0.1147128305593029,0.1283342365648007
11,11.0,0.1247740290313771,0.1647019779285347,0.1064161686196999,0.1126000969042832,0.1496553959945371,0.1006866511211919,0.1130036010066905,0.1281620793936857
12,12.0,0.1246980973673802,0.1703171467137162,0.1036784285309352,0.1123754003910719,0.1519207059500048,0.0977757420095172,0.1113644686311916,0.127870010406183
13,13.0,0.1246770558131812,0.1762187857569939,0.1008363026524195,0.1121504457622493,0.1540175090357063,0.0948244266316534,0.1091694969499328,0.1281059773978638
14,14.0,0.124505546337814,0.1819449837924517,0.0980271426250873,0.1120845850150556,0.1564377228798413,0.091935813645525,0.106951932993067,0.1281122727111583
15,15.0,0.1236480243991979,0.1885184398364868,0.0952749092836543,0.1119510274467335,0.1585155108203446,0.0894097914865265,0.104736035342021,0.1279462613850355
16,16.0,0.1220279285343061,0.1963273640892656,0.0925278919444044,0.1116648865845875,0.1601410446845875,0.0869257098338835,0.1026399751639022,0.1277451991650633
17,17.0,0.1198275059146991,0.2051495497125583,0.090062885974012,0.1111740216064615,0.1613358576500995,0.0847812447866694,0.100478620062743,0.1271903142927574
18,18.0,0.1172717723437185,0.2136748498946876,0.0876236561874641,0.1109142318219238,0.1630060823486245,0.0831357984015855,0.0982850907566896,0.1260885182453067
19,19.0,0.1148195704167161,0.222046096259857,0.0852094937159152,0.1106778446642361,0.164176744927317,0.0814984852629756,0.0965307435171927,0.1250410212357905
20,20.0,0.1124630887145733,0.2304976722730596,0.0828103223509074,0.1102984272713753,0.1656197980933498,0.0801023365571351,0.0946856518489775,0.1235227028906219
21,21.0,0.1100683346523389,0.2392444443804751,0.0805018732625686,0.1099226661622557,0.167014256741774,0.0789892301562717,0.0925807279295194,0.1216784667147968
22,22.0,0.1074900776308138,0.248484878577665,0.0783113131823392,0.1094361979970017,0.16789631116339,0.0779138775208504,0.090494853852641,0.1199724900752991
23,23.0,0.1048005536594158,0.2581197633928878,0.076317734969357,0.1089741220871902,0.1690674348092222,0.0769793571428343,0.0883082310624939,0.1174328028765991
24,24.0,0.1022248801845225,0.2671299331646675,0.0743032683671634,0.107937583801342,0.1702504863237133,0.0764149553214126,0.0866355835092462,0.1151033093279327
25,25.0,0.0999453497965158,0.2770875829361185,0.0724207978396739,0.1067623923439467,0.170912942901984,0.075864142173553,0.0847678108620853,0.1122389811461229
26,26.0,0.0979577437526688,0.2869204728772709,0.0705618416793323,0.1052805816165785,0.1708190459363071,0.0755924560873829,0.0830503501806845,0.1098175078697751
27,27.0,0.0960286946719927,0.29650738258368,0.0688346849411665,0.1039928988873712,0.1701888572073878,0.0755793212471497,0.0813863252910959,0.1074818351701565
28,28.0,0.0942091621945716,0.30619932900891,0.0676446045095956,0.1020219661801248,0.1693354369430401,0.0754400626836751,0.0798120979905576,0.1053373404895255
29,29.0,0.0927686446496816,0.3153380367541692,0.0667991892038972,0.1002386203545472,0.1681282714424105,0.0747051108489163,0.0787931718520069,0.1032289548943712
30,30.0,0.0911545066219012,0.3243139264805734,0.0660346391075402,0.0984314192750699,0.1669646147294167,0.0741425203357126,0.0778192511864622,0.101139122263324
31,31.0,0.0897987844723926,0.3324296803876626,0.0652841591682622,0.0966134746096772,0.1661114958271178,0.0735688590410458,0.0765854799561935,0.0996080665376483
32,32.0,0.0880789371075594,0.3412848404559668,0.0646386560049407,0.0948394778054462,0.1649795083050364,0.0730425402666579,0.0753433667022408,0.0977926733521519
33,33.0,0.0863924158627309,0.3501813850118858,0.0640727173938027,0.0930316083507413,0.1637486079051717,0.0722094998307089,0.0742804952105838,0.0960832704343749
34,34.0,0.0856013755299289,0.359531828331958,0.0634419011754351,0.0909340476397027,0.1623033815214589,0.0714093085789479,0.0732756605715707,0.0935024966509976
35,35.0,0.0850429301073914,0.3690848314920717,0.0626039368090563,0.0887880493669601,0.1606434261048219,0.0705922366463523,0.0723031174103392,0.0909414720630069
36,36.0,0.084375425774031,0.3780303214921997,0.0617465614251891,0.0866194532987794,0.1587502952039375,0.0699646780801391,0.0716261927591814,0.0888870719665426
37,37.0,0.083203561744559,0.3880952292833475,0.0609630861544655,0.0845612461249019,0.1562976369144927,0.0695105742707719,0.0708313453151013,0.0865373201923601
38,38.0,0.0825486659364003,0.3979445031271507,0.0600786151570303,0.0825720377177897,0.1538436369158174,0.0690894417610892,0.0698900811855842,0.0840330181991382
39,39.0,0.0817745219351614,0.4073170433291105,0.059239910858202,0.0804760869006692,0.1517279199623227,0.0688492455860198,0.0689911890940059,0.0816240823345083
40,40.0,0.0807693569776321,0.4168600968824582,0.0584229005280376,0.0785190232809546,0.1495152688297317,0.0685368773245564,0.0680919723269574,0.0792845038496721
41,41.0,0.0799502302737683,0.4260282387196062,0.0576586927268529,0.0763717219482957,0.1475181638370692,0.0683743775814132,0.0670212729016561,0.0770773020113382
42,42.0,0.079105166687551,0.4346849194358226,0.0569916765421474,0.0742444136779943,0.1456518925443651,0.068348805173572,0.0660438544635509,0.0749292714749967
43,43.0,0.0780782975272438,0.4433617077846416,0.0563333711973118,0.0722002220269924,0.1438256941241254,0.0681069057030494,0.0652155051150185,0.072878296521617
44,44.0,0.0770477315256818,0.4517066425270394,0.0556886829145538,0.070595529174775,0.1417058790705759,0.0677931817191981,0.0645422881169768,0.0709200649511991
45,45.0,0.0758710911825801,0.4589587389032802,0.0552519063257667,0.0691191777155803,0.1402299109550759,0.0677527739080362,0.0636846130278644,0.0691317879818161
46,46.0,0.0743219931766555,0.4663231910028842,0.0548116334012321,0.0678819435130201,0.1389029713490605,0.0676402207758067,0.062830757726988,0.0672872890543527
47,47.0,0.0731038318214174,0.4728629752705779,0.0544797299041096,0.0668103500484592,0.1376858378111233,0.067580242525506,0.0620814539493343,0.065395578669472
48,48.0,0.0719176133090135,0.4793298331784246,0.0541720242939813,0.0656091894283436,0.1361412708189976,0.0676728004284507,0.0613042896556971,0.0638529788870913
49,49.0,0.0707628100230801,0.4864623642414849,0.053884470440475,0.0645062125798647,0.1341724367933259,0.0675104631755295,0.0602545510120966,0.0624466917341431
50,50.0,0.0694879251699584,0.4928081619950924,0.0543471472904681,0.0633262926486026,0.1324115283736174,0.0672329608313628,0.0592223146957834,0.0611636689951146
51,51.0,0.0682503245024426,0.4986628911132019,0.0547787532875964,0.0622330270154669,0.1307189645027448,0.0669015420903331,0.0582222235084711,0.0602322739797429
52,52.0,0.0672073244295755,0.5043900857812387,0.0553459102204919,0.061243811818798,0.128834922042994,0.066276682309401,0.0571441007730048,0.0595571626244961
53,53.0,0.0661535056781239,0.5098853436070323,0.0557400486654581,0.0601426420388091,0.1271115515586966,0.0660774293733198,0.0560786574467388,0.0588108216318214
54,54.0,0.0651209284587693,0.514957777682126,0.0558435056164811,0.0592539842146827,0.1257309794456173,0.0659155262631777,0.0551657000853829,0.0580115982337628
55,55.0,0.0643601811784832,0.5195834961838047,0.0558453477431395,0.0583562361131364,0.1245998385814061,0.0656467890787817,0.0543882746313744,0.0572198364898739
56,56.0,0.0639962151037478,0.5241971113474745,0.0557900802433294,0.0575256868936351,0.1233087380411108,0.065353307313069,0.0536243528832143,0.0562045081744191
57,57.0,0.0635901201571045,0.5289307438448605,0.0556450385770351,0.056860348881258,0.1219516070164738,0.0649565381705852,0.0528505873833498,0.055215015969333
58,58.0,0.0632031426677112,0.5336872160553822,0.0555680642822732,0.0561181645442249,0.1206560557325236,0.0646435564686027,0.0518365299614976,0.0542872702877845
59,59.0,0.0627940700788097,0.5381910139290602,0.0555615907299146,0.0556074549647797,0.1194091898979393,0.0642528330629534,0.0508370442315201,0.053346803105023
60,60.0,0.0625504874695871,0.5419451032849807,0.0556398900432333,0.0554127107008015,0.1184854854219102,0.0636787936678787,0.0498944196688406,0.0523931097427678
61,61.0,0.0622011357388378,0.5460129261528917,0.0556949058596419,0.0548859606978517,0.1174961282948079,0.063120212233858,0.0490348496364437,0.0515538813856674
62,62.0,0.0618496588023528,0.5497806181157419,0.0557347235258207,0.0544232241804331,0.1167474729218176,0.0622612643645007,0.0482189686991333,0.0509840693901997
63,63.0,0.061533272145223,0.5533008363214853,0.0558800988382769,0.0540789275244778,0.116133282222535,0.0613613695731063,0.0474245589673532,0.0502876544075423
64,64.0,0.0612085676698961,0.556562012328834,0.0558596447594483,0.0537497859654065,0.1157653870743788,0.0605508970522716,0.0466698739845956,0.0496338311651691
65,65.0,0.0607564310952033,0.5597436456884158,0.0557770426227392,0.0535601184880295,0.1152936649041858,0.0597215571916712,0.0459488872794615,0.0491986527302935
66,66.0,0.0603857304666652,0.5635490556068758,0.0555797314326359,0.053345960541337,0.1144977330572127,0.0589313909919772,0.0453037830934199,0.0484066148098763
67,67.0,0.0598374882123679,0.5665990221957495,0.0554527233572101,0.0533798278405577,0.1139747535827336,0.0581369013014509,0.044782623754345,0.0478366597555852
68,68.0,0.0593258971966723,0.5698671681836867,0.0551184223367458,0.0533882989016696,0.1133721147887037,0.0572131049124338,0.0444136526984333,0.0473013409816549
69,69.0,0.0588506805365199,0.5732678738196186,0.0550314102989384,0.0532907878660657,0.1129108801792179,0.0562117871813195,0.0439477885499413,0.0464887915683786
70,70.0,0.0583561038733466,0.5765802414198659,0.0550018257365291,0.0529625509661721,0.1124390365320232,0.0554086164508633,0.0435548051145534,0.0456968199066465
71,71.0,0.057912358285601,0.5797568636823278,0.0548435411006958,0.0526414575183806,0.1119967269564018,0.0546588588526632,0.043331556046905,0.0448586375570248
72,72.0,0.0572773679857428,0.5829910247453166,0.0546604002878712,0.0523121379534732,0.111384613916901,0.0537750831180528,0.0433088549948256,0.0442905169978168
73,73.0,0.0568523755842341,0.5857723796343012,0.0544176926898482,0.0520565567896703,0.1107627553686863,0.0530014641471103,0.0432603923708642,0.0438763834152855
74,74.0,0.0565136037738576,0.5884997676748965,0.0540927690405047,0.0519259677333018,0.1101364474829851,0.0522366607949007,0.0431381418189831,0.0434566416805705
75,75.0,0.0562824516547703,0.5910949162706772,0.0538154133762955,0.0520532919720037,0.1095059714857175,0.0514388957608685,0.0428876488330864,0.0429214106465809
76,76.0,0.0560504739146626,0.5938235339056704,0.053492800153846,0.0522609810295283,0.1088281437933996,0.0506180274606156,0.0425191711833358,0.0424068685589415
77,77.0,0.0557240979409084,0.5967359211449548,0.0531221158194558,0.0523026690255242,0.1081588468971391,0.0498001283424694,0.0421403769163749,0.0420158439131734
78,78.0,0.0554692959636493,0.5994828408704486,0.0528632153334157,0.0522834927032526,0.1075414712211081,0.0488965616054106,0.041745829395456,0.0417172929072591
79,79.0,0.0553216831155958,0.6014889990461203,0.0527359190491855,0.0526699925885524,0.10692109033046,0.048193259957326,0.0410791896388429,0.0415898662739171
80,80.0,0.0550708921858631,0.6038508041694838,0.0526252565859926,0.0529253880814237,0.106285216920064,0.047512241662648,0.0403658764419154,0.0413643239526094
81,81.0,0.0550256146233437,0.6058750332777872,0.0524944775939952,0.0531557726387607,0.1057057289496402,0.0470031615056324,0.0395882260027288,0.0411519854081117
82,82.0,0.0550581141197812,0.6079680889141592,0.0523395530336222,0.0533964935948562,0.1050159718196786,0.0464405510004251,0.0388327721751083,0.040948455342369
83,83.0,0.0550494563396059,0.6103795363566785,0.0520906798413938,0.0534864060837979,0.1041753032230872,0.0459299097128485,0.0381101583702273,0.0407785500723609
84,84.0,0.0552640681742071,0.6126693089254724,0.0518205415240468,0.0535418515043313,0.1032538165568932,0.0454143265688296,0.0374156517402837,0.0406204350059358
85,85.0,0.0553490313609019,0.6149349579745576,0.0516370530384771,0.0534587501539816,0.1023087847255191,0.0450282185592583,0.036796475111643,0.0404867290756614
86,86.0,0.0555614163184417,0.6170608230802814,0.051444085697248,0.0533494762216602,0.1013889290850125,0.0446719647025047,0.0362129014245612,0.0403104034702903
87,87.0,0.0557847507751272,0.6190387526691424,0.0512076505441637,0.0532215963620642,0.1005402980638519,0.044305354040651,0.0356751023468977,0.0402264951981016
88,88.0,0.0560638008914454,0.6209847404035697,0.0508566593890361,0.0529739501747466,0.0997774486053784,0.044118179039659,0.0350879757609364,0.0401372457352284
89,89.0,0.0563727922092015,0.6226872994912924,0.050860504517244,0.0525647026956527,0.0990386759973921,0.0437161934877893,0.0345856169069721,0.0401742146944558
90,90.0,0.0566763493753145,0.6240495701362139,0.0509079210116532,0.0521926192105708,0.0984979869469551,0.0431360600655832,0.0341400662308255,0.0403994270228839
91,91.0,0.0572005701348105,0.6247825081433112,0.051100396979208,0.0518813197752776,0.0979385327008837,0.0425844222700286,0.0337294935660877,0.0407827564303925
92,92.0,0.0577399591722233,0.6252618190524728,0.0513478349619627,0.0516539421721927,0.0973669428357143,0.0420607162835847,0.0334173062760894,0.0411514792457599
93,93.0,0.0580227503969394,0.6257169974376828,0.0515779072383848,0.0514207631741133,0.0970179841404449,0.0415799151958924,0.0331444071850304,0.0415192752315119
94,94.0,0.0582514421404631,0.6261245995440331,0.0517893252061242,0.0512906314002564,0.0966341612488088,0.0411299450539449,0.0329777759322943,0.0418021194740751
95,95.0,0.0585704832850725,0.6263520684380478,0.0517772201251011,0.0506978403388283,0.0965976972076287,0.0408176541722538,0.0329466958950815,0.0422403405379861
96,96.0,0.0588127231057546,0.6265504598693366,0.0517083017714571,0.0500729525628864,0.096512085014284,0.0405303480435701,0.0329143453034727,0.0428987843292383
97,97.0,0.0590057919694814,0.6264613725318124,0.0516028545035857,0.0494801574508375,0.0965810044434843,0.0403085138979101,0.0329112960085939,0.0436490091942946
98,98.0,0.0591477356574936,0.6263043082990991,0.0514099554398973,0.048923541457835,0.096844653751601,0.0401001787878404,0.032920575239756,0.0443490513664775
99,99.0,0.0590433549990727,0.6262754059993552,0.051195700584148,0.0483695806074783,0.0974142973940613,0.0398396881049833,0.032877625860083,0.0449843464508183
100,100.0,0.0589578592399388,0.6262331513311431,0.0509169376397584,0.0477653008007298,0.0979402243173489,0.0395912540754918,0.0328235626530138,0.0457717099425751
101,101.0,0.0586890947883229,0.6264857457603686,0.0503939503047539,0.0471638352654577,0.0985670518675403,0.0392569848439849,0.0327531748576692,0.0466901623119023
102,102.0,0.0583361253739453,0.6263735280648166,0.0498052792165087,0.046617155082371,0.0995513392885137,0.0389261057193481,0.0327561065019676,0.0476343607525288
103,103.0,0.0580415480291376,0.6263823148391566,0.0492706619373434,0.0460696093154439,0.1004301405070216,0.0386765913363465,0.0327485303102753,0.0483806037252749
104,104.0,0.0577494153854182,0.6265700664705679,0.0485970429563824,0.045515016315202,0.1011910460254066,0.0384258691337532,0.032964453513509,0.0489870901997608
105,105.0,0.0573687306456447,0.6271874265685219,0.0481164633644053,0.0451865489025843,0.1014898365213883,0.0381250498800667,0.0330377605547353,0.0494881835626538
106,106.0,0.0569767295957789,0.628006007015757,0.0476562421374958,0.0448930476822079,0.101752392291208,0.0378527199111313,0.0329377512972675,0.0499251100691536
107,107.0,0.0565760414623158,0.6288614004273404,0.0472099765210541,0.0446201796608171,0.1018874129216921,0.037672935332232,0.0328301524582224,0.0503419012163263
108,108.0,0.0561623564069059,0.6299395203891269,0.0467073760516426,0.0443800434627253,0.1018040231437477,0.0375169108489219,0.0327230674504971,0.0507667022464327
109,109.0,0.0558537340507312,0.6312193800483425,0.0462331130665029,0.0441574218386449,0.1015707949472548,0.0373963968116522,0.0326285766115071,0.0509405826253644
110,110.0,0.0555328561852918,0.632777777574003,0.0457631467989757,0.0439284301522065,0.1011434488139198,0.0372689794290518,0.0325790493107295,0.0510063117358218
111,111.0,0.0552477406442377,0.6344492031442711,0.045429744865556,0.0435517596774582,0.100732972872259,0.0371411409152453,0.0324752948371935,0.0509721430437791
112,112.0,0.0549233035425023,0.6362928282129322,0.0450853247980126,0.0432310660546705,0.1004065200144853,0.037008965588021,0.0322931081415235,0.0507588836478527
113,113.0,0.0546048626296728,0.6383647868940074,0.0446656325986206,0.0428809114314834,0.1000526853093538,0.0368622903436998,0.032127999106737,0.0504408316864251
114,114.0,0.0542800530117461,0.6405628687812116,0.0441872516583567,0.0424486777383696,0.099707898086687,0.0366878033521862,0.0320563206965428,0.0500691266748998
115,115.0,0.0541521697899245,0.6423683525059736,0.043668959234616,0.042121581418792,0.0995623489668394,0.0364501218848911,0.0319904426991248,0.0496860234998384
116,116.0,0.0540118736580152,0.6443230235319977,0.0433492274382788,0.0417990331931525,0.0991288703489871,0.0362784980584562,0.0319142926341068,0.0491951811370056
117,117.0,0.053966107581624,0.6462111140603164,0.0429735967191307,0.0414506992718284,0.0988436866416258,0.0361260656584263,0.0317602427720081,0.0486684872950402
118,118.0,0.0539715763680286,0.6478531109689061,0.0426798422569804,0.0411154057513845,0.0985750308984755,0.0360955719518068,0.0315966126950609,0.0481128491093572
119,119.0,0.0538960227454351,0.6494318520531233,0.0424707262473648,0.0409068682059456,0.0981899922735746,0.0360841539664779,0.0316286812724187,0.04739170323566
120,120.0,0.0538339082721286,0.6510436598677479,0.0422663439846577,0.0407218593057855,0.0977710439425844,0.0360167755051603,0.0316678607993378,0.0466785483225976
121,121.0,0.0537725462685513,0.6523489953584269,0.0420759913696331,0.0406834449011571,0.0973957678152385,0.0360493154124489,0.0317002629330153,0.0459736759415286
122,122.0,0.0536593049381603,0.6535666775129976,0.0421372009339441,0.0405926725449666,0.0970212226657568,0.0361565228159926,0.0317387935466067,0.0451276050415752
123,123.0,0.0536006792761951,0.654513277845766,0.042319033572988,0.0404601489972591,0.0967183755251412,0.0362673269529404,0.031763110684905,0.0443580471448051
124,124.0,0.0535490921157804,0.6553083352193886,0.0425049207322757,0.0403612198058303,0.096380040879963,0.0363690526755021,0.0319287441107767,0.0435985944604832
125,125.0,0.0532605985272376,0.6561203979822189,0.0427319019630477,0.0403572259666847,0.0960668473386515,0.0364993287588008,0.032087826123357,0.0428758733400019
126,126.0,0.0529339340623311,0.6568922519110288,0.0428398336476376,0.0405222758084943,0.0958204130229234,0.0366377268239439,0.032155781759739,0.042197782963902
127,127.0,0.0526086704310898,0.6576126303454566,0.0432601610615424,0.0406811670918463,0.0953170007226293,0.0367312678825486,0.0322088837370536,0.0415802187278335
128,128.0,0.0524600246353078,0.6582309747660091,0.0436810903927185,0.0407017863431789,0.0947072677352618,0.0368158782341807,0.032411423074701,0.0409915548186422
129,129.0,0.0523714234954417,0.6588638993607636,0.044065208382201,0.0406860289087433,0.0940187700774995,0.0369379286689521,0.0326432091384685,0.0404135319679302
130,130.0,0.0521219485300084,0.6596901601273265,0.0444124478970893,0.0407881552036109,0.0933250718917388,0.0371129887797881,0.0328429364937592,0.0397062910766786
131,131.0,0.0519800396538004,0.6606789852073816,0.0445913940590035,0.0408800688558865,0.0925918822835371,0.0372908086694865,0.032953715255466,0.0390331060154382
132,132.0,0.0519064232742337,0.6615640739163922,0.0447524585129209,0.0409661133915547,0.0917790646855612,0.0375842131730426,0.0330464935870122,0.0384011594592823
133,133.0,0.0517893300788381,0.6625627181219862,0.0449511998612454,0.0410133637780372,0.091056105206814,0.0377896562404647,0.0330124831552443,0.0378251435573699
134,134.0,0.0516315966349319,0.6636314753812556,0.0451434221955542,0.0411006751599175,0.090247627785482,0.0379667457401884,0.0329783688391883,0.037300088263482
135,135.0,0.0514770267456589,0.6646633552348592,0.0451803169953508,0.0411494729546493,0.0895939942757506,0.0382360953775628,0.0329369247446688,0.0367628136714994
136,136.0,0.0511516812825969,0.6657018805335302,0.0452004885134815,0.0412030046791817,0.0891054281232355,0.0385076071784251,0.032903302680711,0.0362266070088379
137,137.0,0.0507110019875444,0.6669925540308463,0.045065324436863,0.0412826481898142,0.0885571785142449,0.0387640207589017,0.0328823815669153,0.03574489051487
138,138.0,0.0503822573449031,0.6680790128677744,0.0450883618088123,0.0413315418284212,0.0880654286928758,0.0388324832839011,0.0328453151210659,0.0353755990522462
139,139.0,0.0499767653686491,0.6691210717561586,0.0450797077985408,0.0414671062588527,0.0875856872696185,0.0389333096750654,0.0327907131488111,0.0350456387243037
140,140.0,0.0493805970950331,0.6701688493542972,0.045222544924022,0.0415455706569893,0.0870849844801295,0.0391054972244623,0.0327280099693944,0.0347639462956722
141,141.0,0.0488117722670139,0.6711829705861169,0.0454917235785648,0.0416779149776485,0.0862251100387808,0.0394037673456798,0.0326727635941221,0.0345339776120734
142,142.0,0.048239082783451,0.6720776043445836,0.0458653435903065,0.04180814150382,0.0852213437955902,0.0397557321459639,0.0326123345290383,0.0344204173072466
143,143.0,0.0475552872376664,0.6729404743776592,0.0462752273531225,0.0419348332054832,0.0842568518092026,0.0400806327014282,0.0325498845727587,0.0344068087426792
144,144.0,0.0469212880571358,0.6738155848818685,0.0466575917712656,0.0420521368035748,0.0832710297818114,0.0403851539526388,0.0324786283619904,0.0344185863897147
145,145.0,0.0463275066555264,0.6746764951133655,0.0469178985711617,0.0421583549414196,0.0825118519340198,0.0406842102441429,0.0324085710447323,0.0343151114956319
146,146.0,0.0457385612156128,0.6753880248658597,0.0473036521284696,0.0423137670067546,0.0816956419514019,0.0409461916315997,0.0323036677830752,0.0343104934172265
147,147.0,0.0452225923010221,0.6753859990229056,0.0476784986124516,0.0425660362058834,0.0810266118989476,0.04143512539081,0.0323260605431726,0.0343590760248072
148,148.0,0.0447419927553328,0.6753700499963228,0.0480239852819104,0.0426989774891467,0.0805224531179287,0.0418871424144602,0.0323344281842705,0.0344209707606281
149,149.0,0.044289283156683,0.6752238198766924,0.0483196591949849,0.0427366467372929,0.0801266076915158,0.0424196246670177,0.0323937378674747,0.0344906208083386
150,150.0,0.0437978198098533,0.6748266581210511,0.048603324041846,0.0429543673388783,0.0798523198835049,0.0428895074562589,0.0324444933065608,0.0346315100420466
151,151.0,0.0433335597714462,0.6745261528969981,0.0488276659472382,0.0431799770074828,0.0795832353668899,0.0433034038994173,0.0324735504691502,0.0347724546413772
152,152.0,0.0429936906856641,0.6739087384403821,0.0491295281613017,0.0434832577039584,0.0793937015897325,0.0437416037174813,0.0324971343552884,0.0348523453461913
153,153.0,0.0428115120758929,0.6734343258719339,0.0494148437749804,0.0437674003955017,0.0790360409577833,0.0440469199134955,0.0325343277192912,0.0349546292911211
154,154.0,0.0422811120157252,0.6730396786918227,0.0497076739470329,0.044007592867752,0.078881053516337,0.0444115307075162,0.0325580015128772,0.0351133567409369
155,155.0,0.0421082702620236,0.6725240188164782,0.0498954719508498,0.0441300921011811,0.0788507670212881,0.0447858949607542,0.0325344911142838,0.0351709937731411
156,156.0,0.0422025646989982,0.6718874500066555,0.0500143663489787,0.0442046629444861,0.0789047121375915,0.0451416430180163,0.0324606835786054,0.0351839172666684
157,157.0,0.0425467488015147,0.6713470780140315,0.0501226972906764,0.0442668612409491,0.0787232045578982,0.045443367126587,0.0323684338507206,0.0351816091176224
158,158.0,0.0430024428344408,0.6708516643185711,0.0504153061506359,0.0442855279904746,0.0787431099266364,0.0453702688189472,0.0322334670101349,0.0350982129501589
159,159.0,0.0434509588692315,0.6704274629822556,0.0505905776684158,0.0442898852558909,0.0788921508026965,0.0451726447701021,0.0321402734586099,0.0350360461927975
160,160.0,0.0438914053946291,0.6699221645484403,0.0510108725824248,0.0444158858031096,0.0790207603051416,0.0448471058584051,0.0319575410983446,0.034934264409505
161,161.0,0.0442453702482352,0.6696613537678208,0.0512346853131912,0.0445020956294204,0.079072180421182,0.0445512480527942,0.0319901047891017,0.0347429617782544
162,162.0,0.0445996813104225,0.6695215528581099,0.0514998285928041,0.0445158061087336,0.0789240987547683,0.0441800882731071,0.0322085167425156,0.0345504273595389
163,163.0,0.044775998357038,0.6693496819165152,0.0517390003435912,0.0444514143626196,0.0788361463480836,0.0441703868370685,0.0323939122145986,0.0342834596204854
164,164.0,0.0448484911293002,0.6693255312473336,0.0520704910196198,0.0442673808403783,0.0787926367440207,0.0440987902108536,0.0325765549180436,0.0340201238904503
165,165.0,0.0448586340760034,0.6691075500764901,0.052288657647551,0.0441321098016962,0.0787829540257233,0.0441000458367543,0.032905688853614,0.0338243596821677
166,166.0,0.0446861240005075,0.6691025919967131,0.0524661832930525,0.0439187190371974,0.0787875158064332,0.0441600527296853,0.0330368746721825,0.0338419384642285
167,167.0,0.0445465793156347,0.6691606242133825,0.0526284711966623,0.043476137304687,0.0790221912933106,0.044229675744462,0.0330507287248092,0.0338855922070517
168,168.0,0.0444104038841073,0.6688492323485203,0.0528588748058129,0.0429658046979749,0.0795055408897343,0.0444127329848595,0.0330589030712032,0.0339385073177878
169,169.0,0.0442640141994243,0.6685933055677347,0.0531166410584213,0.0424923847273991,0.0798853402159157,0.0446411229870386,0.0330343392061322,0.0339728520379344
170,170.0,0.0439670061029136,0.6679356488713232,0.0534355612312254,0.0420865078413508,0.0802590034354643,0.0452438206722007,0.0330330928133439,0.0340393590321781
171,171.0,0.0436520813264615,0.6669204108911503,0.0538507030946483,0.0417602084348436,0.0806689999236606,0.045852529064441,0.0330497778027022,0.0342452894620924
172,172.0,0.0433332316773887,0.6655700435890827,0.0546105544096773,0.0415308167277124,0.0809594297163095,0.0465192761978632,0.0330448410592703,0.034431806622696
173,173.0,0.0430191152199332,0.6640515381588206,0.0553063344228746,0.041400606555224,0.0812413133766044,0.0473344507764774,0.0330285477671621,0.0346180937229039
174,174.0,0.0428625892598498,0.6624774328075437,0.0559880208216125,0.0413476583123125,0.0813279463825032,0.0482955302851825,0.0330691626764913,0.0346316594545045
175,175.0,0.0427788168047701,0.6607153974201389,0.0566136538581456,0.0414200609116317,0.0814527939753978,0.0492893143835857,0.0330974852944999,0.0346324773518304
176,176.0,0.0425774316779608,0.6590267462281423,0.0571494758370762,0.0414550379351469,0.0817491885016081,0.0502537617953916,0.0331401914216258,0.0346481666030484
177,177.0,0.0422236294589585,0.6573337650237394,0.0577771832569627,0.0414957138887429,0.0819222920203975,0.0514644352502161,0.033203396566766,0.034579584534217
178,178.0,0.0419531582685388,0.6554472109751153,0.0584367129014249,0.0416180162618199,0.0820445022334396,0.0525974844731954,0.0333273272033087,0.0345755876831576
179,179.0,0.0416593475690017,0.6532408716240459,0.0591935971079765,0.0418122125442099,0.082308879429193,0.0537472279698229,0.0334583922387938,0.0345794715169565
180,180.0,0.0414856605505168,0.6507185967319864,0.0600109858123588,0.0420991394610459,0.0824613679936582,0.054895713143353,0.0337973663169812,0.0345311699900996
181,181.0,0.0413318674217228,0.6480960568725662,0.0608418240719802,0.0425436249188068,0.0825534586875273,0.0560089861047591,0.0341314048659841,0.0344927770566533
182,182.0,0.0411956355454892,0.6454628157672547,0.0616128231129298,0.0429722306900163,0.0825698382806393,0.0572773590024857,0.0344546164574436,0.0344546811437412
183,183.0,0.0410952718368063,0.6427428191113281,0.0622717456455061,0.0434007370931834,0.0827092511317249,0.058564410769127,0.0347820748513123,0.0344336895610118
184,184.0,0.0410594040061399,0.6396299588446476,0.0628603334468877,0.0441698637009782,0.0830292463645546,0.0595796424983004,0.0351447672596028,0.0345267838788888
185,185.0,0.0410516464325877,0.6362420565522697,0.063281074347429,0.0450311055138864,0.0833450301041672,0.060615274778874,0.0356296725264312,0.0348041397443547
186,186.0,0.041042501000744,0.6331093480967626,0.0637744797273066,0.0459688475612519,0.0834881876612864,0.0615477895091605,0.0360095479790615,0.0350592984644263
187,187.0,0.0410968574811395,0.6297374186250136,0.0644040155646562,0.0468233775317519,0.0834302172470028,0.0626386995294441,0.036521900758396,0.0353475132625957
188,188.0,0.0411237789312821,0.6265080993086733,0.064942151764604,0.0476917088168626,0.0833610498013717,0.0636011225732077,0.0369821279622534,0.035789960841745
189,189.0,0.0411509713419765,0.6235207815606765,0.0655519988986529,0.0483893974374419,0.0834093310888093,0.0641690192326202,0.03741922080133,0.0363892796384924
190,190.0,0.0412708484235535,0.6206951251384153,0.0660831149727316,0.0487285948399218,0.0837503661879026,0.0647166861179048,0.0378283446978699,0.0369269196217002
191,191.0,0.0413499134364722,0.6176929035511118,0.066724442568759,0.0492782839510433,0.0841085184121308,0.0651651443272738,0.0381658286745039,0.037514965078705
192,192.0,0.0414557680619476,0.6147944568202325,0.0674407869370482,0.0498667152946459,0.0844296432305897,0.0654861693401957,0.0384918000314737,0.0380346602838665
193,193.0,0.0416086535037458,0.6124675682645285,0.0681042363885824,0.0502810050286902,0.0844109018056903,0.0658064259991553,0.0389212727215684,0.0383999362880388
194,194.0,0.0418954531662481,0.6103085217344404,0.0687012356151473,0.0504948574886168,0.0845344128540638,0.0660339429293398,0.0393065456294412,0.0387250305827025
195,195.0,0.0422091148723407,0.6079173519695739,0.0693795071014272,0.0506941535139374,0.0845847361609907,0.0663827050226554,0.0396878991924997,0.0391445321665749
196,196.0,0.0428641188217222,0.6056011146564141,0.0700555806644269,0.0508529797966323,0.0844063134581018,0.0666514568681292,0.0400365358183678,0.0395318999162055
197,197.0,0.0434311278621472,0.6032384368110664,0.0706956065052401,0.0510840839586561,0.0842504468524883,0.0670104723676878,0.0403699371524321,0.0399198884902816
198,198.0,0.0439989777636626,0.6011465539436154,0.0711748093819516,0.0512788103254009,0.0840519365735585,0.0673918889181162,0.0406726459509477,0.0402843771427468
199,199.0,0.0444385591055258,0.5990145299838854,0.0716969911444115,0.0513791749775189,0.0839294492409495,0.067707066406856,0.0411493267665307,0.0406849023743219
200,200.0,0.0447297264063393,0.5964429104725285,0.0722983830894861,0.0514219563451077,0.0839830458073511,0.0683152795486087,0.04154724112187,0.0412614572087084
201,201.0,0.045049409002077,0.594014265208216,0.0731786135417958,0.0511929364474309,0.0841419406157477,0.0688233940049015,0.0416807414138615,0.0419186997659696
202,202.0,0.0452913753556843,0.5920695399251946,0.0741948678297572,0.0509099183285791,0.0842088338127146,0.0690688678911172,0.0417481047195272,0.0425084921374256
203,203.0,0.04550039649192,0.5902360277927873,0.0751320724270215,0.0506311710458267,0.0843145563459999,0.0691623656712379,0.0419416719189068,0.0430817383063
204,204.0,0.0457416076304696,0.588256473846707,0.0760794844180922,0.050411481923037,0.0843027177629549,0.0694661664240828,0.0421242635547184,0.0436178044399379
205,205.0,0.0460411182088184,0.5856492398726179,0.076857299068643,0.0502726570894685,0.0847161953013597,0.0698896281861494,0.042350994020711,0.0442228682522321
206,206.0,0.0463274296486554,0.5829908294476314,0.0777682415831284,0.0501363662063227,0.0851318348714222,0.0702793217749994,0.0425611379508269,0.0448048385170137
207,207.0,0.0466383034920301,0.5803684296376092,0.0785140076400915,0.050049705298309,0.0854923492588814,0.0708076398520693,0.0428047634028087,0.0453248014182009
208,208.0,0.0468079446650265,0.5783794633159648,0.07898847814652,0.0499533418516225,0.0858064368486496,0.0712452078678988,0.0430269659301289,0.0457921613741892
209,209.0,0.0470167787756966,0.5760637130448757,0.0795568647203659,0.0498226576827235,0.0861278707235031,0.0720287369569531,0.0433322951061245,0.0460510829897578
210,210.0,0.0473541617313247,0.5736537554490952,0.08026717560413,0.049689165942421,0.086395736070555,0.0728270540818121,0.0435400486029653,0.046272902517697
211,211.0,0.0474508480087056,0.5712251368168658,0.0804646515157602,0.049622090285053,0.0871764285207953,0.0737538036171111,0.0437935511297529,0.0465134901059563
212,212.0,0.0473835034238324,0.5687300468890378,0.0809354665857255,0.0495779269501746,0.0878328547171334,0.0747637094990073,0.0440390190632653,0.0467374728718238
213,213.0,0.0472747311482425,0.5660496278382506,0.0813641455686271,0.0498180054316614,0.0885837353390658,0.0757658470384339,0.0442427226421328,0.046901184993586
214,214.0,0.0471380381648525,0.5636211761843791,0.0818701652881662,0.050176782394602,0.0891820580681708,0.0766306928290852,0.0444278489419288,0.0469532381288154
215,215.0,0.046749572828612,0.5617618907633567,0.0826925852303473,0.0506393899031353,0.0895608254528545,0.0771661651523391,0.044576957720686,0.0468526129486692
216,216.0,0.0463326185402331,0.5594378522061108,0.0834623339485399,0.0514401580315675,0.0900498675982836,0.0775252506495173,0.0450485655901002,0.0467033534356478
217,217.0,0.0459268102952085,0.5569538256507706,0.0842350482014368,0.0520782830790534,0.0905137434256354,0.0776161168335775,0.0461317403387537,0.046544432175564
218,218.0,0.0457345260503798,0.5544881325393085,0.0851725492395377,0.0525947233182242,0.0908985471898229,0.0776157468543533,0.0471511577176701,0.0463446170907035
219,219.0,0.0455123283198597,0.5523736626544795,0.0863087896401464,0.0530722631570415,0.0915400657351925,0.0769663170565575,0.0481139551728488,0.0461126182638741
220,220.0,0.0452745021355647,0.5503342774903758,0.0875818817544916,0.0536847289232696,0.0919235767082264,0.0763114992074893,0.0490240696614611,0.0458654641191215
221,221.0,0.0450557060222247,0.5480311981380389,0.0887988473156221,0.0542624404494631,0.0921594055207502,0.0758900546545955,0.0499718838287851,0.0458304640705203
222,222.0,0.0448574333887616,0.5458502210742456,0.0898859360352012,0.0548338385625413,0.09228987487436,0.0754118784662497,0.0509626055387578,0.0459082120598827
223,223.0,0.0446595112973003,0.5433540296738961,0.0911966854992227,0.0554122751507914,0.0923224596334214,0.0749680939225968,0.0519030950453001,0.046183849777471
224,224.0,0.04463162737756,0.5408680143175686,0.0925191967448778,0.0558909716033086,0.0922573299667758,0.0746511199177857,0.0527713666661526,0.0464103734059709
225,225.0,0.0445996084847385,0.5387549264245503,0.0937188962080329,0.0562981568838082,0.0920990442361481,0.0743661654682207,0.0535605474029949,0.0466026548915063
226,226.0,0.044831049735745,0.5365150516371124,0.0947923480155106,0.0567316202302066,0.0920263277640213,0.074008140142172,0.0542315305817598,0.0468639318934723
227,227.0,0.0450641175071685,0.5342014301167639,0.0961285104002067,0.0570663487089845,0.0921899574474836,0.0734044176212925,0.0548150579244623,0.0471301602736379
228,228.0,0.0454289803461693,0.5318129832246823,0.097617757324507,0.0576761151609489,0.0918761702197808,0.0728627951554618,0.0552789020429699,0.0474462965254799
229,229.0,0.0459632179499612,0.5289987257698133,0.0986252699528984,0.0584313534831905,0.0917006447685142,0.0724489881591032,0.0559234819837149,0.0479083179328041
230,230.0,0.0467868144286115,0.5254410902894721,0.0993312654304157,0.059038121714065,0.0917151697589936,0.0718424838580926,0.057230810471857,0.0486142440484926
231,231.0,0.0476945762141907,0.5195459256058623,0.1006404875234586,0.059923414352397,0.0921759068910161,0.0718703326539254,0.0586676630671721,0.0494816936919778
232,232.0,0.0486152714410242,0.5138851332855433,0.1020220368911831,0.0607739888102076,0.0927065797531143,0.071790606058608,0.0597204518936417,0.0504859318666777
233,233.0,0.0495296818259547,0.507729612236649,0.1036079062304313,0.0615827926752869,0.0932803982671856,0.0720133712165707,0.0605394633183843,0.0517167742295372
234,234.0,0.0500817132531642,0.5028011306846016,0.1049574552934405,0.062254862276136,0.0934556687521959,0.0723790097969881,0.0611079802944913,0.0529621796489822
235,235.0,0.0506275928268132,0.4980018604345031,0.1065359794087206,0.0628097470063597,0.0935748078283418,0.0728692948405376,0.0615573260279767,0.0540233916267469
236,236.0,0.0510691489711705,0.4931541137108906,0.1084893755016199,0.0634492829727494,0.0937503895912257,0.0732588652878052,0.0618651318133929,0.0549636921511455
237,237.0,0.0514384103585687,0.4883286800228321,0.1108278153861715,0.0639383220607229,0.0940201338441214,0.0736449860060486,0.0620224155435884,0.0557792367779463
238,238.0,0.0517882668746377,0.4843540874144826,0.1125613715337359,0.0644183325933872,0.0936703233493304,0.0745459449702632,0.0620698645742944,0.0565918086898683
239,239.0,0.0520842661268193,0.4807720049003958,0.1143734016073785,0.0647355755231956,0.0931943580635287,0.0755080504061569,0.0620063368371596,0.0573260065353654
240,240.0,0.0522849275435368,0.4768508791771422,0.1165781412208682,0.0649275799169022,0.0929926796035394,0.0765944399013653,0.0617134101299413,0.0580579425067044
241,241.0,0.0528510195648309,0.4730522100384746,0.1184562214789675,0.0649598682247271,0.0928598157203313,0.0776707220141704,0.0614780873269053,0.0586720556315928
242,242.0,0.0534222788460657,0.4689551999567592,0.1201204960470007,0.0649757503912759,0.092941940887105,0.0788688066760299,0.061249724116321,0.0594658030794424
243,243.0,0.0536334054707066,0.4650957987616412,0.1217963019137583,0.0652934556712185,0.0930903172185359,0.0798284059347115,0.0609726433865557,0.0602896716428721
244,244.0,0.0538150933385323,0.4617096192455147,0.123721672490146,0.0655900252684942,0.0931970737208855,0.0802179429734318,0.0606889908290056,0.0610595821339898
245,245.0,0.0539101390292428,0.4585973295668188,0.1256755925522254,0.0661240424778326,0.0932625277811152,0.0805062023783029,0.0603345350806334,0.0615896311338287
246,246.0,0.0539118798826843,0.4563347789759229,0.1273792696628265,0.0665072518501819,0.092908852377019,0.0807541135726602,0.0602085549000772,0.0619952987786278
247,247.0,0.0543202455031264,0.4536686448146962,0.1288146235983102,0.0666872582674116,0.0926948451441499,0.0808919466024172,0.0603091460010868,0.0626132900688013
248,248.0,0.0547819146268441,0.4507596328764058,0.1300377829888361,0.0668258207556087,0.0926249791960814,0.0813385496841917,0.0606180373929087,0.0630132824791233
