,Unnamed: 0,Total_iterations,Intertwine_two,Invert_path_vertices,Insert_inside_vertex,Delete_inside_vertex,Replace_inside_vertex,Donate_between_routes,Trim_one_terminal_cb,Grow_one_terminal_cb
0,0.0,0.0,0.125,0.125,0.125,0.125,0.125,0.125,0.125,0.125
1,1.0,1.0,0.125,0.125,0.125,0.125,0.125,0.125,0.125,0.125
2,2.0,2.0,0.125,0.125,0.125,0.125,0.125,0.125,0.125,0.125
3,3.0,3.0,0.125,0.125,0.125,0.125,0.125,0.125,0.125,0.125
4,4.0,4.0,0.125,0.125,0.125,0.125,0.125,0.125,0.125,0.125
5,5.0,5.0,0.125,0.125,0.125,0.125,0.125,0.125,0.125,0.125
6,6.0,6.0,0.125,0.125,0.125,0.125,0.125,0.125,0.125,0.125
7,7.0,7.0,0.125,0.125,0.125,0.125,0.125,0.125,0.125,0.125
8,8.0,8.0,0.125,0.125,0.125,0.125,0.125,0.125,0.125,0.125
9,9.0,9.0,0.125,0.125,0.125,0.125,0.125,0.125,0.125,0.125
10,10.0,10.0,0.125,0.125,0.125,0.125,0.125,0.125,0.125,0.125
11,11.0,11.0,0.125,0.125,0.125,0.125,0.125,0.125,0.125,0.125
12,12.0,12.0,0.125,0.125,0.125,0.125,0.125,0.125,0.125,0.125
13,13.0,13.0,0.125,0.125,0.125,0.125,0.125,0.125,0.125,0.125
14,14.0,14.0,0.125,0.125,0.125,0.125,0.125,0.125,0.125,0.125
15,15.0,15.0,0.125,0.125,0.125,0.125,0.125,0.125,0.125,0.125
16,16.0,16.0,0.125,0.125,0.125,0.125,0.125,0.125,0.125,0.125
17,17.0,17.0,0.125,0.125,0.125,0.125,0.125,0.125,0.125,0.125
18,18.0,18.0,0.125,0.125,0.125,0.125,0.125,0.125,0.125,0.125
19,19.0,19.0,0.125,0.125,0.125,0.125,0.125,0.125,0.125,0.125
20,20.0,20.0,0.125,0.125,0.125,0.125,0.125,0.125,0.125,0.125
21,21.0,21.0,0.125,0.125,0.125,0.125,0.125,0.125,0.125,0.125
22,22.0,22.0,0.125,0.125,0.125,0.125,0.125,0.125,0.125,0.125
23,23.0,23.0,0.125,0.125,0.125,0.125,0.125,0.125,0.125,0.125
24,24.0,24.0,0.125,0.125,0.125,0.125,0.125,0.125,0.125,0.125
25,25.0,25.0,0.125,0.125,0.125,0.125,0.125,0.125,0.125,0.125
26,26.0,26.0,0.125,0.125,0.125,0.125,0.125,0.125,0.125,0.125
27,27.0,27.0,0.125,0.125,0.125,0.125,0.125,0.125,0.125,0.125
28,28.0,28.0,0.125,0.125,0.125,0.125,0.125,0.125,0.125,0.125
29,29.0,29.0,0.125,0.125,0.125,0.125,0.125,0.125,0.125,0.125
30,30.0,30.0,0.125,0.125,0.125,0.125,0.125,0.125,0.125,0.125
31,31.0,31.0,0.125,0.125,0.125,0.125,0.125,0.125,0.125,0.125
32,32.0,32.0,0.125,0.125,0.125,0.125,0.125,0.125,0.125,0.125
33,33.0,33.0,0.125,0.125,0.125,0.125,0.125,0.125,0.125,0.125
34,34.0,34.0,0.125,0.125,0.125,0.125,0.125,0.125,0.125,0.125
35,35.0,35.0,0.125,0.125,0.125,0.125,0.125,0.125,0.125,0.125
36,36.0,36.0,0.125,0.125,0.125,0.125,0.125,0.125,0.125,0.125
37,37.0,37.0,0.125,0.125,0.125,0.125,0.125,0.125,0.125,0.125
38,38.0,38.0,0.125,0.125,0.125,0.125,0.125,0.125,0.125,0.125
39,39.0,39.0,0.125,0.125,0.125,0.125,0.125,0.125,0.125,0.125
40,40.0,40.0,0.125,0.125,0.125,0.125,0.125,0.125,0.125,0.125
41,41.0,41.0,0.125,0.125,0.125,0.125,0.125,0.125,0.125,0.125
42,42.0,42.0,0.125,0.125,0.125,0.125,0.125,0.125,0.125,0.125
43,43.0,43.0,0.125,0.125,0.125,0.125,0.125,0.125,0.125,0.125
44,44.0,44.0,0.125,0.125,0.125,0.125,0.125,0.125,0.125,0.125
45,45.0,45.0,0.125,0.125,0.125,0.125,0.125,0.125,0.125,0.125
46,46.0,46.0,0.125,0.125,0.125,0.125,0.125,0.125,0.125,0.125
47,47.0,47.0,0.125,0.125,0.125,0.125,0.125,0.125,0.125,0.125
48,48.0,48.0,0.125,0.125,0.125,0.125,0.125,0.125,0.125,0.125
49,49.0,49.0,0.125,0.125,0.125,0.125,0.125,0.125,0.125,0.125
50,50.0,50.0,0.125,0.125,0.125,0.125,0.125,0.125,0.125,0.125
51,51.0,51.0,0.125,0.125,0.125,0.125,0.125,0.125,0.125,0.125
52,52.0,52.0,0.125,0.125,0.125,0.125,0.125,0.125,0.125,0.125
53,53.0,53.0,0.125,0.125,0.125,0.125,0.125,0.125,0.125,0.125
54,54.0,54.0,0.125,0.125,0.125,0.125,0.125,0.125,0.125,0.125
55,55.0,55.0,0.125,0.125,0.125,0.125,0.125,0.125,0.125,0.125
56,56.0,56.0,0.125,0.125,0.125,0.125,0.125,0.125,0.125,0.125
57,57.0,57.0,0.125,0.125,0.125,0.125,0.125,0.125,0.125,0.125
58,58.0,58.0,0.125,0.125,0.125,0.125,0.125,0.125,0.125,0.125
59,59.0,59.0,0.125,0.125,0.125,0.125,0.125,0.125,0.125,0.125
60,60.0,60.0,0.125,0.125,0.125,0.125,0.125,0.125,0.125,0.125
61,61.0,61.0,0.125,0.125,0.125,0.125,0.125,0.125,0.125,0.125
62,62.0,62.0,0.125,0.125,0.125,0.125,0.125,0.125,0.125,0.125
63,63.0,63.0,0.125,0.125,0.125,0.125,0.125,0.125,0.125,0.125
64,64.0,64.0,0.125,0.125,0.125,0.125,0.125,0.125,0.125,0.125
65,65.0,65.0,0.125,0.125,0.125,0.125,0.125,0.125,0.125,0.125
66,66.0,66.0,0.125,0.125,0.125,0.125,0.125,0.125,0.125,0.125
67,67.0,67.0,0.125,0.125,0.125,0.125,0.125,0.125,0.125,0.125
68,68.0,68.0,0.125,0.125,0.125,0.125,0.125,0.125,0.125,0.125
69,69.0,69.0,0.125,0.125,0.125,0.125,0.125,0.125,0.125,0.125
70,70.0,70.0,0.125,0.125,0.125,0.125,0.125,0.125,0.125,0.125
71,71.0,71.0,0.125,0.125,0.125,0.125,0.125,0.125,0.125,0.125
72,72.0,72.0,0.125,0.125,0.125,0.125,0.125,0.125,0.125,0.125
73,73.0,73.0,0.125,0.125,0.125,0.125,0.125,0.125,0.125,0.125
74,74.0,74.0,0.125,0.125,0.125,0.125,0.125,0.125,0.125,0.125
75,75.0,75.0,0.125,0.125,0.125,0.125,0.125,0.125,0.125,0.125
76,76.0,76.0,0.125,0.125,0.125,0.125,0.125,0.125,0.125,0.125
77,77.0,77.0,0.125,0.125,0.125,0.125,0.125,0.125,0.125,0.125
78,78.0,78.0,0.125,0.125,0.125,0.125,0.125,0.125,0.125,0.125
79,79.0,79.0,0.125,0.125,0.125,0.125,0.125,0.125,0.125,0.125
80,80.0,80.0,0.125,0.125,0.125,0.125,0.125,0.125,0.125,0.125
81,81.0,81.0,0.125,0.125,0.125,0.125,0.125,0.125,0.125,0.125
82,82.0,82.0,0.125,0.125,0.125,0.125,0.125,0.125,0.125,0.125
83,83.0,83.0,0.125,0.125,0.125,0.125,0.125,0.125,0.125,0.125
84,84.0,84.0,0.125,0.125,0.125,0.125,0.125,0.125,0.125,0.125
85,85.0,85.0,0.125,0.125,0.125,0.125,0.125,0.125,0.125,0.125
86,86.0,86.0,0.125,0.125,0.125,0.125,0.125,0.125,0.125,0.125
87,87.0,87.0,0.125,0.125,0.125,0.125,0.125,0.125,0.125,0.125
88,88.0,88.0,0.125,0.125,0.125,0.125,0.125,0.125,0.125,0.125
89,89.0,89.0,0.125,0.125,0.125,0.125,0.125,0.125,0.125,0.125
90,90.0,90.0,0.125,0.125,0.125,0.125,0.125,0.125,0.125,0.125
91,91.0,91.0,0.125,0.125,0.125,0.125,0.125,0.125,0.125,0.125
92,92.0,92.0,0.125,0.125,0.125,0.125,0.125,0.125,0.125,0.125
93,93.0,93.0,0.125,0.125,0.125,0.125,0.125,0.125,0.125,0.125
94,94.0,94.0,0.125,0.125,0.125,0.125,0.125,0.125,0.125,0.125
95,95.0,95.0,0.125,0.125,0.125,0.125,0.125,0.125,0.125,0.125
96,96.0,96.0,0.125,0.125,0.125,0.125,0.125,0.125,0.125,0.125
97,97.0,97.0,0.125,0.125,0.125,0.125,0.125,0.125,0.125,0.125
98,98.0,98.0,0.125,0.125,0.125,0.125,0.125,0.125,0.125,0.125
99,99.0,99.0,0.125,0.125,0.125,0.125,0.125,0.125,0.125,0.125
100,100.0,100.0,0.125,0.125,0.125,0.125,0.125,0.125,0.125,0.125
101,101.0,101.0,0.125,0.125,0.125,0.125,0.125,0.125,0.125,0.125
102,102.0,102.0,0.125,0.125,0.125,0.125,0.125,0.125,0.125,0.125
103,103.0,103.0,0.125,0.125,0.125,0.125,0.125,0.125,0.125,0.125
104,104.0,104.0,0.125,0.125,0.125,0.125,0.125,0.125,0.125,0.125
105,105.0,105.0,0.125,0.125,0.125,0.125,0.125,0.125,0.125,0.125
106,106.0,106.0,0.125,0.125,0.125,0.125,0.125,0.125,0.125,0.125
107,107.0,107.0,0.125,0.125,0.125,0.125,0.125,0.125,0.125,0.125
108,108.0,108.0,0.125,0.125,0.125,0.125,0.125,0.125,0.125,0.125
109,109.0,109.0,0.125,0.125,0.125,0.125,0.125,0.125,0.125,0.125
110,110.0,110.0,0.125,0.125,0.125,0.125,0.125,0.125,0.125,0.125
111,111.0,111.0,0.125,0.125,0.125,0.125,0.125,0.125,0.125,0.125
112,112.0,112.0,0.125,0.125,0.125,0.125,0.125,0.125,0.125,0.125
113,113.0,113.0,0.125,0.125,0.125,0.125,0.125,0.125,0.125,0.125
114,114.0,114.0,0.125,0.125,0.125,0.125,0.125,0.125,0.125,0.125
115,115.0,115.0,0.125,0.125,0.125,0.125,0.125,0.125,0.125,0.125
116,116.0,116.0,0.125,0.125,0.125,0.125,0.125,0.125,0.125,0.125
117,117.0,117.0,0.125,0.125,0.125,0.125,0.125,0.125,0.125,0.125
118,118.0,118.0,0.125,0.125,0.125,0.125,0.125,0.125,0.125,0.125
119,119.0,119.0,0.125,0.125,0.125,0.125,0.125,0.125,0.125,0.125
120,120.0,120.0,0.125,0.125,0.125,0.125,0.125,0.125,0.125,0.125
121,121.0,121.0,0.125,0.125,0.125,0.125,0.125,0.125,0.125,0.125
122,122.0,122.0,0.125,0.125,0.125,0.125,0.125,0.125,0.125,0.125
123,123.0,123.0,0.125,0.125,0.125,0.125,0.125,0.125,0.125,0.125
124,124.0,124.0,0.125,0.125,0.125,0.125,0.125,0.125,0.125,0.125
125,125.0,125.0,0.125,0.125,0.125,0.125,0.125,0.125,0.125,0.125
126,126.0,126.0,0.125,0.125,0.125,0.125,0.125,0.125,0.125,0.125
127,127.0,127.0,0.125,0.125,0.125,0.125,0.125,0.125,0.125,0.125
128,128.0,128.0,0.125,0.125,0.125,0.125,0.125,0.125,0.125,0.125
129,129.0,129.0,0.125,0.125,0.125,0.125,0.125,0.125,0.125,0.125
130,130.0,130.0,0.125,0.125,0.125,0.125,0.125,0.125,0.125,0.125
131,131.0,131.0,0.125,0.125,0.125,0.125,0.125,0.125,0.125,0.125
132,132.0,132.0,0.125,0.125,0.125,0.125,0.125,0.125,0.125,0.125
133,133.0,133.0,0.125,0.125,0.125,0.125,0.125,0.125,0.125,0.125
134,134.0,134.0,0.125,0.125,0.125,0.125,0.125,0.125,0.125,0.125
135,135.0,135.0,0.125,0.125,0.125,0.125,0.125,0.125,0.125,0.125
136,136.0,136.0,0.125,0.125,0.125,0.125,0.125,0.125,0.125,0.125
137,137.0,137.0,0.125,0.125,0.125,0.125,0.125,0.125,0.125,0.125
138,138.0,138.0,0.125,0.125,0.125,0.125,0.125,0.125,0.125,0.125
139,139.0,139.0,0.125,0.125,0.125,0.125,0.125,0.125,0.125,0.125
140,140.0,140.0,0.125,0.125,0.125,0.125,0.125,0.125,0.125,0.125
141,141.0,141.0,0.125,0.125,0.125,0.125,0.125,0.125,0.125,0.125
142,142.0,142.0,0.125,0.125,0.125,0.125,0.125,0.125,0.125,0.125
143,143.0,143.0,0.125,0.125,0.125,0.125,0.125,0.125,0.125,0.125
144,144.0,144.0,0.125,0.125,0.125,0.125,0.125,0.125,0.125,0.125
145,145.0,145.0,0.125,0.125,0.125,0.125,0.125,0.125,0.125,0.125
146,146.0,146.0,0.125,0.125,0.125,0.125,0.125,0.125,0.125,0.125
147,147.0,147.0,0.125,0.125,0.125,0.125,0.125,0.125,0.125,0.125
148,148.0,148.0,0.125,0.125,0.125,0.125,0.125,0.125,0.125,0.125
149,149.0,149.0,0.125,0.125,0.125,0.125,0.125,0.125,0.125,0.125
150,150.0,150.0,0.125,0.125,0.125,0.125,0.125,0.125,0.125,0.125
151,151.0,151.0,0.125,0.125,0.125,0.125,0.125,0.125,0.125,0.125
152,152.0,152.0,0.125,0.125,0.125,0.125,0.125,0.125,0.125,0.125
153,153.0,153.0,0.125,0.125,0.125,0.125,0.125,0.125,0.125,0.125
154,154.0,154.0,0.125,0.125,0.125,0.125,0.125,0.125,0.125,0.125
155,155.0,155.0,0.125,0.125,0.125,0.125,0.125,0.125,0.125,0.125
156,156.0,156.0,0.125,0.125,0.125,0.125,0.125,0.125,0.125,0.125
157,157.0,157.0,0.125,0.125,0.125,0.125,0.125,0.125,0.125,0.125
158,158.0,158.0,0.125,0.125,0.125,0.125,0.125,0.125,0.125,0.125
159,159.0,159.0,0.125,0.125,0.125,0.125,0.125,0.125,0.125,0.125
160,160.0,160.0,0.125,0.125,0.125,0.125,0.125,0.125,0.125,0.125
161,161.0,161.0,0.125,0.125,0.125,0.125,0.125,0.125,0.125,0.125
162,162.0,162.0,0.125,0.125,0.125,0.125,0.125,0.125,0.125,0.125
163,163.0,163.0,0.125,0.125,0.125,0.125,0.125,0.125,0.125,0.125
164,164.0,164.0,0.125,0.125,0.125,0.125,0.125,0.125,0.125,0.125
165,165.0,165.0,0.125,0.125,0.125,0.125,0.125,0.125,0.125,0.125
166,166.0,166.0,0.125,0.125,0.125,0.125,0.125,0.125,0.125,0.125
167,167.0,167.0,0.125,0.125,0.125,0.125,0.125,0.125,0.125,0.125
168,168.0,168.0,0.125,0.125,0.125,0.125,0.125,0.125,0.125,0.125
169,169.0,169.0,0.125,0.125,0.125,0.125,0.125,0.125,0.125,0.125
170,170.0,170.0,0.125,0.125,0.125,0.125,0.125,0.125,0.125,0.125
171,171.0,171.0,0.125,0.125,0.125,0.125,0.125,0.125,0.125,0.125
172,172.0,172.0,0.125,0.125,0.125,0.125,0.125,0.125,0.125,0.125
173,173.0,173.0,0.125,0.125,0.125,0.125,0.125,0.125,0.125,0.125
174,174.0,174.0,0.125,0.125,0.125,0.125,0.125,0.125,0.125,0.125
175,175.0,175.0,0.125,0.125,0.125,0.125,0.125,0.125,0.125,0.125
176,176.0,176.0,0.125,0.125,0.125,0.125,0.125,0.125,0.125,0.125
177,177.0,177.0,0.125,0.125,0.125,0.125,0.125,0.125,0.125,0.125
178,178.0,178.0,0.125,0.125,0.125,0.125,0.125,0.125,0.125,0.125
179,179.0,179.0,0.125,0.125,0.125,0.125,0.125,0.125,0.125,0.125
180,180.0,180.0,0.125,0.125,0.125,0.125,0.125,0.125,0.125,0.125
181,181.0,181.0,0.125,0.125,0.125,0.125,0.125,0.125,0.125,0.125
182,182.0,182.0,0.125,0.125,0.125,0.125,0.125,0.125,0.125,0.125
183,183.0,183.0,0.125,0.125,0.125,0.125,0.125,0.125,0.125,0.125
184,184.0,184.0,0.125,0.125,0.125,0.125,0.125,0.125,0.125,0.125
185,185.0,185.0,0.125,0.125,0.125,0.125,0.125,0.125,0.125,0.125
186,186.0,186.0,0.125,0.125,0.125,0.125,0.125,0.125,0.125,0.125
187,187.0,187.0,0.125,0.125,0.125,0.125,0.125,0.125,0.125,0.125
188,188.0,188.0,0.125,0.125,0.125,0.125,0.125,0.125,0.125,0.125
189,189.0,189.0,0.125,0.125,0.125,0.125,0.125,0.125,0.125,0.125
190,190.0,190.0,0.125,0.125,0.125,0.125,0.125,0.125,0.125,0.125
191,191.0,191.0,0.125,0.125,0.125,0.125,0.125,0.125,0.125,0.125
192,192.0,192.0,0.125,0.125,0.125,0.125,0.125,0.125,0.125,0.125
193,193.0,193.0,0.125,0.125,0.125,0.125,0.125,0.125,0.125,0.125
194,194.0,194.0,0.125,0.125,0.125,0.125,0.125,0.125,0.125,0.125
195,195.0,195.0,0.125,0.125,0.125,0.125,0.125,0.125,0.125,0.125
196,196.0,196.0,0.125,0.125,0.125,0.125,0.125,0.125,0.125,0.125
197,197.0,197.0,0.125,0.125,0.125,0.125,0.125,0.125,0.125,0.125
198,198.0,198.0,0.125,0.125,0.125,0.125,0.125,0.125,0.125,0.125
199,199.0,199.0,0.125,0.125,0.125,0.125,0.125,0.125,0.125,0.125
200,200.0,200.0,0.1181144781144781,0.11508417508417508,0.12484848484848485,0.12114478114478114,0.12212121212121213,0.11841750841750841,0.13794612794612793,0.14232323232323232
201,201.0,201.0,0.11667929292929295,0.10994528619528622,0.11970959595959597,0.12051978114478115,0.12068602693602695,0.12031565656565658,0.1357933501683502,0.1563510101010101
202,202.0,202.0,0.11417087542087542,0.11114057239057239,0.11417087542087542,0.11868476430976432,0.12181397306397307,0.11743686868686869,0.14032196969696972,0.16226010101010102
203,203.0,203.0,0.1136541699041699,0.11732938357938358,0.1141592204092204,0.11934650997150996,0.12143194768194768,0.11681915306915308,0.13647193084693085,0.1607876845376845
204,204.0,204.0,0.11239228364228365,0.11575614200614201,0.10936845561845561,0.12179901117401114,0.12344252969252971,0.11492401117401117,0.13465448902948904,0.16766307766307767
205,205.0,205.0,0.10732310717604836,0.11186375171669294,0.11133021118315238,0.12421060829149065,0.1295456993986406,0.11406913892208011,0.1324026477335301,0.169254835578365
206,206.0,206.0,0.10799677174677177,0.10936822436822442,0.10836307211307214,0.1297035603285603,0.12725843600843606,0.1145291282791283,0.13365521053021057,0.16912559662559665
207,207.0,207.0,0.10858036843330966,0.10526661247249487,0.10726168711462832,0.13202930375724495,0.12319001804295925,0.11379404364698484,0.1315220795000207,0.17835588703235764
208,208.0,208.0,0.10659032144326265,0.11173810394398634,0.10878812364106484,0.13044847717641836,0.11149893135187255,0.11181232166526285,0.13471314769108889,0.1844105730870437
209,209.0,209.0,0.10736161986161989,0.10863146113146117,0.1172866947866948,0.12747518685018686,0.10786667036667039,0.1088795463795464,0.13252148314648315,0.18997733747733747
210,210.0,210.0,0.10796719157378534,0.11262251711098552,0.1176750098741524,0.126292196780813,0.11163948837810461,0.10484933408795033,0.13181052208846414,0.1871437401057448
211,211.0,211.0,0.1107470295548617,0.10828433766057695,0.11870746469143695,0.12129948868051973,0.11001507864610975,0.10334480447583558,0.13001295218330908,0.19758884410735036
212,212.0,212.0,0.11172272053055267,0.10710274147898077,0.11712700811098037,0.11383769121872231,0.1074103222913534,0.10425556038659148,0.13027653119688815,0.20826742478593108
213,213.0,213.0,0.10807240498782228,0.10434369153339833,0.1128693043138029,0.1124556302971877,0.10905412439568182,0.11178764087919828,0.12267778247971836,0.2187394211131905
214,214.0,214.0,0.10966217486706584,0.1058991901283706,0.10956369179766406,0.11105020093123202,0.10764869502972614,0.1130211004021315,0.12377090719126412,0.21938403965254585
215,215.0,215.0,0.11688449775115343,0.11324406203206602,0.10853096907376486,0.10763856082841543,0.10167834457408156,0.10883819452804915,0.12865893038811085,0.21452644082435887
216,216.0,216.0,0.11022887668376766,0.11129333302251349,0.1000712262022573,0.10752155365258473,0.10638879751982862,0.11269832132935241,0.1340036836740406,0.21779420791565532
217,217.0,217.0,0.1078446681951802,0.1102881288409248,0.10670185079440767,0.10856731698955918,0.10615065396174629,0.11259178675502828,0.13157255945097127,0.21628303501218257
218,218.0,218.0,0.10604295387748122,0.10876246697319131,0.10711233852586725,0.10656575870603159,0.10437946467457235,0.1106660026073771,0.13254862291105007,0.22392239172442932
219,219.0,219.0,0.10222618241365095,0.11250940902895691,0.10811107018636361,0.10736450269903004,0.09754993255092259,0.10656724707907302,0.13069060075891026,0.23498105528309285
220,220.0,220.0,0.10078085742452672,0.11402944172280677,0.11072848886303037,0.10559713863786674,0.09609124215148027,0.10618145164958447,0.12923636549624062,0.23735501405446427
221,221.0,221.0,0.09486804609792228,0.11720555499425472,0.10817481197279961,0.10870739193726812,0.10150344773332393,0.10540827584867832,0.12396546284239786,0.24016700857335535
222,222.0,222.0,0.0864009532778883,0.11758344038142804,0.10666201288105315,0.11598685756967493,0.10251036674024294,0.1027358166715752,0.12552793740487242,0.24259261507326518
223,223.0,223.0,0.0845839095217096,0.11945606695012177,0.10681810630777518,0.11357692316076129,0.09904164476891854,0.09593723260440407,0.12398057862089586,0.25660553806541375
224,224.0,224.0,0.08340491504062197,0.11901126355202724,0.10569949830011748,0.11383745745329854,0.10216992582962656,0.09439221134138576,0.11773145107768435,0.26375327740523813
225,225.0,225.0,0.08875797082556627,0.11745283608338304,0.10760305131744759,0.11542840297148863,0.09758907779908811,0.08945460843861254,0.11349134709841624,0.27022270546599747
226,226.0,226.0,0.08754120558366796,0.11819493189304243,0.10919202318038138,0.11031049116682691,0.0980508929361998,0.08838376876877994,0.11093045554147292,0.2773962309296286
227,227.0,227.0,0.08226150759370164,0.11908776345279867,0.1099014406596647,0.11110762794435586,0.10034422033272636,0.08729517269566375,0.11197139335227657,0.2780308739688124
228,228.0,228.0,0.08047493994556983,0.11654757917350136,0.1060643174518495,0.10741115456372301,0.09891976687117228,0.08540588464732869,0.11488108899998403,0.2902952683468713
229,229.0,229.0,0.08226181250046061,0.11259156358872563,0.10492788610693667,0.1056305358537041,0.09091330171567533,0.08372225021089832,0.1149939708840638,0.30495867913953567
230,230.0,230.0,0.08253114107524753,0.11621070354350968,0.10248967463722702,0.10883666690476715,0.08813428974212169,0.08305809553123011,0.11323084117639243,0.30550858738950454
231,231.0,231.0,0.0833670887607712,0.1171414858251467,0.09910491998823763,0.10232893974661599,0.0904516736115987,0.08218794865771804,0.1160799345855881,0.30933800882432366
232,232.0,232.0,0.08520236759084591,0.1132620276590199,0.10119017069751947,0.09724772769160897,0.09024038843452772,0.08076308611209074,0.11161667391098296,0.3204775579034043
233,233.0,233.0,0.09001966470273179,0.10738850973798549,0.10314284170100486,0.0900233715386958,0.0891843016838993,0.07934637830992282,0.11673872275025485,0.32415620957550506
234,234.0,234.0,0.09209788851308955,0.11309124901109398,0.10276160357044284,0.08713182594066524,0.08451646825271227,0.07835254670892419,0.1147716896081034,0.3272767283949686
235,235.0,235.0,0.09221658363693343,0.11340961574479252,0.10059421100030429,0.08480625383076817,0.08768669371756017,0.07514459056510046,0.10948567345881495,0.336656378045726
236,236.0,236.0,0.08779986676270843,0.11319574536747598,0.09951106089970359,0.08236564261171263,0.08874316759748338,0.07762526369630203,0.10574681776295393,0.34501243530166
237,237.0,237.0,0.0876700523219111,0.10882282687516501,0.1001716580770975,0.08397050270963136,0.09196922424779114,0.0763270469154382,0.10398348426034303,0.3470852045926227
238,238.0,238.0,0.08380984673314104,0.1059864330104885,0.10746769774154519,0.08262953292916499,0.08887169260470981,0.08124577546296714,0.09610276407928135,0.353886257438702
239,239.0,239.0,0.08126627502096327,0.10606939427330102,0.10774713462950136,0.08189274013490094,0.08794151847913341,0.08021902035845678,0.09540702218813717,0.3594568949156063
240,240.0,240.0,0.07738837824784896,0.106088860970626,0.10867945914259138,0.07794784884732597,0.08753620949139825,0.08114429289743157,0.09404216511366094,0.3671727852891172
241,241.0,241.0,0.07669056051961692,0.1067326494898734,0.11077836910374696,0.07758878854352552,0.0852312336866781,0.08029678879538543,0.09334644496588251,0.36933516489529133
242,242.0,242.0,0.07694918919950948,0.11058847773366384,0.11395424959875512,0.07746180292519834,0.08557442089362662,0.07663432749984384,0.08602766516753116,0.3728098669818715
243,243.0,243.0,0.07502619986366114,0.10942978990966608,0.11397900144804167,0.08020266082959582,0.08576179324631336,0.07393180062684705,0.09088731386719004,0.3707814402086848
244,244.0,244.0,0.07396741015055307,0.10770649598395941,0.12146506719342205,0.07823233912136442,0.08467234185100096,0.07325246199458858,0.0843129252019505,0.3763909585031609
245,245.0,245.0,0.07593590464254978,0.1067550367276665,0.11602982326072021,0.07887945425276605,0.08247781646309939,0.07180352324494649,0.08860595543953556,0.37951248596871606
246,246.0,246.0,0.07345265343026587,0.10736859868397203,0.11366414264987786,0.07686923694230859,0.08124840549659118,0.07806256758235851,0.08848858212718526,0.3808458130874406
247,247.0,247.0,0.07461271068281955,0.10323353579202225,0.11155426720254945,0.07803019395324398,0.0811359521886462,0.07828270994298908,0.09227037539930778,0.3808802548384217
248,248.0,248.0,0.07451439270700545,0.10891956677888387,0.10578835466993289,0.07883760365110518,0.08007602230294959,0.07475595941927135,0.09382099569018996,0.3832871047806616
249,249.0,249.0,0.07613162435542374,0.10680675099492203,0.10456147828154533,0.08193500385879951,0.08100113035863575,0.07435822622006756,0.09165596769427962,0.38354981823632645
250,250.0,250.0,0.07710309006002652,0.10891942224215967,0.10562029750940453,0.08036677096737756,0.07365425628068084,0.07765494299313087,0.08753345410742858,0.3891477658397913
251,251.0,251.0,0.07954180309767235,0.10198455148165025,0.10728371592574358,0.08250889338483926,0.0722907086324413,0.0789058708351875,0.08850313143116573,0.38898132521129997
252,252.0,252.0,0.07771052013488118,0.10212454918673,0.11150121194891308,0.08011318767702265,0.07367112270737879,0.07861675797957775,0.08362397620185609,0.3926386741636404
253,253.0,253.0,0.0782033828645833,0.10190410691032326,0.11011912135991306,0.08063815190529415,0.07308940244795895,0.07694690421606938,0.08082051809524901,0.39827841220060883
254,254.0,254.0,0.0745887963258203,0.10155421391785469,0.10660160012830217,0.07864255203113095,0.07236794526384233,0.07958752846346187,0.08064342761029296,0.40601393625929466
255,255.0,255.0,0.07436761979408185,0.10196299950212005,0.10506689150664492,0.07564695740436325,0.07385282487899635,0.08003225101556223,0.08019574136041195,0.40887471453781926
256,256.0,256.0,0.0773906496362762,0.09901658409158248,0.10498006809397503,0.08060559535294422,0.07253255911860226,0.07978112461917532,0.07470278058623207,0.41099063850121237
257,257.0,257.0,0.07313298775399638,0.09940831658753493,0.10688004530134557,0.07758637653803595,0.07062627957389561,0.07935218929266653,0.0747261665192832,0.4182876384332417
258,258.0,258.0,0.07215970120750179,0.1012510058812179,0.10119573793072076,0.0760574764279778,0.07397408291574095,0.08316616279229687,0.07638294525220155,0.4158128875923423
259,259.0,259.0,0.0728385123550602,0.10028910269061947,0.10160509607520432,0.07780609192178298,0.07540131245294804,0.0819303410057124,0.0762431061745867,0.4138864373240858
260,260.0,260.0,0.07452289114529016,0.09874777746319975,0.09972900755275296,0.0780477670679629,0.0747410262318463,0.08200900325686128,0.07628358177440184,0.4159189455076847
261,261.0,261.0,0.07527531844526322,0.09944737744318341,0.09808704058595476,0.07879456800400848,0.07385729839116877,0.07806720139435046,0.0755333209959944,0.4209378747400765
262,262.0,262.0,0.07034416419389977,0.10101502765127786,0.10238652286582774,0.0716595378939915,0.07329342058050578,0.07541723260677297,0.07954059939461341,0.4263434948131109
263,263.0,263.0,0.06946565997774536,0.09954590944142185,0.10226193629446273,0.0698020132258706,0.06951343868411206,0.07301259509302978,0.08462482684327523,0.43177362044008244
264,264.0,264.0,0.06883943495829407,0.0982057370429472,0.0983316879373825,0.06923872417653915,0.07026216260765945,0.07307774852320464,0.0865660866699737,0.4354784180839993
265,265.0,265.0,0.06846832492945971,0.09701299051428483,0.09861848595024435,0.06900827614573936,0.0679895705339573,0.07198015456395965,0.08773979313276432,0.4391824042295904
266,266.0,266.0,0.06980126083393105,0.0985995796270694,0.09141167265604086,0.07044202782406779,0.0647061493698723,0.0728187619349467,0.08658402452841114,0.4456365232256606
267,267.0,267.0,0.0703411631929482,0.09120941232024005,0.09390103712056051,0.07001786646099234,0.06742304607669827,0.07077274584087173,0.09044029576851483,0.44589443321917405
268,268.0,268.0,0.07162421728957935,0.08347287140619193,0.09364777078632916,0.0721857551493717,0.07016590197122925,0.07061220346424713,0.09002842612038922,0.4482628538126623
269,269.0,269.0,0.07404612319545158,0.07996591217579711,0.0954507714025918,0.07179889798147644,0.07108457793420445,0.06956004665566859,0.0819180867637087,0.45617558389110147
270,270.0,270.0,0.07231355429565993,0.07863551569181619,0.09176438143221964,0.07219041478479811,0.06745157380861283,0.06746916973521726,0.0829639104118214,0.46721147983985445
271,271.0,271.0,0.07447260292436114,0.07524125478330299,0.09208519059731994,0.07165556430712393,0.06553929828684689,0.06660080310049747,0.08241649080393101,0.4719887951966166
272,272.0,272.0,0.07740006202225463,0.07103697384084931,0.0905445107136683,0.0710529051728138,0.06905368568624999,0.06490304251021815,0.08220026109579341,0.47380855895815244
273,273.0,273.0,0.07428346773207341,0.06776130441924302,0.08931701216363,0.06948965541391829,0.06875807185711498,0.06447908327544202,0.07948314020039375,0.4864282649381845
274,274.0,274.0,0.07446212257252934,0.06727502551622362,0.09167838911600902,0.06781370602816392,0.06924788180026419,0.0640127746347894,0.07910072370923611,0.4864093766227844
275,275.0,275.0,0.07399353879698492,0.067025505273624,0.09189854755861467,0.06708940255253142,0.06862671492812816,0.06115736731768686,0.07875683595217188,0.491452087620258
276,276.0,276.0,0.07088617273620884,0.06604727298396447,0.09494097137047124,0.06708134645161463,0.0683213211178864,0.05729723910492054,0.07887579417202585,0.49654988206290795
277,277.0,277.0,0.07002552575859941,0.06664334592252466,0.0927232057478223,0.06516244362270447,0.06639885008618594,0.05438997445021327,0.07783613592855006,0.5068205184833998
278,278.0,278.0,0.06846257535591596,0.06912208957462844,0.09253146394632529,0.06309290711898108,0.06581028194559392,0.053138695620609244,0.07577124534500608,0.51207074109294
279,279.0,279.0,0.0703379713736104,0.0691738636376254,0.09471645464965271,0.0625238671068548,0.062177270074959656,0.05358187597814687,0.07577026434030297,0.5117184328388472
280,280.0,280.0,0.06841510147620625,0.06616193592471104,0.0899332827618342,0.06562915303223874,0.05987749074404288,0.05307972071596455,0.074742580833367,0.5221607345116355
281,281.0,281.0,0.06758879929226606,0.06687367221497643,0.08727782650099938,0.067975523743074,0.056322357643931606,0.05109609897097808,0.07693282980216724,0.5259328918316072
282,282.0,282.0,0.06865647974246061,0.06662942235284612,0.08967828595547929,0.06656898911100073,0.052770513598762184,0.05143502773950237,0.07569102201383271,0.5285702594861159
283,283.0,283.0,0.06998061091669014,0.067985014538958,0.08784148039665386,0.06588300027712,0.05037381042539556,0.05091524062879217,0.0755731240538064,0.5314477187625838
284,284.0,284.0,0.07034162569031355,0.06803123468545838,0.09290295125476652,0.06636600077598256,0.04918906183690597,0.0522362725470539,0.0706481583358792,0.5302846948736398
285,285.0,285.0,0.07185922550485654,0.06697217164794123,0.09278218819293409,0.06479250985894278,0.048354873173186604,0.05166353507829744,0.0653799233518409,0.5381955731920004
286,286.0,286.0,0.07015844648808928,0.0656449171760339,0.09205662485036106,0.06357437655502247,0.04818702875208344,0.050779560632541014,0.06427225915658864,0.5453267863892802
287,287.0,287.0,0.07111996252402623,0.06482826964834168,0.09229352945202486,0.0613540722284657,0.04770759316040513,0.05127510706979108,0.06380922559088484,0.5476122403260605
288,288.0,288.0,0.07216283163301829,0.06463268180437828,0.0878027422926663,0.06200830661344323,0.04707718954349289,0.05069701859613875,0.0642676509539664,0.5513515785628958
289,289.0,289.0,0.06716358084824674,0.06484478678604073,0.08645566084672127,0.06262620746164209,0.048028451346136945,0.04998895041298653,0.06239449095183666,0.5584978713463891
290,290.0,290.0,0.0675986205933765,0.0634734925688232,0.08259058061078609,0.06164247521681251,0.04783441047908341,0.04910243778889037,0.06266148992177603,0.5650964928204519
291,291.0,291.0,0.06485380363501983,0.062392434585886995,0.08084918904317566,0.06141850505663918,0.047209418140551344,0.04720834269183682,0.0641107834864219,0.5719575233604682
292,292.0,292.0,0.06396038920437756,0.06276812856569108,0.07970824790245895,0.060336009717796055,0.04586750455568733,0.04699524621252928,0.06510898083688742,0.5752554930045722
293,293.0,293.0,0.06052668983159996,0.06420349737209399,0.08185879021989971,0.05754701931117341,0.04548747379832858,0.046558196371498765,0.06448757500024586,0.5793307580951598
294,294.0,294.0,0.0605304354721344,0.06484828216497997,0.08308128421757077,0.06149687369096675,0.04491110582887804,0.04416733411982078,0.06039677646030508,0.5805679080453441
295,295.0,295.0,0.059321095852707936,0.06455300617795788,0.08301353586461899,0.06050987225068939,0.047923807350607216,0.04344394897242663,0.05808394076652346,0.5831507927644685
296,296.0,296.0,0.05852265685157292,0.06397159137613201,0.08048962408883593,0.061080587300102664,0.046931157716524,0.04303666047076209,0.05735617850906476,0.5886115436870055
297,297.0,297.0,0.06034309562725905,0.061994661024955926,0.08031613055173467,0.05960278184093164,0.04624201633132615,0.040290624830594916,0.05848009532812113,0.5927305944650766
298,298.0,298.0,0.059370459327598615,0.061901001487854906,0.0805935853266747,0.06211582898312191,0.045919474791837236,0.03968525898385645,0.05698569711660165,0.5934286939824546
299,299.0,299.0,0.060266414366660706,0.06586559568064629,0.08117094078495476,0.06173316330931023,0.04682526689335241,0.040688489947791194,0.05801600160541693,0.5854341274118675
300,300.0,300.0,0.058706547651293496,0.06644844164909984,0.07932410246814213,0.057927306446937936,0.04712137651348108,0.04042422880784288,0.05817834718205294,0.5918696492811496
301,301.0,301.0,0.05790959762932205,0.06525996011305826,0.0791392755177724,0.056140273957663016,0.046283244244383216,0.04305642463468327,0.05835264384756914,0.5938585800555487
302,302.0,302.0,0.05785440557614232,0.06618186379397657,0.07759062616020346,0.055449066156807544,0.0456789718412887,0.04304318461968268,0.05662088486157464,0.5975809969903241
303,303.0,303.0,0.05724304999863965,0.06579265420203748,0.07783781416952576,0.05443159910001265,0.04514230496649987,0.042988652601683136,0.05593192785207924,0.6006319971095221
304,304.0,304.0,0.057968921259950255,0.06498737228897711,0.0776510948572968,0.054139724091649764,0.04469678732972244,0.0425787108760013,0.05542892994493123,0.6025484593514709
305,305.0,305.0,0.058356834401504035,0.06561474366089531,0.07735045226856765,0.056101309630628385,0.04468591224144692,0.04270849714641804,0.054456968019888925,0.6007252826306506
306,306.0,306.0,0.0577255500817634,0.06171376861237363,0.07887044721307188,0.054450764571001405,0.044242352215083894,0.04246534821351417,0.057599892418405116,0.6029318766747864
307,307.0,307.0,0.05865707455317153,0.05921928184757207,0.07905471529129995,0.052737627761919065,0.04383226466222499,0.0421103325910465,0.05614292400861316,0.6082457792841528
308,308.0,308.0,0.061735033248936026,0.05853547099390558,0.07920663959044182,0.05433593875605835,0.04206035590672882,0.04250477405707528,0.04884852653580298,0.6127732609110512
309,309.0,309.0,0.06055619362791284,0.05885919110789305,0.0769569984317279,0.05334523116804992,0.04151376278001818,0.04298895993097373,0.04676330342121144,0.619016359532213
310,310.0,310.0,0.0592694155804961,0.058469563301838084,0.07820793065187304,0.05273128093504318,0.0419843722977497,0.04372551603463526,0.04657863947711871,0.6190332817212459
311,311.0,311.0,0.06148040146431104,0.056330716900509906,0.0796923962328241,0.05008097935712338,0.04172653894411302,0.04348807972357769,0.04632747521132863,0.6208734121662122
312,312.0,312.0,0.06025603505595993,0.056358152315328654,0.07993330196278113,0.04959355828698188,0.04228787393310432,0.044267163172097744,0.04493912817828306,0.6223647870954632
313,313.0,313.0,0.05994025992635266,0.05556989181320145,0.07980819911986521,0.049457866481175145,0.0420408462585425,0.044074421435122184,0.0438683911541155,0.6252401238116252
314,314.0,314.0,0.06297619590040374,0.05460434809245859,0.07989951197653698,0.04925490403638931,0.04245570518248899,0.04079594208764365,0.040411777813966016,0.6296016149101127
315,315.0,315.0,0.0626488498261476,0.05355923953803059,0.07960559176281687,0.04980398081859252,0.04214917970311644,0.04048796661185835,0.038791656308368845,0.6329535354310687
316,316.0,316.0,0.06242520652499397,0.054449366298492605,0.0744664110668822,0.049737809575448585,0.04219457823808413,0.03909429648869771,0.038868854319580454,0.6387634774878204
317,317.0,317.0,0.06159781225122755,0.054380058640692314,0.0733120506534787,0.04868338016451645,0.04169416592951284,0.04070746235581332,0.040004390999485225,0.6396206790052735
318,318.0,318.0,0.0608246176924326,0.053871285049111,0.07266348148950466,0.047283695106381675,0.04127540303702903,0.04024213381954557,0.03949867665077283,0.6443407071552226
319,319.0,319.0,0.05965143044512215,0.05528699265958376,0.07186126177303036,0.04701005062970554,0.0405254491361944,0.03994151660828601,0.03969183590050083,0.6460314628475771
320,320.0,320.0,0.059139714692154954,0.056408342615094025,0.0713300695539936,0.046651812798653186,0.03933094185452768,0.039582375505374155,0.03942624832693515,0.6481304946532674
321,321.0,321.0,0.060065037974834354,0.05600570617846378,0.07136444950889365,0.0462484820364685,0.03918641769816747,0.04040040985188169,0.03992035540865404,0.6468091413426366
322,322.0,322.0,0.0595419860475747,0.05552461753639444,0.07073971299717943,0.04481256574370018,0.038953878599923365,0.04005326338015484,0.03963652407634459,0.6507374516187286
323,323.0,323.0,0.059018822236843946,0.05360213323402404,0.06731325968530501,0.043383021866911425,0.039242463374508554,0.040355200088095275,0.039257568902460724,0.6578275306118512
324,324.0,324.0,0.058722588029651565,0.05304432342117206,0.06533535598917224,0.04292342091798675,0.03886355242295063,0.03881596429006764,0.03923706031500697,0.663057734613992
325,325.0,325.0,0.05878230945198392,0.053084839176932595,0.06501134894165639,0.04229857384078742,0.038498123358852866,0.03853911908021142,0.03810598900066006,0.6656796971489153
326,326.0,326.0,0.05824513733621637,0.05198099858627667,0.06351006060713868,0.045419403173494556,0.038615010391033475,0.03872113222784694,0.03782528348598384,0.6656829741920095
327,327.0,327.0,0.057550250299860634,0.052703705275592656,0.06383777756728841,0.04481112165302276,0.039038832252206036,0.03841470825733125,0.03745717588043895,0.6661864288142592
328,328.0,328.0,0.05621372191673172,0.051377757172379676,0.0671455573569579,0.04459381842491647,0.0377208019580464,0.037956181032672745,0.03843454580779013,0.666557616330505
329,329.0,329.0,0.05728857166974012,0.050780295225559234,0.0659976458049895,0.044040208648812286,0.036423265504620286,0.036396294450270594,0.040155049320968986,0.668918669375039
330,330.0,330.0,0.05807424346765371,0.05121867177535006,0.06432512040239595,0.045993711747902906,0.037785696671022447,0.03468590588769346,0.03975394422448513,0.6681627058234964
331,331.0,331.0,0.05761132784523619,0.04924453156348432,0.06637354819589675,0.048061578057834654,0.037474257067411004,0.03534816222128668,0.04002414150010889,0.6658624535487413
332,332.0,332.0,0.05701381219481484,0.04680295477746128,0.0657564549665519,0.05040332806523156,0.037299153156727737,0.03607611993560607,0.04061374485098162,0.666034432052625
333,333.0,333.0,0.05738635357754542,0.04682237646851352,0.06493145788048685,0.04962291611927624,0.03688909071610925,0.03718060063731427,0.04023563546835556,0.6669315691323988
334,334.0,334.0,0.056917256207583304,0.04645266427832105,0.06679877773180404,0.04877669298139699,0.03652983621048321,0.039502645491954265,0.03991464803540281,0.6651074790630542
335,335.0,335.0,0.05144467424986315,0.04639825568790428,0.0679947243467792,0.04864365124344709,0.03650993984845961,0.03932927705025886,0.041957580672612065,0.6677218969006756
336,336.0,336.0,0.05075813643871411,0.04624136449988941,0.0653471977505017,0.045566325213707556,0.036295122714785966,0.039178900792637014,0.042110586090163604,0.6745023664996006
337,337.0,337.0,0.0517529375948197,0.0466224169989294,0.06395331811150233,0.043897463491076066,0.036084565695557146,0.03949904721398494,0.04034719017867736,0.6778430607154531
338,338.0,338.0,0.05009560339754342,0.04612026248074889,0.06440688668005169,0.043464061233770675,0.03572332750304271,0.03949354066587556,0.03994532361854183,0.6807509944204251
339,339.0,339.0,0.0501744297612486,0.04587473270965602,0.06426270968154275,0.043353975209398904,0.035560963522107955,0.04021645973544134,0.03985103509083239,0.680705694289772
340,340.0,340.0,0.05155126630463174,0.046510596163321684,0.06360573150825219,0.043110454685058495,0.03538509290925596,0.04003444276818121,0.04010736637642035,0.6796950492848783
341,341.0,341.0,0.05133169547643993,0.04613365537659717,0.06373882490377597,0.04287494751291788,0.035172365857228584,0.039778101932124686,0.03983963250690372,0.681130776434012
342,342.0,342.0,0.05135974867520741,0.044295711689519686,0.06165529194254989,0.043089300903611114,0.03510993724123137,0.0378985946013776,0.03971740195386762,0.6868740129926354
343,343.0,343.0,0.05020521096245819,0.04534984709165752,0.06115334998462474,0.0428093698365909,0.03479507734210073,0.037578583854007516,0.039476602711312786,0.6886319582172475
344,344.0,344.0,0.04719425326949627,0.04695844915340983,0.05965017873611684,0.04021733207278445,0.03566314927248516,0.03667540804603114,0.03678284366477002,0.6968583857849062
345,345.0,345.0,0.0469533568810314,0.047239841871561855,0.05831287165795704,0.040251473160281895,0.03530612706540401,0.03716553128250196,0.03743016481663932,0.6973406332646225
346,346.0,346.0,0.04720653444532747,0.04638146015243337,0.05744619395090848,0.03970743565525776,0.036256741480690954,0.035936168027130275,0.035828818021331074,0.7012366482669208
347,347.0,347.0,0.04709905302585679,0.046117338144697116,0.05736209347246532,0.03932122539657571,0.03752107424227309,0.034643128028252056,0.0351660398824342,0.7027700478074458
348,348.0,348.0,0.04545703850118594,0.04556476600635738,0.057225753025008055,0.04064577926753284,0.038461817967740286,0.03576532452581617,0.03560038330593043,0.7012791374004289
349,349.0,349.0,0.044011359443350724,0.04523447274707458,0.05754582113861783,0.040631465358680015,0.038158562156153826,0.03551476545100318,0.03534419674133745,0.7035593569637822
350,350.0,350.0,0.04537730123999708,0.04555796121311249,0.05626349575628615,0.04112574135081061,0.037662520144155755,0.03544851681659721,0.03336476896279732,0.7051996945162435
351,351.0,351.0,0.04505680270603496,0.0453212394046381,0.05774567404320231,0.03935740370975906,0.03747512311684541,0.03460154331774965,0.0346190228356594,0.7058231908661109
352,352.0,352.0,0.04418284629130509,0.044934949274999685,0.05718651802133782,0.03866846084426916,0.03694748175068569,0.034145218815497674,0.03436565055853723,0.7095688744433676
353,353.0,353.0,0.04368909880414241,0.04456659769433961,0.05693763792098676,0.038363721279367144,0.036743491513319466,0.0339341242871397,0.03412765814522562,0.7116376703554793
354,354.0,354.0,0.04449593927006797,0.044245274958672275,0.05727610793810443,0.03937300554042571,0.035826252581783666,0.03334740802508776,0.03272534560499188,0.7127106660808664
355,355.0,355.0,0.04419067280200609,0.04357619538189319,0.057051548569310585,0.039089860925145305,0.03761670488859006,0.03312105999976963,0.03254934355931564,0.7128046138739693
