,Unnamed: 0,Total_iterations,Intertwine_two,Invert_path_vertices,Insert_inside_vertex,Delete_inside_vertex,Replace_inside_vertex,Donate_between_routes,Trim_one_terminal_cb,Grow_one_terminal_cb
0,0.0,0.0,0.125,0.125,0.125,0.125,0.125,0.125,0.125,0.125
1,1.0,0.10900000000000001,0.125,0.125,0.125,0.125,0.125,0.125,0.125,0.125
2,2.0,0.31601,0.125,0.125,0.125,0.125,0.125,0.125,0.125,0.125
3,3.0,0.6191589000000001,0.125,0.125,0.125,0.125,0.125,0.125,0.125,0.125
4,4.0,1.015801321,0.125,0.125,0.125,0.125,0.125,0.125,0.125,0.125
5,5.0,1.50262148669,0.125,0.125,0.125,0.125,0.125,0.125,0.125,0.125
6,6.0,2.0757334209441005,0.125,0.125,0.125,0.125,0.125,0.125,0.125,0.125
7,7.0,2.7307768275633495,0.125,0.125,0.125,0.125,0.125,0.125,0.125,0.125
8,8.0,3.4630081252450404,0.125,0.125,0.125,0.125,0.125,0.125,0.125,0.125
9,9.0,4.2673862119061114,0.125,0.125,0.125,0.125,0.125,0.125,0.125,0.125
10,10.0,5.138652627782014,0.125,0.125,0.125,0.125,0.125,0.125,0.125,0.125
11,11.0,6.071405875792507,0.125,0.125,0.125,0.125,0.125,0.125,0.125,0.125
12,12.0,7.060169740244025,0.125,0.125,0.125,0.125,0.125,0.125,0.125,0.125
13,13.0,8.099455520847952,0.125,0.125,0.125,0.125,0.125,0.125,0.125,0.125
14,14.0,9.183818168183006,0.125,0.125,0.125,0.125,0.125,0.125,0.125,0.125
15,15.0,10.307906369102724,0.125,0.125,0.125,0.125,0.125,0.125,0.125,0.125
16,16.0,11.466506686239443,0.125,0.125,0.125,0.125,0.125,0.125,0.125,0.125
17,17.0,12.654581904800096,0.125,0.125,0.125,0.125,0.125,0.125,0.125,0.125
18,18.0,13.867303782456686,0.125,0.125,0.125,0.125,0.125,0.125,0.125,0.125
19,19.0,15.100080434523047,0.125,0.125,0.125,0.125,0.125,0.125,0.125,0.125
20,20.0,16.348578617037543,0.125,0.125,0.125,0.125,0.125,0.125,0.125,0.125
21,21.0,17.608741195130214,0.125,0.125,0.125,0.125,0.125,0.125,0.125,0.125
22,22.0,18.876800103462312,0.125,0.125,0.125,0.125,0.125,0.125,0.125,0.125
23,23.0,20.14928511992658,0.125,0.125,0.125,0.125,0.125,0.125,0.125,0.125
24,24.0,21.423028783545156,0.125,0.125,0.125,0.125,0.125,0.125,0.125,0.125
25,25.0,22.695167792966423,0.125,0.125,0.125,0.125,0.125,0.125,0.125,0.125
26,26.0,23.963141223515898,0.125,0.125,0.125,0.125,0.125,0.125,0.125,0.125
27,27.0,25.224685898775267,0.125,0.125,0.125,0.125,0.125,0.125,0.125,0.125
28,28.0,26.477829247520948,0.125,0.125,0.125,0.125,0.125,0.125,0.125,0.125
29,29.0,27.720879968916847,0.125,0.125,0.125,0.125,0.125,0.125,0.125,0.125
30,30.0,28.95241681848399,0.125,0.125,0.125,0.125,0.125,0.125,0.125,0.125
31,31.0,30.17127581490958,0.125,0.125,0.125,0.125,0.125,0.125,0.125,0.125
32,32.0,31.376536153543515,0.125,0.125,0.125,0.125,0.125,0.125,0.125,0.125
33,33.0,32.567505096778625,0.125,0.125,0.125,0.125,0.125,0.125,0.125,0.125
34,34.0,33.74370209472243,0.125,0.125,0.125,0.125,0.125,0.125,0.125,0.125
35,35.0,34.90484237192463,0.125,0.125,0.125,0.125,0.125,0.125,0.125,0.125
36,36.0,36.05082019768737,0.125,0.125,0.125,0.125,0.125,0.125,0.125,0.125
37,37.0,37.18169203889697,0.125,0.125,0.125,0.125,0.125,0.125,0.125,0.125
38,38.0,38.29765977559663,0.125,0.125,0.125,0.125,0.125,0.125,0.125,0.125
39,39.0,39.399054140870355,0.125,0.125,0.125,0.125,0.125,0.125,0.125,0.125
40,40.0,40.48631852820801,0.125,0.125,0.125,0.125,0.125,0.125,0.125,0.125
41,41.0,41.55999329152982,0.125,0.125,0.125,0.125,0.125,0.125,0.125,0.125
42,42.0,42.62070064560415,0.125,0.125,0.125,0.125,0.125,0.125,0.125,0.125
43,43.0,43.669130257815,0.125,0.125,0.125,0.125,0.125,0.125,0.125,0.125
44,44.0,44.70602560622662,0.125,0.125,0.125,0.125,0.125,0.125,0.125,0.125
45,45.0,45.73217116373481,0.125,0.125,0.125,0.125,0.125,0.125,0.125,0.125
46,46.0,46.748380453854836,0.125,0.125,0.125,0.125,0.125,0.125,0.125,0.125
47,47.0,47.755485010424316,0.125,0.125,0.125,0.125,0.125,0.125,0.125,0.125
48,48.0,48.7543242612326,0.125,0.125,0.125,0.125,0.125,0.125,0.125,0.125
49,49.0,49.745736344347726,0.125,0.125,0.125,0.125,0.125,0.125,0.125,0.125
50,50.0,50.730549855707864,0.125,0.125,0.125,0.125,0.125,0.125,0.125,0.125
51,51.0,51.70957651737491,0.125,0.125,0.125,0.125,0.125,0.125,0.125,0.125
52,52.0,52.68360474770151,0.125,0.125,0.125,0.125,0.125,0.125,0.125,0.125
53,53.0,53.65339410751842,0.125,0.125,0.125,0.125,0.125,0.125,0.125,0.125
54,54.0,54.61967059027847,0.125,0.125,0.125,0.125,0.125,0.125,0.125,0.125
55,55.0,55.58312271885972,0.125,0.125,0.125,0.125,0.125,0.125,0.125,0.125
56,56.0,56.544398407394254,0.125,0.125,0.125,0.125,0.125,0.125,0.125,0.125
57,57.0,57.504102543001395,0.125,0.125,0.125,0.125,0.125,0.125,0.125,0.125
58,58.0,58.462795239617805,0.125,0.125,0.125,0.125,0.125,0.125,0.125,0.125
59,59.0,59.42099071417639,0.125,0.125,0.125,0.125,0.125,0.125,0.125,0.125
60,60.0,60.379156734137354,0.125,0.125,0.125,0.125,0.125,0.125,0.125,0.125
61,61.0,61.337714584760846,0.125,0.125,0.125,0.125,0.125,0.125,0.125,0.125
62,62.0,62.29703950447439,0.125,0.125,0.125,0.125,0.125,0.125,0.125,0.125
63,63.0,63.257461537171835,0.125,0.125,0.125,0.125,0.125,0.125,0.125,0.125
64,64.0,64.21926675122782,0.125,0.125,0.125,0.125,0.125,0.125,0.125,0.125
65,65.0,65.18269877636592,0.125,0.125,0.125,0.125,0.125,0.125,0.125,0.125
66,66.0,66.14796061122655,0.125,0.125,0.125,0.125,0.125,0.125,0.125,0.125
67,67.0,67.11521665648885,0.125,0.125,0.125,0.125,0.125,0.125,0.125,0.125
68,68.0,68.08459493066005,0.125,0.125,0.125,0.125,0.125,0.125,0.125,0.125
69,69.0,69.05618942810752,0.125,0.125,0.125,0.125,0.125,0.125,0.125,0.125
70,70.0,70.03006258152917,0.125,0.125,0.125,0.125,0.125,0.125,0.125,0.125
71,71.0,71.00624779379335,0.125,0.125,0.125,0.125,0.125,0.125,0.125,0.125
72,72.0,71.98475200689319,0.125,0.125,0.125,0.125,0.125,0.125,0.125,0.125
73,73.0,72.96555827861411,0.125,0.125,0.125,0.125,0.125,0.125,0.125,0.125
74,74.0,73.94862834037681,0.125,0.125,0.125,0.125,0.125,0.125,0.125,0.125
75,75.0,74.93390511255946,0.125,0.125,0.125,0.125,0.125,0.125,0.125,0.125
76,76.0,75.92131515639825,0.125,0.125,0.125,0.125,0.125,0.125,0.125,0.125
77,77.0,76.91077104428919,0.125,0.125,0.125,0.125,0.125,0.125,0.125,0.125
78,78.0,77.90217363294813,0.125,0.125,0.125,0.125,0.125,0.125,0.125,0.125
79,79.0,78.89541422641172,0.125,0.125,0.125,0.125,0.125,0.125,0.125,0.125
80,80.0,79.89037661826481,0.125,0.125,0.125,0.125,0.125,0.125,0.125,0.125
81,81.0,80.88693900474995,0.125,0.125,0.125,0.125,0.125,0.125,0.125,0.125
82,82.0,81.88497576253909,0.125,0.125,0.125,0.125,0.125,0.125,0.125,0.125
83,83.0,82.88435908692391,0.125,0.125,0.125,0.125,0.125,0.125,0.125,0.125
84,84.0,83.88496048800103,0.125,0.125,0.125,0.125,0.125,0.125,0.125,0.125
85,85.0,84.88665214409042,0.125,0.125,0.125,0.125,0.125,0.125,0.125,0.125
86,86.0,85.88930811312994,0.125,0.125,0.125,0.125,0.125,0.125,0.125,0.125
87,87.0,86.89280540413424,0.125,0.125,0.125,0.125,0.125,0.125,0.125,0.125
88,88.0,87.89702491199675,0.125,0.125,0.125,0.125,0.125,0.125,0.125,0.125
89,89.0,88.90185221995306,0.125,0.125,0.125,0.125,0.125,0.125,0.125,0.125
90,90.0,89.90717827491419,0.125,0.125,0.125,0.125,0.125,0.125,0.125,0.125
91,91.0,90.91289994163006,0.125,0.125,0.125,0.125,0.125,0.125,0.125,0.125
92,92.0,91.91892044225806,0.125,0.125,0.125,0.125,0.125,0.125,0.125,0.125
93,93.0,92.92514968840067,0.125,0.125,0.125,0.125,0.125,0.125,0.125,0.125
94,94.0,93.93150451304501,0.125,0.125,0.125,0.125,0.125,0.125,0.125,0.125
95,95.0,94.93790881009448,0.125,0.125,0.125,0.125,0.125,0.125,0.125,0.125
96,96.0,95.94429358933806,0.125,0.125,0.125,0.125,0.125,0.125,0.125,0.125
97,97.0,96.9505969547639,0.125,0.125,0.125,0.125,0.125,0.125,0.125,0.125
98,98.0,97.9567640140995,0.125,0.125,0.125,0.125,0.125,0.125,0.125,0.125
99,99.0,98.96274672736057,0.125,0.125,0.125,0.125,0.125,0.125,0.125,0.125
100,100.0,99.96850370202192,0.125,0.125,0.125,0.125,0.125,0.125,0.125,0.125
101,101.0,100.97399994219691,0.125,0.125,0.125,0.125,0.125,0.125,0.125,0.125
102,102.0,101.97920655893245,0.125,0.125,0.125,0.125,0.125,0.125,0.125,0.125
103,103.0,102.98410044840509,0.125,0.125,0.125,0.125,0.125,0.125,0.125,0.125
104,104.0,103.98866394444643,0.125,0.125,0.125,0.125,0.125,0.125,0.125,0.125
105,105.0,104.99288445143917,0.125,0.125,0.125,0.125,0.125,0.125,0.125,0.125
106,106.0,105.99675406321822,0.125,0.125,0.125,0.125,0.125,0.125,0.125,0.125
107,107.0,107.0002691731872,0.125,0.125,0.125,0.125,0.125,0.125,0.125,0.125
108,108.0,108.0034300804274,0.125,0.125,0.125,0.125,0.125,0.125,0.125,0.125
109,109.0,109.00624059613932,0.125,0.125,0.125,0.125,0.125,0.125,0.125,0.125
110,110.0,110.00870765431864,0.125,0.125,0.125,0.125,0.125,0.125,0.125,0.125
111,111.0,111.01084093013685,0.125,0.125,0.125,0.125,0.125,0.125,0.125,0.125
112,112.0,112.01265246907188,0.125,0.125,0.125,0.125,0.125,0.125,0.125,0.125
113,113.0,113.01415632942268,0.125,0.125,0.125,0.125,0.125,0.125,0.125,0.125
114,114.0,114.01536824044418,0.125,0.125,0.125,0.125,0.125,0.125,0.125,0.125
115,115.0,115.01630527795908,0.125,0.125,0.125,0.125,0.125,0.125,0.125,0.125
116,116.0,116.0169855589429,0.125,0.125,0.125,0.125,0.125,0.125,0.125,0.125
117,117.0,117.01742795623892,0.125,0.125,0.125,0.125,0.125,0.125,0.125,0.125
118,118.0,118.01765183424293,0.125,0.125,0.125,0.125,0.125,0.125,0.125,0.125
119,119.0,119.01767680610413,0.125,0.125,0.125,0.125,0.125,0.125,0.125,0.125
120,120.0,120.01752251271817,0.125,0.125,0.125,0.125,0.125,0.125,0.125,0.125
121,121.0,121.01720842354362,0.125,0.125,0.125,0.125,0.125,0.125,0.125,0.125
122,122.0,122.01675365905109,0.125,0.125,0.125,0.125,0.125,0.125,0.125,0.125
123,123.0,123.0161768344173,0.125,0.125,0.125,0.125,0.125,0.125,0.125,0.125
124,124.0,124.01549592390272,0.125,0.125,0.125,0.125,0.125,0.125,0.125,0.125
125,125.0,125.01472814520056,0.125,0.125,0.125,0.125,0.125,0.125,0.125,0.125
126,126.0,126.01388986291661,0.125,0.125,0.125,0.125,0.125,0.125,0.125,0.125
127,127.0,127.0129965102319,0.125,0.125,0.125,0.125,0.125,0.125,0.125,0.125
128,128.0,128.01206252771334,0.125,0.125,0.125,0.125,0.125,0.125,0.125,0.125
129,129.0,129.0111013181695,0.125,0.125,0.125,0.125,0.125,0.125,0.125,0.125
130,130.0,130.01012521639834,0.125,0.125,0.125,0.125,0.125,0.125,0.125,0.125
131,131.0,131.0091454726403,0.125,0.125,0.125,0.125,0.125,0.125,0.125,0.125
132,132.0,132.0081722485317,0.125,0.125,0.125,0.125,0.125,0.125,0.125,0.125
133,133.0,133.00721462434865,0.125,0.125,0.125,0.125,0.125,0.125,0.125,0.125
134,134.0,134.0062806163404,0.125,0.125,0.125,0.125,0.125,0.125,0.125,0.125
135,135.0,135.00537720296956,0.125,0.125,0.125,0.125,0.125,0.125,0.125,0.125
136,136.0,136.00451035890612,0.125,0.125,0.125,0.125,0.125,0.125,0.125,0.125
137,137.0,137.00368509565993,0.125,0.125,0.125,0.125,0.125,0.125,0.125,0.125
138,138.0,138.0029055077818,0.125,0.125,0.125,0.125,0.125,0.125,0.125,0.125
139,139.0,139.00217482361367,0.125,0.125,0.125,0.125,0.125,0.125,0.125,0.125
140,140.0,140.0014954596262,0.125,0.125,0.125,0.125,0.125,0.125,0.125,0.125
141,141.0,141.00086907744122,0.125,0.125,0.125,0.125,0.125,0.125,0.125,0.125
142,142.0,142.0002966427003,0.125,0.125,0.125,0.125,0.125,0.125,0.125,0.125
143,143.0,142.99977848500652,0.125,0.125,0.125,0.125,0.125,0.125,0.125,0.125
144,144.0,143.99931435823203,0.125,0.125,0.125,0.125,0.125,0.125,0.125,0.125
145,145.0,144.99890350055264,0.125,0.125,0.125,0.125,0.125,0.125,0.125,0.125
146,146.0,145.9985446936357,0.125,0.125,0.125,0.125,0.125,0.125,0.125,0.125
147,147.0,146.99823632047406,0.125,0.125,0.125,0.125,0.125,0.125,0.125,0.125
148,148.0,147.99797642142389,0.125,0.125,0.125,0.125,0.125,0.125,0.125,0.125
149,149.0,148.99776274806447,0.125,0.125,0.125,0.125,0.125,0.125,0.125,0.125
150,150.0,149.99759281456036,0.125,0.125,0.125,0.125,0.125,0.125,0.125,0.125
151,151.0,150.99746394626104,0.125,0.125,0.125,0.125,0.125,0.125,0.125,0.125
152,152.0,151.99737332532905,0.125,0.125,0.125,0.125,0.125,0.125,0.125,0.125
153,153.0,152.99731803323698,0.125,0.125,0.125,0.125,0.125,0.125,0.125,0.125
154,154.0,153.99729509002177,0.125,0.125,0.125,0.125,0.125,0.125,0.125,0.125
155,155.0,154.99730149022784,0.125,0.125,0.125,0.125,0.125,0.125,0.125,0.125
156,156.0,155.99733423551103,0.125,0.125,0.125,0.125,0.125,0.125,0.125,0.125
157,157.0,156.99739036391077,0.125,0.125,0.125,0.125,0.125,0.125,0.125,0.125
158,158.0,157.99746697583146,0.125,0.125,0.125,0.125,0.125,0.125,0.125,0.125
159,159.0,158.99756125680176,0.125,0.125,0.125,0.125,0.125,0.125,0.125,0.125
160,160.0,159.997670497107,0.125,0.125,0.125,0.125,0.125,0.125,0.125,0.125
161,161.0,160.99779210841066,0.125,0.125,0.125,0.125,0.125,0.125,0.125,0.125
162,162.0,161.99792363749984,0.125,0.125,0.125,0.125,0.125,0.125,0.125,0.125
163,163.0,162.9980627773051,0.125,0.125,0.125,0.125,0.125,0.125,0.125,0.125
164,164.0,163.9982073753568,0.125,0.125,0.125,0.125,0.125,0.125,0.125,0.125
165,165.0,164.99835543984977,0.125,0.125,0.125,0.125,0.125,0.125,0.125,0.125
166,166.0,165.99850514349492,0.125,0.125,0.125,0.125,0.125,0.125,0.125,0.125
167,167.0,166.99865482534062,0.125,0.125,0.125,0.125,0.125,0.125,0.125,0.125
168,168.0,167.99880299074837,0.125,0.125,0.125,0.125,0.125,0.125,0.125,0.125
169,169.0,168.99894830970783,0.125,0.125,0.125,0.125,0.125,0.125,0.125,0.125
170,170.0,169.99908961367427,0.125,0.125,0.125,0.125,0.125,0.125,0.125,0.125
171,171.0,170.99922589110733,0.125,0.125,0.125,0.125,0.125,0.125,0.125,0.125
172,172.0,171.99935628188598,0.125,0.125,0.125,0.125,0.125,0.125,0.125,0.125
173,173.0,172.99948007076793,0.125,0.125,0.125,0.125,0.125,0.125,0.125,0.125
174,174.0,173.99959668005403,0.125,0.125,0.125,0.125,0.125,0.125,0.125,0.125
175,175.0,174.99970566161096,0.125,0.125,0.125,0.125,0.125,0.125,0.125,0.125
176,176.0,175.9998066883961,0.125,0.125,0.125,0.125,0.125,0.125,0.125,0.125
177,177.0,176.99989954561875,0.125,0.125,0.125,0.125,0.125,0.125,0.125,0.125
178,178.0,177.99998412166295,0.125,0.125,0.125,0.125,0.125,0.125,0.125,0.125
179,179.0,179.00006039888612,0.125,0.125,0.125,0.125,0.125,0.125,0.125,0.125
180,180.0,180.0001284443981,0.125,0.125,0.125,0.125,0.125,0.125,0.125,0.125
181,181.0,181.00018840091488,0.125,0.125,0.125,0.125,0.125,0.125,0.125,0.125
182,182.0,182.00024047777083,0.125,0.125,0.125,0.125,0.125,0.125,0.125,0.125
183,183.0,183.0002849421635,0.125,0.125,0.125,0.125,0.125,0.125,0.125,0.125
184,184.0,184.00032211069524,0.125,0.125,0.125,0.125,0.125,0.125,0.125,0.125
185,185.0,185.00035234126688,0.125,0.125,0.125,0.125,0.125,0.125,0.125,0.125
186,186.0,186.00037602536867,0.125,0.125,0.125,0.125,0.125,0.125,0.125,0.125
187,187.0,187.0003935808066,0.125,0.125,0.125,0.125,0.125,0.125,0.125,0.125
188,188.0,188.00040544489266,0.125,0.125,0.125,0.125,0.125,0.125,0.125,0.125
189,189.0,189.0004120681212,0.125,0.125,0.125,0.125,0.125,0.125,0.125,0.125
190,190.0,190.00041390834568,0.125,0.125,0.125,0.125,0.125,0.125,0.125,0.125
191,191.0,191.00041142546425,0.125,0.125,0.125,0.125,0.125,0.125,0.125,0.125
192,192.0,192.00040507661635,0.125,0.125,0.125,0.125,0.125,0.125,0.125,0.125
193,193.0,193.00039531188708,0.125,0.125,0.125,0.125,0.125,0.125,0.125,0.125
194,194.0,194.00038257051185,0.125,0.125,0.125,0.125,0.125,0.125,0.125,0.125
195,195.0,195.00036727756904,0.125,0.125,0.125,0.125,0.125,0.125,0.125,0.125
196,196.0,196.0003498411448,0.125,0.125,0.125,0.125,0.125,0.125,0.125,0.125
197,197.0,197.00033064995154,0.125,0.125,0.125,0.125,0.125,0.125,0.125,0.125
198,198.0,198.0003100713781,0.125,0.125,0.125,0.125,0.125,0.125,0.125,0.125
199,199.0,199.00028844994821,0.125,0.125,0.125,0.125,0.125,0.125,0.125,0.125
200,200.0,200.00026610616183,0.12431144781144782,0.12400841750841751,0.12498484848484849,0.12461447811447812,0.12471212121212122,0.12434175084175084,0.1262946127946128,0.12673232323232322
201,201.0,201.00024333569246,0.12348626262626264,0.12251286195286196,0.12445595959595959,0.12417031144781146,0.12428360269360271,0.12387989898989898,0.1273610016835017,0.129850101010101
202,202.0,202.0002204089131,0.12242468451178454,0.12116071481481483,0.1233786239057239,0.12355055446127948,0.1239747548821549,0.1231407111111111,0.12885793712121213,0.13351201919191918
203,203.0,203.00019757072255,0.12133505556617459,0.1204624620852111,0.12231577879849781,0.1230102898380601,0.12363698149546751,0.12235663203418803,0.1299348154559052,0.13694798472649572
204,204.0,204.00017504064385,0.12015139203231698,0.11964537968618531,0.12079857613902506,0.12273266399874729,0.12351199331037187,0.12140607188579272,0.13078763292929507,0.1409662900182658
205,205.0,205.0001530131666,0.11850158612132125,0.11848187412131678,0.11951496809676357,0.12271462392686634,0.12400912627821846,0.12040025991992602,0.131368653086752,0.1450089084488357
206,206.0,206.00013165830538,0.11697234246904471,0.117118985154042,0.11798115938258409,0.12326264290952671,0.12428318534146415,0.11947771687637235,0.13202716745459905,0.1488768004123671
207,207.0,207.00011112234722,0.11556462714342688,0.11540471628606357,0.11639441216728305,0.12405284351097984,0.12415274920850733,0.11852443378798726,0.13242279771339852,0.15348342018235372
208,208.0,208.00009152876143,0.11402883606426498,0.11440764241389643,0.11502765607562922,0.12468570599666763,0.12285662070808204,0.11742100290885846,0.1330889645832911,0.15848357124931037
209,209.0,209.0000729792466,0.11264936878864495,0.1131729162629944,0.11458503738335812,0.12501558091296103,0.12121330206561697,0.11607855077663494,0.1334855901428118,0.16379965366697805
210,210.0,210.00005555489076,0.11141552792253323,0.11241535377381967,0.11425252864309327,0.12521876539005994,0.11997813077155235,0.11439533258450327,0.1337618159706153,0.1685625449438233
211,211.0,211.00003931742162,0.11054857157765283,0.1113018012218932,0.11409074107089395,0.12491309492332717,0.11862064920976023,0.11263452326540778,0.1338111492863014,0.1740794694447638
212,212.0,212.0000243105252,0.10986786454460165,0.11015126967138661,0.11383325383407433,0.12385567569465987,0.11705238446303518,0.1110479732814017,0.13384392520074684,0.18034765331009417
213,213.0,213.00001056121314,0.10890874522044207,0.10880940099944839,0.113208682483988,0.12266561245194645,0.11570890577969867,0.11030536221610882,0.1330778747119922,0.1873154161363758
214,214.0,213.99999808122018,0.10819615141429662,0.10771261195954071,0.11231261323559455,0.12135191277536123,0.11429268421426007,0.10977518099626943,0.13239374082094488,0.19396510458373298
215,215.0,214.9999868684143,0.10829170951170214,0.10744185479568163,0.11137538942527123,0.11972540193771157,0.11235460986795553,0.10891218650506437,0.13218059430239015,0.19971825365422388
216,216.0,215.99997690820487,0.10779807757502305,0.10706112251961707,0.10965746950531442,0.11812897305515085,0.11097462559791743,0.10852076422333999,0.13248802112514108,0.20537094639849668
217,217.0,216.99996817493434,0.10713969597424057,0.10666026515802904,0.10867854160353776,0.11669068920051798,0.109662967118294,0.10819960628341575,0.13253674946879895,0.21043148519316648
218,218.0,217.9999606332415,0.10637403082397585,0.10618320598265543,0.10781878835699342,0.11511484418088605,0.10827023242635003,0.10776190752743495,0.13266856942392066,0.21580842127778416
219,219.0,218.99995423938554,0.10529994427288963,0.10615433954030111,0.1071378191028419,0.11369096720776861,0.10629491031371771,0.10698714404502124,0.1326002057031875,0.22183466981427286
220,220.0,219.9999489425213,0.10415799625940722,0.10634391370645375,0.10679642115260742,0.1121694768807592,0.10428380159477643,0.10624707839824056,0.13237415877881792,0.22762715322893803
221,221.0,220.99994468591828,0.1025051905262638,0.10690899706329945,0.10627311598547752,0.11104543753396195,0.1029330987114807,0.10550304546856078,0.13161224834867524,0.23321886636228106
222,222.0,221.9999414081164,0.10009458464014791,0.10755832620248748,0.10566987838575921,0.11073836822911817,0.10180386150742488,0.10456522221793985,0.13100630856273154,0.23856345025439152
223,223.0,222.99993904401353,0.09760639865340313,0.10843023622641548,0.10515249523363787,0.11027349730727297,0.10044774087897038,0.10302302883020024,0.13025144316540593,0.24481515970469453
224,224.0,223.99993752588082,0.09511890692590715,0.10928073321537829,0.10459164570670426,0.10991420116540089,0.09952599945833161,0.1014096946926748,0.12888444290804665,0.25127437592755686
225,225.0,224.99993678430258,0.09329833003080235,0.10998764306194689,0.10428831496013116,0.10978916175241402,0.09826478664041582,0.0993937588451117,0.12711860236019284,0.25785940234898574
226,226.0,225.99993674903914,0.09149273070896582,0.11077272343503893,0.10420736183808192,0.1092212275124504,0.09716911952958951,0.09737294111125666,0.12513698415881233,0.26462691170580493
227,227.0,226.99993734981166,0.08930020626906335,0.11164280101137743,0.10425529238958893,0.10880069301077981,0.09642116960356457,0.09535545382005073,0.12331555627247684,0.2709088276230988
228,228.0,227.9999385170088,0.08707789052158431,0.11224630202656656,0.10397117904786449,0.10807563397054874,0.09564479983127835,0.09327018364188801,0.12185379911034365,0.2778602118499264
229,229.0,228.99994018231612,0.08519046409858212,0.11243686415322855,0.10362276528986104,0.10723837416927064,0.09417817019107,0.09114643404795293,0.12047977875172816,0.2857071492983071
230,230.0,229.99994227926956,0.08348942665937763,0.11297183105705771,0.10307842296885772,0.10678937507007098,0.09254765363277317,0.089094402107074,0.11901198937953043,0.29301689912525886
231,231.0,230.99994474373494,0.08203250487680465,0.11357876822353219,0.1022441519317395,0.10575497608332314,0.09126779347834722,0.08710019560717332,0.11791807680344066,0.3001035329956398
232,232.0,231.9999475143165,0.0809181489943361,0.11377269303276268,0.10167044074982626,0.1042816354263823,0.09008662962298927,0.08511380103320541,0.11646884799532083,0.3076878031451775
233,233.0,232.9999505326967,0.08043980059726809,0.11335476691522925,0.10134456508592982,0.1021628541424965,0.08891951106621966,0.08314086798720637,0.1156282252110968,0.3150094089945539
234,234.0,233.9999537439119,0.0803129080619973,0.11348924476498758,0.10103113594151757,0.0998454016011582,0.08740496892818511,0.08122790018893454,0.1146860663664716,0.3220023741467484
235,235.0,234.99995709656648,0.0803284240971489,0.11363813154560098,0.10054961513082195,0.09740000134635911,0.08633001854368408,0.07915668002130741,0.11331037802379641,0.3292867512912815
236,236.0,235.99996054298992,0.08001959843676068,0.11374845745241333,0.10000837734983065,0.09482914251997847,0.08548177733736423,0.07750052828900109,0.11166012590015281,0.33675199271449907
237,237.0,236.99996403934114,0.07980647658159104,0.11340493179846395,0.09958234990017659,0.09255122058694511,0.08507357981930833,0.075881417405912,0.1099394325572405,0.3437605913503628
238,238.0,237.99996754566382,0.07930728211046455,0.11276629827420886,0.09993442224370191,0.09028118669039531,0.08446540533303472,0.07492054676097999,0.10754317704754426,0.3507816815396707
239,239.0,238.9999710258976,0.07864867556145969,0.11213202557602335,0.10035456379664877,0.08808796036646177,0.08386909375554757,0.07401633995711002,0.1052025687700206,0.35768877221672857
240,240.0,239.999974447849,0.07769431598463893,0.11150250050436167,0.10089984935393845,0.08565761534384848,0.08333260668427149,0.07335710789153797,0.10286158014698286,0.36469442409042047
241,241.0,240.99997778312678,0.07676255121530913,0.11094617039645352,0.10167829344950126,0.08335730112815126,0.08266130676772226,0.07275692047237746,0.10059692422113782,0.37124053234934756
242,242.0,241.9999810070455,0.07594910588394464,0.11078892091464944,0.10278748194155106,0.08121663464634479,0.08211715483271237,0.07192590434880893,0.0977543511154896,0.37746044631649944
243,243.0,242.99998409850193,0.07503470698528743,0.11052952316681613,0.10389989444589658,0.07952657228594726,0.08168072798708129,0.0709548213818079,0.0955647333308925,0.3828090204162712
244,244.0,243.9999870398277,0.07410578393396887,0.11011273846862399,0.10575046334436702,0.07781524487620281,0.08121980933907438,0.07004268264073155,0.09288986426359415,0.38806341313343745
245,245.0,244.9999898166226,0.07346521889914767,0.10961842388977514,0.1070295969982108,0.07634393266302458,0.0806200553421973,0.06910896169233718,0.09082601573616769,0.39298779477913987
246,246.0,245.99999241757178,0.07266509210401423,0.10920626309282062,0.10803425148821105,0.07484408515601584,0.0799759132595661,0.06892146288804955,0.08893461412728253,0.39741831788404025
247,247.0,246.99999483425034,0.07206885932691202,0.1084034354422781,0.10878375189609511,0.07363056961866445,0.0793976649767738,0.06886613924719683,0.08760607168649716,0.4012435078055827
248,248.0,247.99999706091853,0.0715478565434977,0.10819779465897343,0.10890941616299364,0.07266314284818011,0.07878863140580977,0.06855783862501552,0.08661208855600666,0.40472323119952336
249,249.0,248.9999990943107,0.07127034256490171,0.10780865409680215,0.10886861574943296,0.07216394338354289,0.07834588590648217,0.06830257595307453,0.085573090010316,0.40766689233544773
250,250.0,250.00000093342055,0.07116633937253082,0.10765967568455297,0.1088947059253354,0.07165555118097977,0.07723927999381336,0.0684630677283039,0.08428656873734894,0.410634811377135
251,251.0,251.00000257928522,0.07137597531003655,0.10684470550305383,0.10905178484112218,0.0714993226382831,0.07607112967045616,0.06882452186286427,0.0832581361777531,0.4130744239964309
252,252.0,252.0000040347706,0.07146317763538895,0.10607663056999855,0.10959722477849346,0.07122924208654,0.07512003157654829,0.06922173278813085,0.08189708130372,0.41539487926118
253,253.0,253.00000530435972,0.07165341942617125,0.10532379808877543,0.1099689515349318,0.07112750546870318,0.07419138217739751,0.0695061874964344,0.08040905505541086,0.41781970075217567
254,254.0,254.00000639394634,0.07152867801838314,0.10457706264464323,0.10995325519081503,0.07093148898959964,0.07327243220245577,0.0701006663258432,0.07905623701383543,0.4205801796144247
255,255.0,255.00000731063483,0.07142489428127437,0.1039156508160829,0.10975214106831908,0.070532625326145,0.07258482031713748,0.07077503814889735,0.07780980405739402,0.4232050259847499
256,256.0,256.00000806254815,0.07166321915722398,0.10300621211618521,0.109515603521189,0.0707206551446761,0.07184662308993019,0.07144943227867404,0.07616257769220894,0.4256356769999126
257,257.0,257.0000086586446,0.07150921966214119,0.10218699425562652,0.10944736209523685,0.07068680950194595,0.07099847699125968,0.0720968103862272,0.0746678145857877,0.428406512521775
258,258.0,258.000009108545,0.07128952914283575,0.10160618033381108,0.10879184090687852,0.07057245408284389,0.07056620386246712,0.07313340182205247,0.07348878918263538,0.43055160066647585
259,259.0,259.0000094223699,0.07116839051086336,0.10098370574059143,0.1081668466220428,0.0706992459784839,0.07035395979080726,0.0740430795453392,0.07244262397273246,0.4321421478391396
260,260.0,260.00000961058856,0.07124450483955316,0.10026240005345204,0.10735112540797713,0.0709085946586109,0.07014738503082463,0.07494852833601588,0.07154312766581991,0.4335943340077464
261,261.0,261.00000968387957,0.07142103432842868,0.09966803870712242,0.10637655844008596,0.07124308028842326,0.06991903137478273,0.07543985681058227,0.07070595945284366,0.4352264405977311
262,262.0,262.0000096530026,0.07112533828444866,0.09928767190359583,0.1058465012184299,0.07090612922140854,0.06969650797344257,0.07564332900477194,0.07040150951645846,0.4370930128774442
263,263.0,263.00000952868334,0.07076354968234569,0.09881570351691311,0.10532239127827692,0.07042465488100903,0.06915420784866769,0.07558372926418834,0.0707273182173595,0.43920844531123976
264,264.0,264.00000932150914,0.0703623385414619,0.09826421678829629,0.10442706294659307,0.06992877265316494,0.06874460243707947,0.075510893498969,0.07135364711709946,0.4414084660173359
265,265.0,265.0000090418373,0.06994890847595137,0.09764801928222143,0.1035889934992717,0.06945253336025903,0.06816387396098567,0.07531125046458945,0.07218683816867322,0.4436995827880482
266,266.0,266.0000086997143,0.0696953091719741,0.09724575015035315,0.10206434459177183,0.06916285059233136,0.06731113318182247,0.07518212151174027,0.07297666280429518,0.44636182799571167
267,267.0,267.0000083048064,0.06952211955091583,0.09615822949575592,0.1008345703021166,0.06887251173720628,0.06678930631313867,0.07483767024900058,0.07420920571760649,0.44877638663425967
268,268.0,268.0000078663412,0.06950274473804684,0.09435631864345845,0.0996331114761882,0.06883944918366951,0.06660028511841196,0.0744709606307911,0.07543961827528319,0.4511575119341509
269,269.0,269.00000739305915,0.0697487127225673,0.09227506848097856,0.0986722451875803,0.0688044702283539,0.0665576898079836,0.07399711872187928,0.07588184371997522,0.4540628511306819
270,270.0,270.0000068931747,0.06983980112338539,0.09014581212329677,0.0974066117929461,0.06884208512643324,0.06620132249730112,0.0733172025911514,0.07644479141544668,0.45780237333003937
271,271.0,271.000006374347,0.07016242307871454,0.08777495234621703,0.09624320035067808,0.0688559367835209,0.06570186687862342,0.072559961081465,0.07696189357054568,0.46173976591023547
272,272.0,272.0000058436586,0.07078863054675659,0.08509541347697076,0.09500048196673813,0.0688361336367048,0.06560216987583603,0.07164907608390961,0.07746020851165487,0.46556788590142933
273,273.0,273.0000053076024,0.07110667215373129,0.08221567715612728,0.09371472585365764,0.06868415354404184,0.06551739634851801,0.07071942332689525,0.07768438039495457,0.4703575712220743
274,274.0,274.00000477207584,0.07144254303983753,0.07943074284969734,0.09274970591022283,0.06838783154076851,0.06552248792333269,0.06977370158100252,0.07786588103886292,0.4748271061162758
275,275.0,275.0000042423811,0.07172816425510564,0.0767777927763157,0.09189249063744992,0.06804297013513322,0.06550220759222163,0.06857940200852668,0.07800719126937775,0.4794697813258696
276,276.0,276.0000037232321,0.07169714048818812,0.07419479160627937,0.09142529984235159,0.06772225358414377,0.06548466098655654,0.06704429922511339,0.07815376274565443,0.4842777915217129
277,277.0,277.0000032187657,0.07157504472268161,0.07184822266087953,0.0908182082797794,0.06723530933403696,0.06530498853960123,0.06527450965336878,0.07818893156421958,0.48975478524543303
278,278.0,278.00000273255824,0.07129336830381658,0.06993213620784652,0.09027170166799517,0.06656937720145516,0.0650953651387481,0.06344772580380667,0.07801056648621713,0.4953797591901148
279,279.0,279.0000022676459,0.07119909119912851,0.06820473534008432,0.09002094241050541,0.06587836958009417,0.06455055205898531,0.06174484807312256,0.07782754660413249,0.5005739147339474
280,280.0,280.0000018265484,0.07091334361691363,0.06635857307078231,0.08936389701237424,0.06553344628867529,0.06380650953426686,0.06008041286833887,0.07753948753692443,0.5064043300717246
281,281.0,281.00000141129516,0.07054855815311917,0.06476623428597633,0.08851270438546731,0.06545860946491745,0.0627420677641069,0.058314052088011166,0.07747129020628161,0.5121864836521203
282,282.0,282.0000010234543,0.07029742169211506,0.06332977877272793,0.08797432818785438,0.06527577200310963,0.061364688665244235,0.05668604073139833,0.07728034722582848,0.5177916227217222
283,283.0,283.00000066416294,0.07018740257513778,0.062205524465216724,0.08732314863179645,0.06505555157517344,0.05979943540826635,0.055116341669456795,0.07708081549529808,0.5232317801796547
284,284.0,284.0000003341591,0.07012241893063609,0.06125611250384409,0.08724841743480416,0.06491392772693659,0.058177976368308584,0.053793704695128945,0.0763936634516131,0.5280937788887288
285,285.0,285.00000003381405,0.07021788569963563,0.06036348665667315,0.0872256283895275,0.0646436379023099,0.056545355220660634,0.05253048334987748,0.07519094806273544,0.5332825747185806
286,286.0,285.99999976316536,0.07015014128811072,0.05949348479694125,0.08718812751255524,0.06428005244932018,0.054977306925192426,0.05129651721185971,0.07389962754611136,0.5387147422699095
287,287.0,286.99999952194986,0.07018540597333177,0.05869033269420424,0.08722675215682466,0.06372373835003078,0.05345021711837211,0.05023033276557554,0.07259486204068409,0.5438983589009772
288,288.0,287.99999930963645,0.07033077666643688,0.05800931638688597,0.08686310339368326,0.06326478243795242,0.051955369690962934,0.04922340565959672,0.07137855925760972,0.5489746865068724
289,289.0,288.99999912545803,0.06998000576142013,0.0574838458626407,0.08641050775125135,0.06290094744365668,0.05065635138508438,0.048261100575265975,0.07002546166959338,0.5542817795510878
290,290.0,289.99999896844287,0.0696796516722863,0.05694740237833221,0.08561711518042381,0.06247237532448742,0.04944155182269886,0.0473236532353359,0.06875806403019502,0.5597601863562409
291,291.0,290.9999988374448,0.06911404098544109,0.056421758346065845,0.0846986573642216,0.062055964400141,0.04826966156926253,0.04630832896522901,0.06770136977011691,0.5654302185995225
292,292.0,291.9999987311721,0.06847304755071196,0.05604595487740474,0.08371945653235748,0.06156657044090989,0.047070166548396325,0.045382227611468144,0.06681425880825621,0.5709283176304958
293,293.0,292.99999864821496,0.06750765693871463,0.0559184903731329,0.08301311792912486,0.060834911229708494,0.04594059133395377,0.04452116159499092,0.06593666557920373,0.5763274050211713
294,294.0,293.99999858707133,0.06656937028089935,0.05595110086856646,0.08248811930889036,0.06053852445842122,0.044861805668654164,0.043527486302758704,0.06472326091327285,0.5813403321985375
295,295.0,294.9999985461714,0.06554358897883529,0.05603989452871858,0.08201477736447094,0.060182659712560385,0.04419266172365967,0.04256723850318091,0.06335664830002723,0.5861025308885476
296,296.0,295.99999852389976,0.06447831697560286,0.0561467984591653,0.08134636602191664,0.05992272507160826,0.043528478666025786,0.04167105373808689,0.06200119364702525,0.5909050674205696
297,297.0,296.9999985186163,0.06364205944902199,0.05612356689061941,0.08071887904057683,0.059552581971119185,0.04289582656614049,0.04060353995281232,0.0608472259898495,0.5956163201398609
298,298.0,297.999998528675,0.06275917440691553,0.056152003466561365,0.08017785874997659,0.05947125989359617,0.042327647419946685,0.03957911181016919,0.059635543970622096,0.5998974002822131
299,299.0,298.99999855244107,0.06202028622213276,0.0566315457844012,0.07975283330003134,0.05938624914733954,0.04194278367224268,0.03875851104992071,0.05862156213365876,0.6028862286902736
300,300.0,299.9999985883061,0.06118176146573682,0.05721375896626486,0.0791998076382486,0.058952622931091055,0.041674842093533046,0.03801284404068095,0.057719157432772936,0.6060452054316723
301,301.0,300.99999863470157,0.0603226420446389,0.05771124950316635,0.0786848447959061,0.058373402922698395,0.041404346789984066,0.03762907716272083,0.056929014766020115,0.6089454220148658
302,302.0,301.9999986901105,0.059519784916179624,0.058326668460568436,0.07807105760925961,0.0577606528454091,0.041149262751024526,0.03733663644577628,0.05605894675815862,0.6117769902136243
303,303.0,302.9999987530774,0.05871942414941564,0.058920176516370486,0.07753856362771945,0.057084315203283234,0.0409113175193847,0.0371250520804653,0.05521260923116789,0.6144885416721938
304,304.0,303.99999882221687,0.05805692284395135,0.05944253035214297,0.07704363961852848,0.05641989666350095,0.04069492492170226,0.036952267984329414,0.054407798852370556,0.6169820187634745
305,305.0,304.99999889622023,0.05749858296734887,0.060030834360898365,0.07657421830377135,0.05599527680587625,0.040539102699040715,0.03686600535376551,0.05359648462987432,0.6188994948794251
306,306.0,305.99999897386107,0.05694153116077411,0.06022604955692602,0.07631150095458834,0.055449124756298845,0.04039597479143308,0.03682247901089414,0.05318919910337948,0.6206641406657064
307,307.0,306.9999990539992,0.056541177171207546,0.06016717174742524,0.07611907161073127,0.05477629062891798,0.04026461469353683,0.03680423243208933,0.05272105222170518,0.622606389494387
308,308.0,307.9999991355835,0.05650981342399372,0.060036321734509346,0.07599043406797977,0.054310184385019125,0.04000487622956747,0.03688031565935745,0.05160449899878637,0.624663555500787
309,309.0,308.9999992176535,0.05641595428764838,0.059935920226877756,0.07568185821885666,0.05379187555041971,0.039737007096095595,0.03705345373526578,0.050363519062070455,0.6270204118227659
310,310.0,309.99999929934,0.05624420565359855,0.059795828798213976,0.07554198457878908,0.05325953613215587,0.039560753384583286,0.03734228867590651,0.049192168568208273,0.6290632342085447
311,311.0,310.9999993798645,0.056340982570604166,0.05944259921732,0.07559120432155421,0.05251011794595531,0.0394005778979902,0.037642328764964705,0.04808670140624241,0.6309854878753692
312,312.0,311.99999945853784,0.056357039344011185,0.059096317312829195,0.07570060458215123,0.05176260808547234,0.03933581306941679,0.038048730699555215,0.046935353995219434,0.6327635329113448
313,313.0,312.9999995347585,0.056378902884236255,0.05867845589859974,0.07582888150620326,0.05105458953247208,0.0392823425648814,0.03845740259171455,0.045772105364712636,0.6345473196571803
314,314.0,313.9999996080095,0.0567377872382651,0.05817474061286496,0.07599325519965387,0.05038110935978029,0.03930329004013082,0.038553529548344165,0.044360483121135594,0.6364958048798254
315,315.0,314.99999967785527,0.057090432636086826,0.0575811820750568,0.07615086207015624,0.04981862282934409,0.03932301437134162,0.03863167038712528,0.04288852389828485,0.6385156917326044
316,316.0,315.99999974393796,0.05744103333591162,0.0570957726417054,0.07581333748094152,0.04930562140752961,0.03937356777624586,0.03858119309195955,0.04153051172294118,0.6408589625427653
317,317.0,316.999999805973,0.05772367627026812,0.05662550932247698,0.07538066004516733,0.04874279906848255,0.03939723471442093,0.038702211146989345,0.040395237859088745,0.6430326715731061
318,318.0,317.99999986374485,0.05793947681511907,0.05612894046919542,0.07490570734265627,0.04809569626848705,0.03939962798168103,0.03878464705497762,0.039319011478154274,0.6454268925897293
319,319.0,318.999999917102,0.05804522998952702,0.055801022708088455,0.07437560568021735,0.04747781928920244,0.039345544282685135,0.03884335251868679,0.03837152031201224,0.6477399052195806
320,320.0,319.99999996595244,0.058105298275753406,0.05561289141815816,0.07382025152304678,0.04688122853814608,0.03918921727395726,0.03887125496662985,0.037505422661012734,0.6500144353432957
321,321.0,321.00000001025836,0.058262236225789105,0.05541126412552723,0.07329896895739274,0.04630166962858196,0.03903548779627184,0.03898528180981681,0.03679455373994429,0.6519105377166761
322,322.0,322.0000000500311,0.058369203205585724,0.05518763511848183,0.07274799580264771,0.0456359431047763,0.038875386655549515,0.039067342601933036,0.03615764659443884,0.6539588469165871
323,323.0,323.0000000853262,0.058424884934749496,0.054797490406083046,0.07188939180413505,0.04488560107206156,0.03876093902580168,0.039181250193413904,0.03558132342091461,0.6564791191428407
324,324.0,324.00000011623854,0.058451314443298596,0.05437862561191836,0.07087309651467208,0.04414930735567433,0.038624860307359905,0.03914158294489072,0.03509734416081288,0.6592838686613732
325,325.0,325.0000001428973,0.05848378587908955,0.05399235585083873,0.06987065264414882,0.04341189943882901,0.038468233475508436,0.03907494171368601,0.034590052856828576,0.662108078141071
326,326.0,326.00000016546124,0.058462278195453604,0.05352525384006241,0.0687697312902012,0.043049181990958515,0.038339256928893624,0.039027807694030574,0.03414057949321339,0.6646859105671867
327,327.0,327.00000018411407,0.058371261167953305,0.05316169014675746,0.06775907706083269,0.04268561034765325,0.038268317757678944,0.03895167792462728,0.033736089745332945,0.6670662758491642
328,328.0,328.00000019906054,0.05814748289620921,0.05269730816375006,0.06714105323843253,0.042357920658921584,0.038080374619115044,0.03883193871302551,0.033506996826326726,0.6692369248842195
329,329.0,329.00000021052176,0.058034229817145594,0.05220642267444765,0.0664700856842608,0.042029997939112614,0.03777787642245424,0.03855942718754017,0.03352213904035364,0.6713998212346854
330,330.0,330.0000002187316,0.05800341264430564,0.05179420211456569,0.06569423794645418,0.0419503199082906,0.03762832505292139,0.03812149663097295,0.03356198562613563,0.6732460200763541
331,331.0,331.00000022393317,0.05793009393474142,0.05122003428609319,0.06518712658633773,0.04212583022994009,0.037464158576161685,0.03775922885598899,0.0336867868668853,0.6746267406638519
