Total_iterations,Unnamed: 0.1,Intertwine_two,Invert_path_vertices,Insert_inside_vertex,Delete_inside_vertex,Replace_inside_vertex,Donate_between_routes,Trim_one_terminal_cb,Grow_one_terminal_cb
0,0.0,0.125,0.125,0.125,0.125,0.125,0.125,0.125,0.125
1,1.0,0.125,0.125,0.125,0.125,0.125,0.125,0.125,0.125
2,2.0,0.125,0.125,0.125,0.125,0.125,0.125,0.125,0.125
3,3.0,0.125,0.125,0.125,0.125,0.125,0.125,0.125,0.125
4,4.0,0.125,0.125,0.125,0.125,0.125,0.125,0.125,0.125
5,5.0,0.125,0.125,0.125,0.125,0.125,0.125,0.125,0.125
6,6.0,0.125,0.125,0.125,0.125,0.125,0.125,0.125,0.125
7,7.0,0.125,0.125,0.125,0.125,0.125,0.125,0.125,0.125
8,8.0,0.125,0.125,0.125,0.125,0.125,0.125,0.125,0.125
9,9.0,0.125,0.125,0.125,0.125,0.125,0.125,0.125,0.125
10,10.0,0.125,0.125,0.125,0.125,0.125,0.125,0.125,0.125
11,11.0,0.125,0.125,0.125,0.125,0.125,0.125,0.125,0.125
12,12.0,0.125,0.125,0.125,0.125,0.125,0.125,0.125,0.125
13,13.0,0.125,0.125,0.125,0.125,0.125,0.125,0.125,0.125
14,14.0,0.125,0.125,0.125,0.125,0.125,0.125,0.125,0.125
15,15.0,0.125,0.125,0.125,0.125,0.125,0.125,0.125,0.125
16,16.0,0.125,0.125,0.125,0.125,0.125,0.125,0.125,0.125
17,17.0,0.125,0.125,0.125,0.125,0.125,0.125,0.125,0.125
18,18.0,0.125,0.125,0.125,0.125,0.125,0.125,0.125,0.125
19,19.0,0.125,0.125,0.125,0.125,0.125,0.125,0.125,0.125
20,20.0,0.125,0.125,0.125,0.125,0.125,0.125,0.125,0.125
21,21.0,0.125,0.125,0.125,0.125,0.125,0.125,0.125,0.125
22,22.0,0.125,0.125,0.125,0.125,0.125,0.125,0.125,0.125
23,23.0,0.125,0.125,0.125,0.125,0.125,0.125,0.125,0.125
24,24.0,0.125,0.125,0.125,0.125,0.125,0.125,0.125,0.125
25,25.0,0.125,0.125,0.125,0.125,0.125,0.125,0.125,0.125
26,26.0,0.125,0.125,0.125,0.125,0.125,0.125,0.125,0.125
27,27.0,0.125,0.125,0.125,0.125,0.125,0.125,0.125,0.125
28,28.0,0.125,0.125,0.125,0.125,0.125,0.125,0.125,0.125
29,29.0,0.125,0.125,0.125,0.125,0.125,0.125,0.125,0.125
30,30.0,0.125,0.125,0.125,0.125,0.125,0.125,0.125,0.125
31,31.0,0.125,0.125,0.125,0.125,0.125,0.125,0.125,0.125
32,32.0,0.125,0.125,0.125,0.125,0.125,0.125,0.125,0.125
33,33.0,0.125,0.125,0.125,0.125,0.125,0.125,0.125,0.125
34,34.0,0.125,0.125,0.125,0.125,0.125,0.125,0.125,0.125
35,35.0,0.125,0.125,0.125,0.125,0.125,0.125,0.125,0.125
36,36.0,0.125,0.125,0.125,0.125,0.125,0.125,0.125,0.125
37,37.0,0.125,0.125,0.125,0.125,0.125,0.125,0.125,0.125
38,38.0,0.125,0.125,0.125,0.125,0.125,0.125,0.125,0.125
39,39.0,0.125,0.125,0.125,0.125,0.125,0.125,0.125,0.125
40,40.0,0.125,0.125,0.125,0.125,0.125,0.125,0.125,0.125
41,41.0,0.125,0.125,0.125,0.125,0.125,0.125,0.125,0.125
42,42.0,0.125,0.125,0.125,0.125,0.125,0.125,0.125,0.125
43,43.0,0.125,0.125,0.125,0.125,0.125,0.125,0.125,0.125
44,44.0,0.125,0.125,0.125,0.125,0.125,0.125,0.125,0.125
45,45.0,0.125,0.125,0.125,0.125,0.125,0.125,0.125,0.125
46,46.0,0.125,0.125,0.125,0.125,0.125,0.125,0.125,0.125
47,47.0,0.125,0.125,0.125,0.125,0.125,0.125,0.125,0.125
48,48.0,0.125,0.125,0.125,0.125,0.125,0.125,0.125,0.125
49,49.0,0.125,0.125,0.125,0.125,0.125,0.125,0.125,0.125
50,50.0,0.125,0.125,0.125,0.125,0.125,0.125,0.125,0.125
51,51.0,0.125,0.125,0.125,0.125,0.125,0.125,0.125,0.125
52,52.0,0.125,0.125,0.125,0.125,0.125,0.125,0.125,0.125
53,53.0,0.125,0.125,0.125,0.125,0.125,0.125,0.125,0.125
54,54.0,0.125,0.125,0.125,0.125,0.125,0.125,0.125,0.125
55,55.0,0.125,0.125,0.125,0.125,0.125,0.125,0.125,0.125
56,56.0,0.125,0.125,0.125,0.125,0.125,0.125,0.125,0.125
57,57.0,0.125,0.125,0.125,0.125,0.125,0.125,0.125,0.125
58,58.0,0.125,0.125,0.125,0.125,0.125,0.125,0.125,0.125
59,59.0,0.125,0.125,0.125,0.125,0.125,0.125,0.125,0.125
60,60.0,0.125,0.125,0.125,0.125,0.125,0.125,0.125,0.125
61,61.0,0.125,0.125,0.125,0.125,0.125,0.125,0.125,0.125
62,62.0,0.125,0.125,0.125,0.125,0.125,0.125,0.125,0.125
63,63.0,0.125,0.125,0.125,0.125,0.125,0.125,0.125,0.125
64,64.0,0.125,0.125,0.125,0.125,0.125,0.125,0.125,0.125
65,65.0,0.125,0.125,0.125,0.125,0.125,0.125,0.125,0.125
66,66.0,0.125,0.125,0.125,0.125,0.125,0.125,0.125,0.125
67,67.0,0.125,0.125,0.125,0.125,0.125,0.125,0.125,0.125
68,68.0,0.125,0.125,0.125,0.125,0.125,0.125,0.125,0.125
69,69.0,0.125,0.125,0.125,0.125,0.125,0.125,0.125,0.125
70,70.0,0.125,0.125,0.125,0.125,0.125,0.125,0.125,0.125
71,71.0,0.125,0.125,0.125,0.125,0.125,0.125,0.125,0.125
72,72.0,0.125,0.125,0.125,0.125,0.125,0.125,0.125,0.125
73,73.0,0.125,0.125,0.125,0.125,0.125,0.125,0.125,0.125
74,74.0,0.125,0.125,0.125,0.125,0.125,0.125,0.125,0.125
75,75.0,0.125,0.125,0.125,0.125,0.125,0.125,0.125,0.125
76,76.0,0.125,0.125,0.125,0.125,0.125,0.125,0.125,0.125
77,77.0,0.125,0.125,0.125,0.125,0.125,0.125,0.125,0.125
78,78.0,0.125,0.125,0.125,0.125,0.125,0.125,0.125,0.125
79,79.0,0.125,0.125,0.125,0.125,0.125,0.125,0.125,0.125
80,80.0,0.125,0.125,0.125,0.125,0.125,0.125,0.125,0.125
81,81.0,0.125,0.125,0.125,0.125,0.125,0.125,0.125,0.125
82,82.0,0.125,0.125,0.125,0.125,0.125,0.125,0.125,0.125
83,83.0,0.125,0.125,0.125,0.125,0.125,0.125,0.125,0.125
84,84.0,0.125,0.125,0.125,0.125,0.125,0.125,0.125,0.125
85,85.0,0.125,0.125,0.125,0.125,0.125,0.125,0.125,0.125
86,86.0,0.125,0.125,0.125,0.125,0.125,0.125,0.125,0.125
87,87.0,0.125,0.125,0.125,0.125,0.125,0.125,0.125,0.125
88,88.0,0.125,0.125,0.125,0.125,0.125,0.125,0.125,0.125
89,89.0,0.125,0.125,0.125,0.125,0.125,0.125,0.125,0.125
90,90.0,0.125,0.125,0.125,0.125,0.125,0.125,0.125,0.125
91,91.0,0.125,0.125,0.125,0.125,0.125,0.125,0.125,0.125
92,92.0,0.125,0.125,0.125,0.125,0.125,0.125,0.125,0.125
93,93.0,0.125,0.125,0.125,0.125,0.125,0.125,0.125,0.125
94,94.0,0.125,0.125,0.125,0.125,0.125,0.125,0.125,0.125
95,95.0,0.125,0.125,0.125,0.125,0.125,0.125,0.125,0.125
96,96.0,0.125,0.125,0.125,0.125,0.125,0.125,0.125,0.125
97,97.0,0.125,0.125,0.125,0.125,0.125,0.125,0.125,0.125
98,98.0,0.125,0.125,0.125,0.125,0.125,0.125,0.125,0.125
99,99.0,0.125,0.125,0.125,0.125,0.125,0.125,0.125,0.125
100,100.0,0.125,0.125,0.125,0.125,0.125,0.125,0.125,0.125
101,101.0,0.125,0.125,0.125,0.125,0.125,0.125,0.125,0.125
102,102.0,0.125,0.125,0.125,0.125,0.125,0.125,0.125,0.125
103,103.0,0.125,0.125,0.125,0.125,0.125,0.125,0.125,0.125
104,104.0,0.125,0.125,0.125,0.125,0.125,0.125,0.125,0.125
105,105.0,0.125,0.125,0.125,0.125,0.125,0.125,0.125,0.125
106,106.0,0.125,0.125,0.125,0.125,0.125,0.125,0.125,0.125
107,107.0,0.125,0.125,0.125,0.125,0.125,0.125,0.125,0.125
108,108.0,0.125,0.125,0.125,0.125,0.125,0.125,0.125,0.125
109,109.0,0.125,0.125,0.125,0.125,0.125,0.125,0.125,0.125
110,110.0,0.125,0.125,0.125,0.125,0.125,0.125,0.125,0.125
111,111.0,0.125,0.125,0.125,0.125,0.125,0.125,0.125,0.125
112,112.0,0.125,0.125,0.125,0.125,0.125,0.125,0.125,0.125
113,113.0,0.125,0.125,0.125,0.125,0.125,0.125,0.125,0.125
114,114.0,0.125,0.125,0.125,0.125,0.125,0.125,0.125,0.125
115,115.0,0.125,0.125,0.125,0.125,0.125,0.125,0.125,0.125
116,116.0,0.125,0.125,0.125,0.125,0.125,0.125,0.125,0.125
117,117.0,0.125,0.125,0.125,0.125,0.125,0.125,0.125,0.125
118,118.0,0.125,0.125,0.125,0.125,0.125,0.125,0.125,0.125
119,119.0,0.125,0.125,0.125,0.125,0.125,0.125,0.125,0.125
120,120.0,0.125,0.125,0.125,0.125,0.125,0.125,0.125,0.125
121,121.0,0.125,0.125,0.125,0.125,0.125,0.125,0.125,0.125
122,122.0,0.125,0.125,0.125,0.125,0.125,0.125,0.125,0.125
123,123.0,0.125,0.125,0.125,0.125,0.125,0.125,0.125,0.125
124,124.0,0.125,0.125,0.125,0.125,0.125,0.125,0.125,0.125
125,125.0,0.125,0.125,0.125,0.125,0.125,0.125,0.125,0.125
126,126.0,0.125,0.125,0.125,0.125,0.125,0.125,0.125,0.125
127,127.0,0.125,0.125,0.125,0.125,0.125,0.125,0.125,0.125
128,128.0,0.125,0.125,0.125,0.125,0.125,0.125,0.125,0.125
129,129.0,0.125,0.125,0.125,0.125,0.125,0.125,0.125,0.125
130,130.0,0.125,0.125,0.125,0.125,0.125,0.125,0.125,0.125
131,131.0,0.125,0.125,0.125,0.125,0.125,0.125,0.125,0.125
132,132.0,0.125,0.125,0.125,0.125,0.125,0.125,0.125,0.125
133,133.0,0.125,0.125,0.125,0.125,0.125,0.125,0.125,0.125
134,134.0,0.125,0.125,0.125,0.125,0.125,0.125,0.125,0.125
135,135.0,0.125,0.125,0.125,0.125,0.125,0.125,0.125,0.125
136,136.0,0.125,0.125,0.125,0.125,0.125,0.125,0.125,0.125
137,137.0,0.125,0.125,0.125,0.125,0.125,0.125,0.125,0.125
138,138.0,0.125,0.125,0.125,0.125,0.125,0.125,0.125,0.125
139,139.0,0.125,0.125,0.125,0.125,0.125,0.125,0.125,0.125
140,140.0,0.125,0.125,0.125,0.125,0.125,0.125,0.125,0.125
141,141.0,0.125,0.125,0.125,0.125,0.125,0.125,0.125,0.125
142,142.0,0.125,0.125,0.125,0.125,0.125,0.125,0.125,0.125
143,143.0,0.125,0.125,0.125,0.125,0.125,0.125,0.125,0.125
144,144.0,0.125,0.125,0.125,0.125,0.125,0.125,0.125,0.125
145,145.0,0.125,0.125,0.125,0.125,0.125,0.125,0.125,0.125
146,146.0,0.125,0.125,0.125,0.125,0.125,0.125,0.125,0.125
147,147.0,0.125,0.125,0.125,0.125,0.125,0.125,0.125,0.125
148,148.0,0.125,0.125,0.125,0.125,0.125,0.125,0.125,0.125
149,149.0,0.125,0.125,0.125,0.125,0.125,0.125,0.125,0.125
150,150.0,0.125,0.125,0.125,0.125,0.125,0.125,0.125,0.125
151,151.0,0.125,0.125,0.125,0.125,0.125,0.125,0.125,0.125
152,152.0,0.125,0.125,0.125,0.125,0.125,0.125,0.125,0.125
153,153.0,0.125,0.125,0.125,0.125,0.125,0.125,0.125,0.125
154,154.0,0.125,0.125,0.125,0.125,0.125,0.125,0.125,0.125
155,155.0,0.125,0.125,0.125,0.125,0.125,0.125,0.125,0.125
156,156.0,0.125,0.125,0.125,0.125,0.125,0.125,0.125,0.125
157,157.0,0.125,0.125,0.125,0.125,0.125,0.125,0.125,0.125
158,158.0,0.125,0.125,0.125,0.125,0.125,0.125,0.125,0.125
159,159.0,0.125,0.125,0.125,0.125,0.125,0.125,0.125,0.125
160,160.0,0.125,0.125,0.125,0.125,0.125,0.125,0.125,0.125
161,161.0,0.125,0.125,0.125,0.125,0.125,0.125,0.125,0.125
162,162.0,0.125,0.125,0.125,0.125,0.125,0.125,0.125,0.125
163,163.0,0.125,0.125,0.125,0.125,0.125,0.125,0.125,0.125
164,164.0,0.125,0.125,0.125,0.125,0.125,0.125,0.125,0.125
165,165.0,0.125,0.125,0.125,0.125,0.125,0.125,0.125,0.125
166,166.0,0.125,0.125,0.125,0.125,0.125,0.125,0.125,0.125
167,167.0,0.125,0.125,0.125,0.125,0.125,0.125,0.125,0.125
168,168.0,0.125,0.125,0.125,0.125,0.125,0.125,0.125,0.125
169,169.0,0.125,0.125,0.125,0.125,0.125,0.125,0.125,0.125
170,170.0,0.125,0.125,0.125,0.125,0.125,0.125,0.125,0.125
171,171.0,0.125,0.125,0.125,0.125,0.125,0.125,0.125,0.125
172,172.0,0.125,0.125,0.125,0.125,0.125,0.125,0.125,0.125
173,173.0,0.125,0.125,0.125,0.125,0.125,0.125,0.125,0.125
174,174.0,0.125,0.125,0.125,0.125,0.125,0.125,0.125,0.125
175,175.0,0.125,0.125,0.125,0.125,0.125,0.125,0.125,0.125
176,176.0,0.125,0.125,0.125,0.125,0.125,0.125,0.125,0.125
177,177.0,0.125,0.125,0.125,0.125,0.125,0.125,0.125,0.125
178,178.0,0.125,0.125,0.125,0.125,0.125,0.125,0.125,0.125
179,179.0,0.125,0.125,0.125,0.125,0.125,0.125,0.125,0.125
180,180.0,0.125,0.125,0.125,0.125,0.125,0.125,0.125,0.125
181,181.0,0.125,0.125,0.125,0.125,0.125,0.125,0.125,0.125
182,182.0,0.125,0.125,0.125,0.125,0.125,0.125,0.125,0.125
183,183.0,0.125,0.125,0.125,0.125,0.125,0.125,0.125,0.125
184,184.0,0.125,0.125,0.125,0.125,0.125,0.125,0.125,0.125
185,185.0,0.125,0.125,0.125,0.125,0.125,0.125,0.125,0.125
186,186.0,0.125,0.125,0.125,0.125,0.125,0.125,0.125,0.125
187,187.0,0.125,0.125,0.125,0.125,0.125,0.125,0.125,0.125
188,188.0,0.125,0.125,0.125,0.125,0.125,0.125,0.125,0.125
189,189.0,0.125,0.125,0.125,0.125,0.125,0.125,0.125,0.125
190,190.0,0.125,0.125,0.125,0.125,0.125,0.125,0.125,0.125
191,191.0,0.125,0.125,0.125,0.125,0.125,0.125,0.125,0.125
192,192.0,0.125,0.125,0.125,0.125,0.125,0.125,0.125,0.125
193,193.0,0.125,0.125,0.125,0.125,0.125,0.125,0.125,0.125
194,194.0,0.125,0.125,0.125,0.125,0.125,0.125,0.125,0.125
195,195.0,0.125,0.125,0.125,0.125,0.125,0.125,0.125,0.125
196,196.0,0.125,0.125,0.125,0.125,0.125,0.125,0.125,0.125
197,197.0,0.125,0.125,0.125,0.125,0.125,0.125,0.125,0.125
198,198.0,0.125,0.125,0.125,0.125,0.125,0.125,0.125,0.125
199,199.0,0.125,0.125,0.125,0.125,0.125,0.125,0.125,0.125
200,200.0,0.1243114478114478,0.1240084175084175,0.1249848484848484,0.1246144781144781,0.1247121212121212,0.1243417508417508,0.1262946127946128,0.1267323232323232
201,201.0,0.1234862626262626,0.1225128619528619,0.1244559595959595,0.1241703114478114,0.1242836026936027,0.1238798989898989,0.1273610016835017,0.129850101010101
202,202.0,0.1224246845117845,0.1211607148148148,0.1233786239057239,0.1235505544612794,0.1239747548821549,0.1231407111111111,0.1288579371212121,0.1335120191919191
203,203.0,0.1213350555661745,0.1204624620852111,0.1223157787984978,0.1230102898380601,0.1236369814954675,0.122356632034188,0.1299348154559052,0.1369479847264957
204,204.0,0.1201513920323169,0.1196453796861853,0.120798576139025,0.1227326639987472,0.1235119933103718,0.1214060718857927,0.130787632929295,0.1409662900182658
205,205.0,0.1185015861213212,0.1184818741213167,0.1195149680967635,0.1227146239268663,0.1240091262782184,0.120400259919926,0.131368653086752,0.1450089084488357
206,206.0,0.1169723424690447,0.117118985154042,0.117981159382584,0.1232626429095267,0.1242831853414641,0.1194777168763723,0.132027167454599,0.1488768004123671
207,207.0,0.1155646271434268,0.1154047162860635,0.116394412167283,0.1240528435109798,0.1241527492085073,0.1185244337879872,0.1324227977133985,0.1534834201823537
208,208.0,0.1140288360642649,0.1144076424138964,0.1150276560756292,0.1246857059966676,0.122856620708082,0.1174210029088584,0.1330889645832911,0.1584835712493103
209,209.0,0.1126493687886449,0.1131729162629944,0.1145850373833581,0.125015580912961,0.1212133020656169,0.1160785507766349,0.1334855901428118,0.163799653666978
210,210.0,0.1114155279225332,0.1124153537738196,0.1142525286430932,0.1252187653900599,0.1199781307715523,0.1143953325845032,0.1337618159706153,0.1685625449438233
211,211.0,0.1105485715776528,0.1113018012218932,0.1140907410708939,0.1249130949233271,0.1186206492097602,0.1126345232654077,0.1338111492863014,0.1740794694447638
212,212.0,0.1098678645446016,0.1101512696713866,0.1138332538340743,0.1238556756946598,0.1170523844630351,0.1110479732814017,0.1338439252007468,0.1803476533100941
213,213.0,0.108908745220442,0.1088094009994483,0.113208682483988,0.1226656124519464,0.1157089057796986,0.1103053622161088,0.1330778747119922,0.1873154161363758
214,214.0,0.1081961514142966,0.1077126119595407,0.1123126132355945,0.1213519127753612,0.11429268421426,0.1097751809962694,0.1323937408209448,0.1939651045837329
215,215.0,0.1082917095117021,0.1074418547956816,0.1113753894252712,0.1197254019377115,0.1123546098679555,0.1089121865050643,0.1321805943023901,0.1997182536542238
216,216.0,0.107798077575023,0.107061122519617,0.1096574695053144,0.1181289730551508,0.1109746255979174,0.1085207642233399,0.132488021125141,0.2053709463984966
217,217.0,0.1071396959742405,0.106660265158029,0.1086785416035377,0.1166906892005179,0.109662967118294,0.1081996062834157,0.1325367494687989,0.2104314851931664
218,218.0,0.1063740308239758,0.1061832059826554,0.1078187883569934,0.115114844180886,0.10827023242635,0.1077619075274349,0.1326685694239206,0.2158084212777841
219,219.0,0.1052999442728896,0.1061543395403011,0.1071378191028419,0.1136909672077686,0.1062949103137177,0.1069871440450212,0.1326002057031875,0.2218346698142728
220,220.0,0.1041579962594072,0.1063439137064537,0.1067964211526074,0.1121694768807592,0.1042838015947764,0.1062470783982405,0.1323741587788179,0.227627153228938
221,221.0,0.1025051905262638,0.1069089970632994,0.1062731159854775,0.1110454375339619,0.1029330987114807,0.1055030454685607,0.1316122483486752,0.233218866362281
222,222.0,0.1000945846401479,0.1075583262024874,0.1056698783857592,0.1107383682291181,0.1018038615074248,0.1045652222179398,0.1310063085627315,0.2385634502543915
223,223.0,0.0976063986534031,0.1084302362264154,0.1051524952336378,0.1102734973072729,0.1004477408789703,0.1030230288302002,0.1302514431654059,0.2448151597046945
224,224.0,0.0951189069259071,0.1092807332153782,0.1045916457067042,0.1099142011654008,0.0995259994583316,0.1014096946926748,0.1288844429080466,0.2512743759275568
225,225.0,0.0932983300308023,0.1099876430619468,0.1042883149601311,0.109789161752414,0.0982647866404158,0.0993937588451117,0.1271186023601928,0.2578594023489857
226,226.0,0.0914927307089658,0.1107727234350389,0.1042073618380819,0.1092212275124504,0.0971691195295895,0.0973729411112566,0.1251369841588123,0.2646269117058049
227,227.0,0.0893002062690633,0.1116428010113774,0.1042552923895889,0.1088006930107798,0.0964211696035645,0.0953554538200507,0.1233155562724768,0.2709088276230988
228,228.0,0.0870778905215843,0.1122463020265665,0.1039711790478644,0.1080756339705487,0.0956447998312783,0.093270183641888,0.1218537991103436,0.2778602118499264
229,229.0,0.0851904640985821,0.1124368641532285,0.103622765289861,0.1072383741692706,0.09417817019107,0.0911464340479529,0.1204797787517281,0.2857071492983071
230,230.0,0.0834894266593776,0.1129718310570577,0.1030784229688577,0.1067893750700709,0.0925476536327731,0.089094402107074,0.1190119893795304,0.2930168991252588
231,231.0,0.0820325048768046,0.1135787682235321,0.1022441519317395,0.1057549760833231,0.0912677934783472,0.0871001956071733,0.1179180768034406,0.3001035329956398
232,232.0,0.0809181489943361,0.1137726930327626,0.1016704407498262,0.1042816354263823,0.0900866296229892,0.0851138010332054,0.1164688479953208,0.3076878031451775
233,233.0,0.080439800597268,0.1133547669152292,0.1013445650859298,0.1021628541424965,0.0889195110662196,0.0831408679872063,0.1156282252110968,0.3150094089945539
234,234.0,0.0803129080619973,0.1134892447649875,0.1010311359415175,0.0998454016011582,0.0874049689281851,0.0812279001889345,0.1146860663664716,0.3220023741467484
235,235.0,0.0803284240971489,0.1136381315456009,0.1005496151308219,0.0974000013463591,0.086330018543684,0.0791566800213074,0.1133103780237964,0.3292867512912815
236,236.0,0.0800195984367606,0.1137484574524133,0.1000083773498306,0.0948291425199784,0.0854817773373642,0.077500528289001,0.1116601259001528,0.336751992714499
237,237.0,0.079806476581591,0.1134049317984639,0.0995823499001765,0.0925512205869451,0.0850735798193083,0.075881417405912,0.1099394325572405,0.3437605913503628
238,238.0,0.0793072821104645,0.1127662982742088,0.0999344222437019,0.0902811866903953,0.0844654053330347,0.0749205467609799,0.1075431770475442,0.3507816815396707
239,239.0,0.0786486755614596,0.1121320255760233,0.1003545637966487,0.0880879603664617,0.0838690937555475,0.07401633995711,0.1052025687700206,0.3576887722167285
240,240.0,0.0776943159846389,0.1115025005043616,0.1008998493539384,0.0856576153438484,0.0833326066842714,0.0733571078915379,0.1028615801469828,0.3646944240904204
241,241.0,0.0767625512153091,0.1109461703964535,0.1016782934495012,0.0833573011281512,0.0826613067677222,0.0727569204723774,0.1005969242211378,0.3712405323493475
242,242.0,0.0759491058839446,0.1107889209146494,0.102787481941551,0.0812166346463447,0.0821171548327123,0.0719259043488089,0.0977543511154896,0.3774604463164994
243,243.0,0.0750347069852874,0.1105295231668161,0.1038998944458965,0.0795265722859472,0.0816807279870812,0.0709548213818079,0.0955647333308925,0.3828090204162712
244,244.0,0.0741057839339688,0.1101127384686239,0.105750463344367,0.0778152448762028,0.0812198093390743,0.0700426826407315,0.0928898642635941,0.3880634131334374
245,245.0,0.0734652188991476,0.1096184238897751,0.1070295969982108,0.0763439326630245,0.0806200553421973,0.0691089616923371,0.0908260157361676,0.3929877947791398
246,246.0,0.0726650921040142,0.1092062630928206,0.108034251488211,0.0748440851560158,0.0799759132595661,0.0689214628880495,0.0889346141272825,0.3974183178840402
247,247.0,0.072068859326912,0.1084034354422781,0.1087837518960951,0.0736305696186644,0.0793976649767738,0.0688661392471968,0.0876060716864971,0.4012435078055827
248,248.0,0.0715478565434977,0.1081977946589734,0.1089094161629936,0.0726631428481801,0.0787886314058097,0.0685578386250155,0.0866120885560066,0.4047232311995233
249,249.0,0.0712703425649017,0.1078086540968021,0.1088686157494329,0.0721639433835428,0.0783458859064821,0.0683025759530745,0.085573090010316,0.4076668923354477
250,250.0,0.0711663393725308,0.1076596756845529,0.1088947059253354,0.0716555511809797,0.0772392799938133,0.0684630677283039,0.0842865687373489,0.410634811377135
251,251.0,0.0713759753100365,0.1068447055030538,0.1090517848411221,0.0714993226382831,0.0760711296704561,0.0688245218628642,0.0832581361777531,0.4130744239964309
252,252.0,0.0714631776353889,0.1060766305699985,0.1095972247784934,0.07122924208654,0.0751200315765482,0.0692217327881308,0.08189708130372,0.41539487926118
253,253.0,0.0716534194261712,0.1053237980887754,0.1099689515349318,0.0711275054687031,0.0741913821773975,0.0695061874964344,0.0804090550554108,0.4178197007521756
254,254.0,0.0715286780183831,0.1045770626446432,0.109953255190815,0.0709314889895996,0.0732724322024557,0.0701006663258432,0.0790562370138354,0.4205801796144247
255,255.0,0.0714248942812743,0.1039156508160829,0.109752141068319,0.070532625326145,0.0725848203171374,0.0707750381488973,0.077809804057394,0.4232050259847499
256,256.0,0.0716632191572239,0.1030062121161852,0.109515603521189,0.0707206551446761,0.0718466230899301,0.071449432278674,0.0761625776922089,0.4256356769999126
257,257.0,0.0715092196621411,0.1021869942556265,0.1094473620952368,0.0706868095019459,0.0709984769912596,0.0720968103862272,0.0746678145857877,0.428406512521775
258,258.0,0.0712895291428357,0.101606180333811,0.1087918409068785,0.0705724540828438,0.0705662038624671,0.0731334018220524,0.0734887891826353,0.4305516006664758
259,259.0,0.0711683905108633,0.1009837057405914,0.1081668466220428,0.0706992459784839,0.0703539597908072,0.0740430795453392,0.0724426239727324,0.4321421478391396
260,260.0,0.0712445048395531,0.100262400053452,0.1073511254079771,0.0709085946586109,0.0701473850308246,0.0749485283360158,0.0715431276658199,0.4335943340077464
261,261.0,0.0714210343284286,0.0996680387071224,0.1063765584400859,0.0712430802884232,0.0699190313747827,0.0754398568105822,0.0707059594528436,0.4352264405977311
262,262.0,0.0711253382844486,0.0992876719035958,0.1058465012184299,0.0709061292214085,0.0696965079734425,0.0756433290047719,0.0704015095164584,0.4370930128774442
263,263.0,0.0707635496823456,0.0988157035169131,0.1053223912782769,0.070424654881009,0.0691542078486676,0.0755837292641883,0.0707273182173595,0.4392084453112397
264,264.0,0.0703623385414619,0.0982642167882962,0.104427062946593,0.0699287726531649,0.0687446024370794,0.075510893498969,0.0713536471170994,0.4414084660173359
265,265.0,0.0699489084759513,0.0976480192822214,0.1035889934992717,0.069452533360259,0.0681638739609856,0.0753112504645894,0.0721868381686732,0.4436995827880482
266,266.0,0.0696953091719741,0.0972457501503531,0.1020643445917718,0.0691628505923313,0.0673111331818224,0.0751821215117402,0.0729766628042951,0.4463618279957116
267,267.0,0.0695221195509158,0.0961582294957559,0.1008345703021166,0.0688725117372062,0.0667893063131386,0.0748376702490005,0.0742092057176064,0.4487763866342596
268,268.0,0.0695027447380468,0.0943563186434584,0.0996331114761882,0.0688394491836695,0.0666002851184119,0.0744709606307911,0.0754396182752831,0.4511575119341509
269,269.0,0.0697487127225673,0.0922750684809785,0.0986722451875803,0.0688044702283539,0.0665576898079836,0.0739971187218792,0.0758818437199752,0.4540628511306819
270,270.0,0.0698398011233853,0.0901458121232967,0.0974066117929461,0.0688420851264332,0.0662013224973011,0.0733172025911514,0.0764447914154466,0.4578023733300393
271,271.0,0.0701624230787145,0.087774952346217,0.096243200350678,0.0688559367835209,0.0657018668786234,0.072559961081465,0.0769618935705456,0.4617397659102354
272,272.0,0.0707886305467565,0.0850954134769707,0.0950004819667381,0.0688361336367048,0.065602169875836,0.0716490760839096,0.0774602085116548,0.4655678859014293
273,273.0,0.0711066721537312,0.0822156771561272,0.0937147258536576,0.0686841535440418,0.065517396348518,0.0707194233268952,0.0776843803949545,0.4703575712220743
274,274.0,0.0714425430398375,0.0794307428496973,0.0927497059102228,0.0683878315407685,0.0655224879233326,0.0697737015810025,0.0778658810388629,0.4748271061162758
275,275.0,0.0717281642551056,0.0767777927763157,0.0918924906374499,0.0680429701351332,0.0655022075922216,0.0685794020085266,0.0780071912693777,0.4794697813258696
276,276.0,0.0716971404881881,0.0741947916062793,0.0914252998423515,0.0677222535841437,0.0654846609865565,0.0670442992251133,0.0781537627456544,0.4842777915217129
277,277.0,0.0715750447226816,0.0718482226608795,0.0908182082797794,0.0672353093340369,0.0653049885396012,0.0652745096533687,0.0781889315642195,0.489754785245433
278,278.0,0.0712933683038165,0.0699321362078465,0.0902717016679951,0.0665693772014551,0.0650953651387481,0.0634477258038066,0.0780105664862171,0.4953797591901148
279,279.0,0.0711990911991285,0.0682047353400843,0.0900209424105054,0.0658783695800941,0.0645505520589853,0.0617448480731225,0.0778275466041324,0.5005739147339474
280,280.0,0.0709133436169136,0.0663585730707823,0.0893638970123742,0.0655334462886752,0.0638065095342668,0.0600804128683388,0.0775394875369244,0.5064043300717246
281,281.0,0.0705485581531191,0.0647662342859763,0.0885127043854673,0.0654586094649174,0.0627420677641069,0.0583140520880111,0.0774712902062816,0.5121864836521203
282,282.0,0.070297421692115,0.0633297787727279,0.0879743281878543,0.0652757720031096,0.0613646886652442,0.0566860407313983,0.0772803472258284,0.5177916227217222
283,283.0,0.0701874025751377,0.0622055244652167,0.0873231486317964,0.0650555515751734,0.0597994354082663,0.0551163416694567,0.077080815495298,0.5232317801796547
284,284.0,0.070122418930636,0.061256112503844,0.0872484174348041,0.0649139277269365,0.0581779763683085,0.0537937046951289,0.0763936634516131,0.5280937788887288
285,285.0,0.0702178856996356,0.0603634866566731,0.0872256283895275,0.0646436379023099,0.0565453552206606,0.0525304833498774,0.0751909480627354,0.5332825747185806
286,286.0,0.0701501412881107,0.0594934847969412,0.0871881275125552,0.0642800524493201,0.0549773069251924,0.0512965172118597,0.0738996275461113,0.5387147422699095
287,287.0,0.0701854059733317,0.0586903326942042,0.0872267521568246,0.0637237383500307,0.0534502171183721,0.0502303327655755,0.072594862040684,0.5438983589009772
288,288.0,0.0703307766664368,0.0580093163868859,0.0868631033936832,0.0632647824379524,0.0519553696909629,0.0492234056595967,0.0713785592576097,0.5489746865068724
289,289.0,0.0699800057614201,0.0574838458626407,0.0864105077512513,0.0629009474436566,0.0506563513850843,0.0482611005752659,0.0700254616695933,0.5542817795510878
290,290.0,0.0696796516722863,0.0569474023783322,0.0856171151804238,0.0624723753244874,0.0494415518226988,0.0473236532353359,0.068758064030195,0.5597601863562409
291,291.0,0.069114040985441,0.0564217583460658,0.0846986573642216,0.062055964400141,0.0482696615692625,0.046308328965229,0.0677013697701169,0.5654302185995225
292,292.0,0.0684730475507119,0.0560459548774047,0.0837194565323574,0.0615665704409098,0.0470701665483963,0.0453822276114681,0.0668142588082562,0.5709283176304958
293,293.0,0.0675076569387146,0.0559184903731329,0.0830131179291248,0.0608349112297084,0.0459405913339537,0.0445211615949909,0.0659366655792037,0.5763274050211713
294,294.0,0.0665693702808993,0.0559511008685664,0.0824881193088903,0.0605385244584212,0.0448618056686541,0.0435274863027587,0.0647232609132728,0.5813403321985375
295,295.0,0.0655435889788352,0.0560398945287185,0.0820147773644709,0.0601826597125603,0.0441926617236596,0.0425672385031809,0.0633566483000272,0.5861025308885476
296,296.0,0.0644783169756028,0.0561467984591653,0.0813463660219166,0.0599227250716082,0.0435284786660257,0.0416710537380868,0.0620011936470252,0.5909050674205696
297,297.0,0.0636420594490219,0.0561235668906194,0.0807188790405768,0.0595525819711191,0.0428958265661404,0.0406035399528123,0.0608472259898495,0.5956163201398609
298,298.0,0.0627591744069155,0.0561520034665613,0.0801778587499765,0.0594712598935961,0.0423276474199466,0.0395791118101691,0.059635543970622,0.5998974002822131
299,299.0,0.0620202862221327,0.0566315457844012,0.0797528333000313,0.0593862491473395,0.0419427836722426,0.0387585110499207,0.0586215621336587,0.6028862286902736
300,300.0,0.0611817614657368,0.0572137589662648,0.0791998076382486,0.058952622931091,0.041674842093533,0.0380128440406809,0.0577191574327729,0.6060452054316723
301,301.0,0.0603226420446389,0.0577112495031663,0.0786848447959061,0.0583734029226983,0.041404346789984,0.0376290771627208,0.0569290147660201,0.6089454220148658
302,302.0,0.0595197849161796,0.0583266684605684,0.0780710576092596,0.0577606528454091,0.0411492627510245,0.0373366364457762,0.0560589467581586,0.6117769902136243
303,303.0,0.0587194241494156,0.0589201765163704,0.0775385636277194,0.0570843152032832,0.0409113175193847,0.0371250520804653,0.0552126092311678,0.6144885416721938
304,304.0,0.0580569228439513,0.0594425303521429,0.0770436396185284,0.0564198966635009,0.0406949249217022,0.0369522679843294,0.0544077988523705,0.6169820187634745
305,305.0,0.0574985829673488,0.0600308343608983,0.0765742183037713,0.0559952768058762,0.0405391026990407,0.0368660053537655,0.0535964846298743,0.6188994948794251
306,306.0,0.0569415311607741,0.060226049556926,0.0763115009545883,0.0554491247562988,0.040395974791433,0.0368224790108941,0.0531891991033794,0.6206641406657064
307,307.0,0.0565411771712075,0.0601671717474252,0.0761190716107312,0.0547762906289179,0.0402646146935368,0.0368042324320893,0.0527210522217051,0.622606389494387
308,308.0,0.0565098134239937,0.0600363217345093,0.0759904340679797,0.0543101843850191,0.0400048762295674,0.0368803156593574,0.0516044989987863,0.624663555500787
309,309.0,0.0564159542876483,0.0599359202268777,0.0756818582188566,0.0537918755504197,0.0397370070960955,0.0370534537352657,0.0503635190620704,0.6270204118227659
310,310.0,0.0562442056535985,0.0597958287982139,0.075541984578789,0.0532595361321558,0.0395607533845832,0.0373422886759065,0.0491921685682082,0.6290632342085447
311,311.0,0.0563409825706041,0.05944259921732,0.0755912043215542,0.0525101179459553,0.0394005778979902,0.0376423287649647,0.0480867014062424,0.6309854878753692
312,312.0,0.0563570393440111,0.0590963173128291,0.0757006045821512,0.0517626080854723,0.0393358130694167,0.0380487306995552,0.0469353539952194,0.6327635329113448
313,313.0,0.0563789028842362,0.0586784558985997,0.0758288815062032,0.051054589532472,0.0392823425648814,0.0384574025917145,0.0457721053647126,0.6345473196571803
314,314.0,0.0567377872382651,0.0581747406128649,0.0759932551996538,0.0503811093597802,0.0393032900401308,0.0385535295483441,0.0443604831211355,0.6364958048798254
315,315.0,0.0570904326360868,0.0575811820750568,0.0761508620701562,0.049818622829344,0.0393230143713416,0.0386316703871252,0.0428885238982848,0.6385156917326044
316,316.0,0.0574410333359116,0.0570957726417054,0.0758133374809415,0.0493056214075296,0.0393735677762458,0.0385811930919595,0.0415305117229411,0.6408589625427653
317,317.0,0.0577236762702681,0.0566255093224769,0.0753806600451673,0.0487427990684825,0.0393972347144209,0.0387022111469893,0.0403952378590887,0.6430326715731061
318,318.0,0.057939476815119,0.0561289404691954,0.0749057073426562,0.048095696268487,0.039399627981681,0.0387846470549776,0.0393190114781542,0.6454268925897293
319,319.0,0.058045229989527,0.0558010227080884,0.0743756056802173,0.0474778192892024,0.0393455442826851,0.0388433525186867,0.0383715203120122,0.6477399052195806
320,320.0,0.0581052982757534,0.0556128914181581,0.0738202515230467,0.046881228538146,0.0391892172739572,0.0388712549666298,0.0375054226610127,0.6500144353432957
321,321.0,0.0582622362257891,0.0554112641255272,0.0732989689573927,0.0463016696285819,0.0390354877962718,0.0389852818098168,0.0367945537399442,0.6519105377166761
322,322.0,0.0583692032055857,0.0551876351184818,0.0727479958026477,0.0456359431047763,0.0388753866555495,0.039067342601933,0.0361576465944388,0.6539588469165871
323,323.0,0.0584248849347494,0.054797490406083,0.071889391804135,0.0448856010720615,0.0387609390258016,0.0391812501934139,0.0355813234209146,0.6564791191428407
324,324.0,0.0584513144432985,0.0543786256119183,0.070873096514672,0.0441493073556743,0.0386248603073599,0.0391415829448907,0.0350973441608128,0.6592838686613732
325,325.0,0.0584837858790895,0.0539923558508387,0.0698706526441488,0.043411899438829,0.0384682334755084,0.039074941713686,0.0345900528568285,0.662108078141071
326,326.0,0.0584622781954536,0.0535252538400624,0.0687697312902012,0.0430491819909585,0.0383392569288936,0.0390278076940305,0.0341405794932133,0.6646859105671867
327,327.0,0.0583712611679533,0.0531616901467574,0.0677590770608326,0.0426856103476532,0.0382683177576789,0.0389516779246272,0.0337360897453329,0.6670662758491642
328,328.0,0.0581474828962092,0.05269730816375,0.0671410532384325,0.0423579206589215,0.038080374619115,0.0388319387130255,0.0335069968263267,0.6692369248842195
329,329.0,0.0580342298171455,0.0522064226744476,0.0664700856842608,0.0420299979391126,0.0377778764224542,0.0385594271875401,0.0335221390403536,0.6713998212346854
330,330.0,0.0580034126443056,0.0517942021145656,0.0656942379464541,0.0419503199082906,0.0376283250529213,0.0381214966309729,0.0335619856261356,0.6732460200763541
331,331.0,0.0579300939347414,0.0512200342860931,0.0651871265863377,0.04212583022994,0.0374641585761616,0.0377592288559889,0.0336867868668853,0.6746267406638519
332,332.0,0.0578011678701964,0.0504393705346395,0.064680881255394,0.0425773219984432,0.0372989993409221,0.0374818729635883,0.0339214418649795,0.6757989441718371
333,333.0,0.0577145149936251,0.0497023511698647,0.0641535164860497,0.0429838834561684,0.0371093513233027,0.0373286432003187,0.0341617434548617,0.676845995915809
334,334.0,0.057586336053554,0.0489732627755345,0.0638733995927159,0.0433315567809643,0.0369005400508107,0.03742146047321,0.0344066550625953,0.6775067892106151
335,335.0,0.0569170260132583,0.0482864363766236,0.063770142831604,0.0436856099614898,0.0367069132309622,0.0375084710248301,0.0348864487030046,0.6782389518582272
336,336.0,0.0561912696782432,0.0476337216919151,0.0634547049021272,0.0437461056338085,0.0365091976459063,0.0375899509557803,0.0354042748408242,0.6794707746513952
337,337.0,0.055583237759945,0.0470704601536612,0.0630503477301819,0.0436518677624311,0.0363080571681218,0.0377111870341388,0.0357610418862066,0.6808638005053136
338,338.0,0.0548319726120977,0.0465088288858673,0.0627408128360993,0.0435261694097474,0.0360886720041387,0.037837627451649,0.0360878070539619,0.6823781097464386
339,339.0,0.0541163529232601,0.0459749221036923,0.0624644744700136,0.0434014112081351,0.0358713355134494,0.038040274866507,0.0364110420178165,0.6837201868971258
340,340.0,0.0535705596260244,0.0455569904511611,0.0621680544753226,0.0432643024142626,0.0356550418906305,0.0382262176918426,0.0367619865445746,0.6847968469061814
341,341.0,0.0530371956424792,0.0451526939423321,0.0619289625899825,0.0431158153052713,0.035436405435077,0.0383860144018023,0.0370845170300237,0.6858583956530317
342,342.0,0.0525429183755049,0.0446148423300209,0.0615235252201917,0.0430012035683249,0.0352307493677006,0.0383558015829946,0.0373901225663931,0.6873408369888692
343,343.0,0.0519707833669501,0.0442329981127496,0.061109755058811,0.042870940871724,0.0350129647958841,0.0382920369015144,0.0376643604187448,0.6888461604736217
344,344.0,0.0511371103659097,0.0440613670131697,0.0605874807379758,0.0424938849580512,0.0349015869997499,0.0381371965769096,0.0376599210041328,0.6910214523441012
345,345.0,0.0503232864551627,0.0439640091167655,0.0599743301213895,0.0421351832156427,0.0347732603852483,0.0380322347231035,0.0377118868727752,0.6930858091099124
346,346.0,0.0495824633961787,0.0438233071656367,0.0593192122111226,0.0417391107964191,0.0347581565405272,0.0378061656947349,0.0375957042544612,0.6953758799409193
347,347.0,0.0488812152116375,0.0436958447387152,0.058702465861436,0.041323707841838,0.034885982205838,0.0374546995926393,0.0374071932217577,0.6976488913261382
348,348.0,0.0480680687712256,0.0435500862747117,0.0581203563780826,0.0410622757453581,0.0351214505975288,0.0372224840348657,0.0372585561012808,0.6995967220969465
349,349.0,0.0471655587663709,0.0434060211284967,0.0576195186208948,0.0408213905028627,0.0353364502425939,0.0369738625302978,0.0370825823084389,0.7015946159000441
350,350.0,0.0464583519484361,0.0433269958596928,0.0570397951263698,0.040652122132388,0.0355085668410884,0.0367288873419531,0.0367088792613561,0.7035764014887155
351,351.0,0.0457790054518142,0.043254510590456,0.0566584988162881,0.0403276830270399,0.035666271610033,0.0364109086173045,0.0364645308032822,0.7054385910837817
352,352.0,0.0450729759359237,0.0431713121233209,0.0562702882872972,0.0399570907525048,0.0357735302805354,0.0360610016619,0.0362008248836273,0.7074929760748903
353,353.0,0.0443792733264598,0.0430772347163501,0.0559051730985108,0.0395801974498506,0.0358614035749524,0.0357058181207362,0.0359213385713558,0.709569561141784
354,354.0,0.0438287232793117,0.0429753264062895,0.0556207410785395,0.0393297571418629,0.0358575865261577,0.0353097643691476,0.0355116328320267,0.711566468366664
355,355.0,0.0433093737499798,0.0428294004550809,0.0553588499922816,0.0390764788871316,0.0360328830734795,0.0349110576267455,0.0350974345897926,0.7133845216255084
356,356.0,0.0428732523568123,0.0426142840178914,0.0553403406775548,0.0387178096324382,0.0361832057530514,0.0344956021841445,0.0345290330316859,0.7152464723464212
357,357.0,0.0424858103845988,0.0423865957096104,0.0555098867048048,0.0382896363181351,0.0362056240381172,0.0340887512904611,0.034014135922255,0.7170195596320172
358,358.0,0.0422075873487228,0.0422003802749096,0.0556158291011785,0.0378486991846112,0.0361896624288687,0.0336737520271606,0.0334944934189921,0.7187695962155563
359,359.0,0.0419669806756313,0.0419757819612507,0.0556155090232133,0.0374184213759771,0.0361217297634658,0.0332211200126617,0.0329816169895085,0.7206988401982914
360,360.0,0.0417556011971067,0.0417466785701034,0.0555315981432897,0.036995457142994,0.0360053218839227,0.0326632914416937,0.0325396163630752,0.7227624352578144
361,361.0,0.0415514245261932,0.0414537936280385,0.0555248400277838,0.0365123386580781,0.0359074709765089,0.0320465376935209,0.032219533745224,0.7247840607446523
362,362.0,0.0412000197704541,0.041169951789697,0.0555576573053274,0.036043743510336,0.0358692850481883,0.0314965518056308,0.0319168760379741,0.7267459147323921
363,363.0,0.0407430480838346,0.040926570746142,0.0556185587347383,0.0355959996623458,0.0358188600865574,0.0309722042336158,0.0316299580177873,0.7286948004349786
364,364.0,0.0401952170773485,0.0406753927766879,0.0557192800286977,0.0349906860839105,0.0357362321003125,0.0305351305387888,0.0313497847208171,0.7307982766734369
365,365.0,0.0396698047257968,0.0404785795854652,0.0555500881024708,0.0344615601541482,0.0357368689607063,0.0301240316889557,0.0310760938959737,0.7329029728864833
366,366.0,0.0391903008995455,0.0403002307487572,0.0552268431741043,0.0338797032258441,0.0357362262902405,0.0295663308913348,0.0308814959296143,0.7352188688405594
367,367.0,0.0387480037672815,0.0400591013200974,0.0548293226103882,0.033188440300134,0.0356152631400958,0.0291141809099631,0.0308124544824544,0.7376332334695859
368,368.0,0.0383201945253029,0.0400190188156655,0.0544180875922033,0.0325237751288866,0.0354658645978354,0.0287245227682168,0.0308035076436255,0.7397250289282641
369,369.0,0.0378920031177991,0.0399585080539301,0.0540756080567234,0.0318773110634126,0.0352778618834569,0.028342062616558,0.0307867393201758,0.7417899058879441
370,370.0,0.0374303941076839,0.0398985563197595,0.0537466483873059,0.0312591755941227,0.0351226276660801,0.0279469290331834,0.0308322380681458,0.7437634308237187
371,371.0,0.0369890098160008,0.0398262031948713,0.0534490957569712,0.0307298380173953,0.0350017117959643,0.027576996936847,0.0308809299012224,0.7455462145807278
372,372.0,0.0365674164842638,0.0396516441178605,0.0531451606249742,0.0302224910335781,0.0348204007255476,0.0272043724237321,0.0308387528471433,0.7475497617429004
373,373.0,0.0360771534941701,0.0393297920303106,0.0529105114642105,0.029749754097311,0.0346248052489012,0.0268651643733018,0.0307679415496968,0.7496748777420982
374,374.0,0.0355456661182514,0.0390032169842281,0.0526262243996496,0.0292899349979618,0.0345122742874229,0.026490613168269,0.0306841034763693,0.7518479665678479
375,375.0,0.0350066461712488,0.038739781458379,0.0522968010537242,0.0288435350795303,0.0344067298548636,0.0261703910312736,0.0306411504887484,0.7538949648622322
