Total_iterations,Unnamed: 0.1,Intertwine_two,Invert_path_vertices,Insert_inside_vertex,Delete_inside_vertex,Replace_inside_vertex,Donate_between_routes,Trim_one_terminal_cb,Grow_one_terminal_cb
0,0.0,0.125,0.125,0.125,0.125,0.125,0.125,0.125,0.125
1,1.0,0.1234518539396389,0.1245851376357061,0.1238181005986691,0.1239914557184948,0.1262421578377263,0.1260201208006893,0.1237171746727432,0.128173998796332
2,2.0,0.121216527298068,0.1240280681145362,0.123186448922617,0.1236807171539499,0.127175492862011,0.1263634186195867,0.12170866188558,0.1326406651436509
3,3.0,0.1185662122653356,0.1232894260241389,0.1222461216917676,0.123595104248821,0.1281418492101566,0.1265864152158758,0.1197111332922967,0.1378637380516074
4,4.0,0.1157186947325004,0.1227522997573561,0.1212539791079689,0.1232022673787844,0.1298498992154041,0.1269533577878587,0.1172222466456894,0.1430472553744378
5,5.0,0.1129209240026022,0.1221232106947431,0.1201633251226978,0.1223838489139175,0.1312520575346028,0.1279814816032969,0.1144806640269309,0.1486944881012085
6,6.0,0.110158168161589,0.1217951803304391,0.1182806251611286,0.1210759970054354,0.1330347070104477,0.1288375761562612,0.1114665367993568,0.155351209375342
7,7.0,0.1072535468214627,0.1218853787591621,0.1161735993016161,0.1197493017166336,0.1341031421396588,0.130505143875509,0.107909597561948,0.1624202898240095
8,8.0,0.1041438355607948,0.1225131281695798,0.1141339116573922,0.1184975513895204,0.1342061073308909,0.1324726261105678,0.1042051389352203,0.1698277008460337
9,9.0,0.1008347030165477,0.1235449356760099,0.1123102094400027,0.117230877739546,0.1335147108475607,0.1345612310786121,0.1005763415439959,0.1774269906577248
10,10.0,0.0974784112150696,0.1244606432953612,0.1106398661447783,0.1158950725507422,0.1330715856808668,0.136353698476813,0.0969250865645271,0.1851756360718417
11,11.0,0.0944550848759234,0.1254197992977194,0.1088266714726372,0.114923317335708,0.1322764005431437,0.1384339686954586,0.0931881203123317,0.1924766374670779
12,12.0,0.092091737082223,0.1270414898504265,0.1072080671970501,0.1132291066242486,0.1314332187906188,0.1398674341689405,0.089459830288113,0.1996691159983792
13,13.0,0.0897130150588133,0.1283380133587054,0.1059142835350447,0.1114840847897525,0.1306976022776041,0.1413397769899579,0.0855334962223508,0.206979727767771
14,14.0,0.0873033582878352,0.1292121039095266,0.1052630698365467,0.1097096683726229,0.1307357026887414,0.1424534302066862,0.0816361985022233,0.2136864681958175
15,15.0,0.0852354283710939,0.1303421662794641,0.1045154662753621,0.1074922613521429,0.1304829205460965,0.1434552561218244,0.0778553771770444,0.2206211238769715
16,16.0,0.0835537060845723,0.1310410994600102,0.1041866988602655,0.1052375715558213,0.1302857973825823,0.1438033003230737,0.0742156800681009,0.2276761462655736
17,17.0,0.0819501382100964,0.1319677650116821,0.1041793123274772,0.1029716290786763,0.130146638544374,0.1438760540272647,0.0707378432214904,0.2341706195789388
18,18.0,0.0809491334088952,0.1330773237183983,0.1044672785140351,0.1006842924411256,0.1297305991071072,0.1436775785798689,0.0672488572181424,0.2401649370124271
19,19.0,0.0795660919364164,0.1339921798361356,0.1049541127789795,0.0984221164468511,0.1292002237972684,0.1436346184669961,0.06400201969669,0.2462286370406626
20,20.0,0.0781599515481993,0.134422953730677,0.1060048827427339,0.0964640217739646,0.1287039074461728,0.1431450537272683,0.0609157487523675,0.2521834802786164
21,21.0,0.0768176346894646,0.1343325641300209,0.1068653961732542,0.0951064669194729,0.1281086687095131,0.1423106638587973,0.0581389690757382,0.2583196364437387
22,22.0,0.0755237081317522,0.1338412206402034,0.1074982590113027,0.0937165657519553,0.1278011217815688,0.141555556506508,0.0555583455770694,0.2645052225996399
23,23.0,0.0742711695196303,0.132795678057933,0.1082448722483059,0.0922467274680976,0.1280159341444851,0.1411761232303631,0.0530557876989309,0.2701937076322539
24,24.0,0.0727611811942294,0.131599606264826,0.1084529872035091,0.0908192196917646,0.1277954634525791,0.1408516248959577,0.0510150801777136,0.2767048371194203
25,25.0,0.0713887895073606,0.1299973156098495,0.1086437229155713,0.0895330770323151,0.1272396948859862,0.1401828338354745,0.0489317463043708,0.2840828199090717
26,26.0,0.0700558200012343,0.1282079415871498,0.1087917936552409,0.0885665039766353,0.1268175012709769,0.1393915426035312,0.0470112885804972,0.2911576083247341
27,27.0,0.0688371421550087,0.1261030910499928,0.1088310642216675,0.0871985313231336,0.1265877899235555,0.1390438202584103,0.0455162149456427,0.2978823461225885
28,28.0,0.0676662782259406,0.1238726114069957,0.1092157865338825,0.0859370511503564,0.126175280801884,0.1386937312655181,0.0441861482698386,0.3042531123455839
29,29.0,0.0665675216374419,0.1217914839589879,0.1092703470678534,0.0849374889456615,0.1256548323892079,0.1387044518670434,0.0428584319214032,0.3102154422124005
30,30.0,0.0656947211160644,0.1197265827281333,0.109609099062177,0.0842411693109314,0.1245617071986044,0.1390032821258472,0.041756559071387,0.315406879386855
31,31.0,0.0651517802578898,0.1178416915952309,0.1101694000086417,0.0832611524145348,0.1235471760884836,0.1391877927500289,0.0409109608224217,0.3199300460627682
32,32.0,0.0648886130276418,0.1161021610143205,0.1105505088997292,0.0821708236852905,0.1226962859416714,0.1390220677196861,0.0403150432183094,0.3242544964933507
33,33.0,0.0646281980137115,0.1141571303139556,0.111653011597182,0.0812694459077458,0.1216805822729275,0.1384469020426784,0.039858304007824,0.3283064258439748
34,34.0,0.0646530246797526,0.112222643294839,0.1124937916827302,0.0805104711414215,0.1206381346880212,0.1375892121408509,0.0395213691472184,0.3323713532251659
35,35.0,0.0646129680529766,0.1101878719344014,0.1133516345619403,0.0796803887446593,0.1194858874464515,0.1366317612800261,0.0394437838217422,0.3366057041578022
36,36.0,0.0646619891011273,0.1076733667667395,0.1142461653509884,0.0786274426143311,0.1180674908983111,0.13596955668489,0.0395326604637497,0.3412213281198627
37,37.0,0.0649702370300817,0.1048853660723307,0.1155674329725268,0.0778793080913563,0.1166155795658098,0.1352852482439155,0.0396424584146564,0.3451543696093224
38,38.0,0.0652581431268527,0.1023510913846859,0.1167781544126978,0.0771604081838475,0.1153504449684121,0.1343514451044477,0.0400042315720126,0.3487460812470433
39,39.0,0.0655261595848514,0.1003131623490358,0.1177025183862622,0.0764577016872562,0.1140494970388057,0.1334566950817605,0.0403890797736391,0.3521051860983886
40,40.0,0.0657876240790963,0.0983722117327843,0.1185515042387128,0.0756719131709215,0.1130660047946385,0.1325528099367281,0.0408200329863008,0.3551778990608174
41,41.0,0.0658405599290798,0.0965303268380338,0.1193950769046632,0.0748287378331301,0.1122743610581778,0.131247509941462,0.0412986409869342,0.3585847865085188
42,42.0,0.0658537840016188,0.0948365090178083,0.1199075935946523,0.0740206529625512,0.1114518519749117,0.1302889711754789,0.0417977337330206,0.3618429035399579
43,43.0,0.0659004614777127,0.0931934766120196,0.1203033228195874,0.0730239050274729,0.1108827812192905,0.1289585269444381,0.0423231401930083,0.3654143857064703
44,44.0,0.0656254338987895,0.0918457581455555,0.1205882196849568,0.0720843897169865,0.1103576900627667,0.1275525244684199,0.0429821264453402,0.3689638575771846
45,45.0,0.0652845088414501,0.0905620009442685,0.1208494405805105,0.0712552248784588,0.1096335271831971,0.1260465966132593,0.043760588501729,0.3726081124571264
46,46.0,0.0650990975340668,0.0892386814170407,0.1210627038236123,0.0701304425657717,0.1090402867811458,0.1244893591636678,0.0448001127223281,0.3761393159923665
47,47.0,0.0648708177198242,0.0883171672070171,0.1211703560075813,0.0689004015718633,0.1081725500091897,0.1233538356346366,0.0458139381583564,0.379400933691531
48,48.0,0.0646439908584887,0.0876914380799081,0.1212716254633454,0.0677153798736285,0.1070381542490333,0.1222694135449056,0.0468647171568844,0.3825052807738057
49,49.0,0.0642422612812817,0.0873255036705116,0.1211552752056525,0.0665922352270958,0.1059253082982484,0.1212642376405863,0.047863574979365,0.3856316036972586
50,50.0,0.0637033310585508,0.087202914714827,0.1208360495782412,0.0655469548410193,0.1047685685686369,0.1203252066487235,0.0488473255375294,0.3887696490524717
51,51.0,0.0632087481528881,0.0870767844213891,0.1201684995091386,0.064691504772746,0.1037608627981689,0.119359247637407,0.0497043441207431,0.3920300085875189
52,52.0,0.0625499068340497,0.0870533927731073,0.1194482221853798,0.0640436721691907,0.1029034551414928,0.1184909079635938,0.0503099451743011,0.3952004977588845
53,53.0,0.0619665470929693,0.0869448669830094,0.1185441921759126,0.0635816682660581,0.1021992163829513,0.1175308823229606,0.0508414871566795,0.3983911396194591
54,54.0,0.061249565502167,0.0868474748761123,0.1178925448229461,0.0633159494848491,0.1014221292036644,0.1164830264696657,0.0512056192810521,0.401583690359543
55,55.0,0.060690490488025,0.0867792324501513,0.1172377135592327,0.0630736068208753,0.1004995340196583,0.1153842181026435,0.0516869246258172,0.4046482799335962
56,56.0,0.0600531770667593,0.0870006925802102,0.1167786371310653,0.0629565417838638,0.0997039797484761,0.1137141030775366,0.0518037340664559,0.4079891345456325
57,57.0,0.0593899801867527,0.0873081119861277,0.1162724800928634,0.0628925673065959,0.0992283781083046,0.1121759661013778,0.0518217618152346,0.4109107544027429
58,58.0,0.0588429756549745,0.0875429949876746,0.1155505078564398,0.0627680785118676,0.0988094986970136,0.110720613045069,0.0517335640693694,0.414031767177591
59,59.0,0.05830296352459,0.087876860927037,0.1147005063878152,0.0628677836650987,0.098498737028499,0.1092393464465446,0.0515850926468502,0.4169287093735649
60,60.0,0.0577258562155652,0.0881594859485242,0.1135456508749473,0.0629003382749484,0.0983521973710474,0.1078601202979015,0.0513039046514892,0.4201524463655764
61,61.0,0.0570847950585291,0.0885572317184394,0.1124126120662655,0.0630156212783872,0.097977974093271,0.1065979750107284,0.0510185060973119,0.4233352846770671
62,62.0,0.0563514116019394,0.0892614424260679,0.1113334129609885,0.0632736790186823,0.0971452226961867,0.1051748963301925,0.0506497981002082,0.4268101368657341
63,63.0,0.05588114276902,0.0897073188102798,0.110399335733647,0.0633257860020618,0.0964692448281678,0.1038904900375337,0.0502669709171472,0.4300597109021423
64,64.0,0.0554381039171701,0.0894164389394416,0.1096338923664566,0.0633727114922141,0.0959692602243683,0.1026286551260891,0.0498155843380898,0.4337253535961698
65,65.0,0.0549347593709175,0.0892464187929913,0.1088009597070019,0.0631379737875675,0.0958367035534277,0.1016816799684736,0.0491290263658817,0.4372324784537384
66,66.0,0.0543678190675208,0.0889593510119396,0.1079788722127537,0.062818412158427,0.0956422429762575,0.1005843994426157,0.0485466221865324,0.4411022809439528
67,67.0,0.0538292858511259,0.0886209121296059,0.1071777246283399,0.0624716693437898,0.0955667345737919,0.0993373368988246,0.0480202925663856,0.4449760440081361
68,68.0,0.0532177400333158,0.0886826647092944,0.1062826188945545,0.0620210467112598,0.0951784509080787,0.0981081362768,0.0475666962025922,0.4489426462641042
69,69.0,0.0526572993352559,0.0885128754591998,0.1055066234868853,0.0616191885391941,0.0946060469322933,0.0966611276316678,0.0471056269965646,0.4533312116189388
70,70.0,0.0521010387438847,0.0886484148470307,0.1045559488303462,0.0612017688458341,0.0941524505832482,0.0952462355255143,0.0465553931551133,0.457538749469028
71,71.0,0.05155757514143,0.0886838666694325,0.1036932366176661,0.060659872352516,0.093600496433248,0.0939101647236156,0.0460883124911624,0.461806475570929
72,72.0,0.0511170403545809,0.0886056188963908,0.1029679421198386,0.0600596313074219,0.0927374216437246,0.0926178596074664,0.0458199667038609,0.4660745193667154
73,73.0,0.0506735534761974,0.0884450113622138,0.1021060161347573,0.0594388766498206,0.0921138677755809,0.0915907189290763,0.0454758369485454,0.4701561187238078
74,74.0,0.0500988648603474,0.0881147516004233,0.1014453351347933,0.0590125282595329,0.0914690005691185,0.0906811301798872,0.0452409551443242,0.4739374342515727
75,75.0,0.0495318169644555,0.0876589951874373,0.1009436172564787,0.0585713019293448,0.09062807999853,0.0895921625482864,0.0453601311926546,0.4777138949228122
76,76.0,0.0489745255331139,0.087279648660606,0.1004755197668649,0.0580973821238983,0.0899752868143615,0.0885049551812315,0.0454122277736992,0.4812804541462243
77,77.0,0.048455850402029,0.087057658178188,0.1000948712844994,0.0578047571115243,0.0891463403327632,0.0874996336757679,0.0453689450905554,0.4845719439246724
78,78.0,0.0480784921414503,0.0865982003754997,0.0998837109890264,0.0575110762830273,0.088478683748581,0.0866610228365032,0.0451705798447299,0.4876182337811817
79,79.0,0.0477407359838023,0.0863103261411104,0.0997226087494569,0.0572129618894934,0.0879411030522245,0.0858349837068655,0.0445532845435969,0.4906839959334496
80,80.0,0.0473490140141149,0.0861286959406338,0.099606304166796,0.0569967252036382,0.0873281853274972,0.0850923579782948,0.0439069434240707,0.4935917739449539
81,81.0,0.0471065330202341,0.0857096097274958,0.0996701003742988,0.0569082327642768,0.0862927865019788,0.0840108416820678,0.0433144067017613,0.496987489227886
82,82.0,0.0470337100757938,0.0852331146536033,0.0996258797996949,0.0567619458573308,0.0851709083691904,0.0829130993678593,0.0426885447671686,0.5005727971093584
83,83.0,0.0468988123749505,0.0846549066499424,0.099598474242969,0.0566732565584624,0.0840618200615751,0.0819140557439443,0.0420589286722669,0.504139745695889
84,84.0,0.0467182631613409,0.0841345097205957,0.0997123108600081,0.0565402378300903,0.082867999334326,0.0809537257047588,0.0415350237598568,0.507537929629023
85,85.0,0.0466724454836291,0.0835906888342206,0.1000893820572022,0.0563472535567477,0.0816902184913378,0.0799714036972487,0.0409356967164676,0.5107029111631459
86,86.0,0.0465961696923414,0.0829667455866361,0.1004331174337583,0.0563124485029523,0.0804708313960639,0.0794749918166279,0.0403208379183832,0.5134248576532363
87,87.0,0.0465959725508996,0.0822823912036658,0.1006797571991006,0.0562450441254534,0.0792681525707449,0.0789846477352092,0.0397039524121934,0.5162400822027328
88,88.0,0.0466119738044337,0.0813811677205305,0.1008928416050604,0.05611512840403,0.0781019906489061,0.0786513936646905,0.0391757273158035,0.5190697768365449
89,89.0,0.0465312202479444,0.0804749878406934,0.1009952068113831,0.0560683981391319,0.0771147441715414,0.0782378946316102,0.038724620913166,0.5218529272445293
90,90.0,0.0466124497632141,0.0798245649567457,0.10093415314893,0.0559507283842584,0.0763584733812892,0.0776468967552514,0.0384099524357488,0.524262781174562
91,91.0,0.0467053730922717,0.0789303252122569,0.1008835638923342,0.0558212328207384,0.0757933470723246,0.077268966306628,0.0381351812811776,0.5264620103222684
92,92.0,0.046845259626582,0.0780303713749999,0.1006375048608544,0.0555702915792488,0.0751637786936955,0.0769029128593915,0.0378692297823618,0.5289806512228656
93,93.0,0.0470598910656347,0.0771530147019775,0.1004580892305293,0.0551753559806874,0.0745196505996612,0.0766261294239505,0.0376260049571316,0.5313818640404275
94,94.0,0.0473190706167904,0.0765075480812333,0.1000074329864084,0.054832427683466,0.0740181572860686,0.0765272786967048,0.0374197840455298,0.5333683006037984
95,95.0,0.0477312083782657,0.0759396066928476,0.0995844320162759,0.0543816261122313,0.0734917724591526,0.0763678777678207,0.0373196360074095,0.5351838405659963
96,96.0,0.0481093300844584,0.0756206175686585,0.0992833126436617,0.0539124685463275,0.0730686671748471,0.0762126683812621,0.0372257135039094,0.5365672220968749
97,97.0,0.0483393369758276,0.0751051452018627,0.0995596349977356,0.0535147287517831,0.0728345915389797,0.0760724732406622,0.0370700752867775,0.5375040140063714
98,98.0,0.0483967370793962,0.0745783316784599,0.0997303834200162,0.053284940486511,0.0725692627764994,0.0758923425759791,0.0369085963671177,0.5386394056160203
99,99.0,0.0482407979870745,0.0741783374097033,0.0998664808226661,0.0528497530963143,0.0721825366167689,0.0757102313734481,0.0367940935570314,0.5401777691369933
100,100.0,0.0480292444957005,0.0739995222393602,0.099784181092522,0.0523561897898885,0.0722099012071758,0.0753968416642815,0.0366705928872584,0.5415535266238127
101,101.0,0.0477934051034302,0.0738127434004728,0.099521821346341,0.0519217211273598,0.0722407558543086,0.0753255729976264,0.0365407361743249,0.5428432439961361
102,102.0,0.0475212656396517,0.0736099006927911,0.0992683568060323,0.0516182900642836,0.0722570953686595,0.0750694049317534,0.0364030129595551,0.5442526735372732
103,103.0,0.0471567623742082,0.0733092880897378,0.0989738898141433,0.0513963866864456,0.0722535983171774,0.0746966097998781,0.0364199289484482,0.5457935359699613
104,104.0,0.0467174962767225,0.0730016944568989,0.0985560691742755,0.0511820089082231,0.0722615282568137,0.0742454761632546,0.0364107479442856,0.5476249788195261
105,105.0,0.046249299896032,0.0728046420552113,0.0982093744287622,0.050802743955552,0.0720914824307507,0.0738291728203775,0.0364133082846225,0.5495999761286916
106,106.0,0.0457202884905005,0.0726032775262087,0.0980005716275198,0.0503363759221392,0.071876967210702,0.0733743941871572,0.0365317611778588,0.5515563638579136
107,107.0,0.045268178736933,0.072406593179875,0.0978276053896649,0.0498314627964921,0.071916254160806,0.0727949149356246,0.0366278400887655,0.5533271507118388
108,108.0,0.0446494289360021,0.0722020080201401,0.0975252559144767,0.0493264492342429,0.0721720281797321,0.0720726167485747,0.0366329853956674,0.5554192275711639
109,109.0,0.0441084612328878,0.0720027951418247,0.0970977602438125,0.0488406838692692,0.0724832791165627,0.0713720969880507,0.0366331623939923,0.5574617610136
110,110.0,0.0435361997538061,0.0719735959905144,0.0964629306918452,0.0485086376856832,0.0727938645773737,0.0706977859713016,0.0365498594585551,0.5594771258709206
111,111.0,0.0431204133454922,0.07200441726014,0.0958373085041241,0.0481680019951026,0.0730664167060168,0.0700923808140281,0.0363695701266029,0.5613414912484932
112,112.0,0.0428546411834363,0.0718212259627005,0.0951748289774933,0.0480307901331005,0.0733220323618699,0.069646266061421,0.0362536337716249,0.5628965815483534
113,113.0,0.0425973474307286,0.071745153998356,0.0944496822538664,0.0479838881701356,0.073516903641121,0.0692033235760149,0.0362745188561908,0.5642291820735864
114,114.0,0.0424233910857667,0.0718091056947214,0.0937374471601195,0.047931420485126,0.0735969845187241,0.0687654584923671,0.0362769064534848,0.5654592861096901
115,115.0,0.042318233283686,0.0718460234029381,0.0929257930227052,0.0480564990122652,0.0735645735459743,0.0683359751843684,0.036270976975896,0.5666819255721663
116,116.0,0.0422190887001253,0.0718803993948156,0.0922158539536813,0.0481858249072239,0.073459940283822,0.0678753023749626,0.0362511466876633,0.5679124436977055
117,117.0,0.0420527029415246,0.071877487933334,0.0913457700878136,0.0483156958060856,0.0733665414973595,0.0674235870176167,0.0362201935724853,0.5693980211437804
118,118.0,0.0418820515919703,0.0717764682714211,0.0906480788145488,0.0483528998410694,0.0734351530125727,0.0669087589164165,0.0361080348159102,0.5708885547360906
119,119.0,0.0417062835537528,0.0717134266533118,0.0900301798875083,0.0483798227909706,0.073454986115175,0.0664323298326598,0.0359802225962594,0.5723027485703618
120,120.0,0.0415087437205912,0.0716364766456872,0.0895598948736592,0.048302044147257,0.0734613022358087,0.0659917466970564,0.0358239976529938,0.5737157940269458
121,121.0,0.0413718982630789,0.0715323442419386,0.0891761044072914,0.048164051168645,0.0730666952434139,0.0656173646541549,0.0356576024849854,0.5754139395364913
122,122.0,0.0412769886389436,0.0716325599463633,0.0886701566122504,0.048007026934274,0.072612126634099,0.0650987777440477,0.0356515909169911,0.5770507725730304
123,123.0,0.0411725498773677,0.071781660617103,0.0881260976575613,0.0478474141624731,0.0721146730605472,0.0645478219976033,0.035620314847391,0.5787894677799527
124,124.0,0.0410512468233475,0.071937641026992,0.087648923144064,0.0475471364197553,0.0716867089073773,0.0640025276911003,0.0356499194741839,0.5804758965131791
125,125.0,0.0409105319871542,0.0720800487369048,0.0872966428665941,0.0472093428926976,0.0712121653329948,0.0634482233216071,0.0357769437808021,0.5820661010812448
126,126.0,0.0408172639670789,0.0722553723297943,0.0869637810579764,0.0468957207657184,0.0707945686243827,0.0629063574053106,0.0358885650991853,0.5834783707505529
127,127.0,0.0407296674723818,0.0724199544775898,0.0866744004225,0.0466315177987759,0.0702566233616587,0.0623849227120583,0.0359911450949278,0.5849117686601072
128,128.0,0.0405995115442175,0.0726566301436201,0.0862546104350201,0.0462928801305133,0.0697891039391909,0.0617786904104895,0.0360770056762814,0.5865515677206665
129,129.0,0.0404717405839592,0.0729789917474853,0.0858526915311745,0.045912681030896,0.0693320777244338,0.0612399848532608,0.0361391884256602,0.5880726441031295
130,130.0,0.0403248806419583,0.0732788553423433,0.08577861046357,0.0455229590046945,0.0686847591027068,0.0607309788335231,0.0360336393354505,0.5896453172757528
131,131.0,0.040146811983436,0.0736201780452637,0.0857341341852516,0.0450346608032335,0.0680433288306562,0.0601619096863529,0.0361727479059394,0.5910862285598661
132,132.0,0.0400170285591144,0.0739079633976678,0.0857343503441706,0.0445491316123938,0.0672208138819244,0.05962926043943,0.0362927291169679,0.5926487226483306
133,133.0,0.0399786751115278,0.0742199907548759,0.0855259565546579,0.0440067141440034,0.0664058200227523,0.0590856475343729,0.0363835829123917,0.5943936129654176
134,134.0,0.039932013697577,0.0745359010668555,0.0853125424066885,0.0433116082910524,0.0655739113955284,0.0585675529133625,0.0364486604989659,0.5963178097299694
135,135.0,0.0399263929862149,0.0747679741717468,0.0850810928067941,0.0426233251714088,0.0647298200018435,0.0580510652155375,0.0364840840366554,0.5983362456097987
136,136.0,0.0399156435849953,0.0748650425438521,0.0846595270111057,0.0420067340081723,0.0638920208532946,0.0575690401235762,0.0364957036902461,0.6005962881847572
137,137.0,0.0398842110993687,0.0749912819925589,0.0842972893748546,0.041563179458251,0.0630827615175621,0.0571147499824871,0.0364788989185201,0.6025876276563973
138,138.0,0.039829440150986,0.0751281042551939,0.0838685704691727,0.0411937843084551,0.0623290481873099,0.056692831805045,0.0364370321436443,0.6045211886801928
139,139.0,0.0397576892802698,0.0751825431841767,0.0835143407312565,0.0407654435150894,0.0615429929296743,0.0561740734594694,0.0363725206925968,0.6066903962074666
140,140.0,0.0395395483081636,0.0752380299986126,0.0832121734673603,0.0403588251616137,0.0607884339969208,0.05557483203414,0.0362911408996351,0.6089970161335536
141,141.0,0.0394797717064442,0.0752669900854926,0.0830238554503082,0.0399711542115454,0.0601344581875003,0.0549461838350491,0.0361906461742717,0.6109869403493882
142,142.0,0.0394592004546013,0.0754338924357047,0.0829744863721616,0.0397779369378025,0.0594575232007597,0.0541240435377541,0.0361682189169781,0.6126046981442379
143,143.0,0.0394290981875092,0.0755101925539415,0.0829746991477921,0.0395958221783204,0.0588025703790045,0.0533418789952024,0.0361276776375037,0.6142180609207262
144,144.0,0.0394376072358574,0.0754930369724044,0.0828814328291523,0.0394379930100527,0.058170518382925,0.0525905997323057,0.0360702505619195,0.6159185612753829
145,145.0,0.0393030325647609,0.0753317358801536,0.082679389042456,0.0395896201239196,0.0576018761751839,0.0517623940829458,0.0359706228124581,0.6177613293181219
146,146.0,0.0393101961727991,0.0748838061531169,0.0823952715208008,0.039773676773796,0.0570691349556876,0.050943144032571,0.0358651695238026,0.6197596008674258
147,147.0,0.0393102932057845,0.0746564175657465,0.0820566067063111,0.0398904385187239,0.0563990831962495,0.0501312306578612,0.0357571040076155,0.6217988261417076
148,148.0,0.039253442654655,0.0743298902559285,0.0817207393147412,0.0399581748074771,0.0557458165154153,0.0493418815111109,0.035684648838472,0.6239654061021999
149,149.0,0.0391669514685465,0.0740110516932006,0.0812753405772423,0.0402515356208431,0.0551162492442002,0.0485670078955701,0.0355009740166109,0.6261108894837862
150,150.0,0.0390650822609485,0.0736274767613049,0.0809225038890502,0.0404703909239581,0.0545381431710403,0.0479665278240811,0.0353277488413674,0.6280821263282493
151,151.0,0.0389415428253611,0.0732744885402636,0.0806089246115979,0.0406919973562575,0.053941008473789,0.047472057678807,0.0351469011635108,0.6299230793504129
152,152.0,0.0387831425959888,0.0728713282000161,0.0801710283080743,0.0409389732845529,0.0534494084857639,0.0470655111847728,0.0349857556194895,0.6317348523213415
153,153.0,0.0385918735604972,0.0723997912326461,0.0797531026908008,0.0411994720003773,0.0529707195610134,0.0467346786763243,0.03486597929784,0.6334843829805006
154,154.0,0.0383666842950733,0.0716784758215572,0.0793003608134392,0.041524683328803,0.0525392795010902,0.0466181684702423,0.0348058052832042,0.6351665424865902
155,155.0,0.0381416350390947,0.0709202752057369,0.0787723540176295,0.041896912532508,0.052147751389376,0.0464735288084818,0.034759997412941,0.6368875455942319
156,156.0,0.037873333411496,0.0701338956233529,0.0782563415564573,0.0422524169439264,0.0517957545336903,0.0463638681090999,0.0346642427983357,0.6386601470236413
157,157.0,0.0376118303988683,0.0692893317273892,0.0777595582686505,0.042622562575376,0.0515311271053207,0.0462946622422109,0.0346268474453055,0.6402640802368786
158,158.0,0.0373544585344182,0.0684466564381295,0.0772610534252711,0.0430077615567603,0.0513125211183436,0.046271539367379,0.034611807208503,0.6417342023511953
159,159.0,0.037100095229418,0.067813259185204,0.0767750185408977,0.0434323879199466,0.0510528733921353,0.0462784944074489,0.0345926559804972,0.6429552153444523
160,160.0,0.0367883457377251,0.0673066434227483,0.0763097677264549,0.0438053958662219,0.0508753392611401,0.0463127534808122,0.0345656760025846,0.6440360785023128
161,161.0,0.0365038166270997,0.0668251382502348,0.0759166572544325,0.0437270115609328,0.0506463576240342,0.0464041192120517,0.0345148376705481,0.6454620618006661
162,162.0,0.0362783585515944,0.0662192971429547,0.0754724090859548,0.0436006242117583,0.050384247877478,0.0465054360160031,0.0344071458466367,0.6471324812676199
163,163.0,0.0360233166809039,0.0656259649838068,0.0750236671265002,0.0434067243892685,0.0501074739483956,0.046626878142042,0.0342582877262371,0.6489276870028459
164,164.0,0.0357709773507961,0.0650010886854886,0.0748871420626367,0.0432205881000214,0.0498140832116997,0.046745614231481,0.0340787388666087,0.6504817674912677
165,165.0,0.0355289159364417,0.0643727079464078,0.0747737470062457,0.0430671991321425,0.0495578892336906,0.0468262614289066,0.0338926191125697,0.6519806602035954
166,166.0,0.0352967190741144,0.0637885289251637,0.0747343000953764,0.0428435797331873,0.0493167440712858,0.0471857885565104,0.0337006237414943,0.6531337158028676
167,167.0,0.0350749689697099,0.0632068114759804,0.074809149787823,0.0425109866482985,0.0490650396562432,0.047611309954071,0.03349782895875,0.6542239045491237
168,168.0,0.0348616747303919,0.0626099660458045,0.0745515474796935,0.0422346246915579,0.0487928676908671,0.0481511189901832,0.0333826252642562,0.6554155751072455
169,169.0,0.0346543799044571,0.0620974185207644,0.0742531058628561,0.0419040557637576,0.0485284120946753,0.0486325487890675,0.0332613407204596,0.656668738343962
170,170.0,0.0343816522301625,0.0615994976179825,0.0739859264501087,0.0415944927272578,0.0483097527000814,0.0491759851278347,0.0331373373923764,0.6578153557541957
171,171.0,0.0340663051891774,0.0611243025354389,0.0735819963247702,0.0412593424962491,0.0481184619875082,0.0496355782507179,0.0330025872174738,0.6592114259986643
172,172.0,0.0337624754041449,0.0607128344058048,0.0732601916166487,0.0408958991724202,0.0479057542929125,0.0500566515080447,0.0329121514961431,0.6604940421038806
173,173.0,0.0334665830790339,0.0603198854704252,0.0729169925764125,0.0405233165387753,0.0476982685816955,0.0504950846402711,0.0328157111681019,0.6617641579452841
174,174.0,0.0331840848882722,0.0599241745695145,0.0726963789573572,0.0402160906472326,0.0475003513892934,0.0509053789071926,0.0328078543615167,0.6627656862796203
175,175.0,0.0329146662470805,0.0595444192617348,0.072401773895426,0.0398540097277095,0.0473387089429133,0.0510718913666086,0.0327909551792021,0.6640835753793248
176,176.0,0.0326208849913723,0.0592689108630941,0.0719781387379241,0.0394289734791419,0.0471964250858251,0.051254475303658,0.0327768041726644,0.6654753873663198
177,177.0,0.0323559457440031,0.0589914908183818,0.0715582183539053,0.0390225633509253,0.0471296889431138,0.0512466249949558,0.0327605353300858,0.6669349324646286
178,178.0,0.0321308017103041,0.0587252823317691,0.0711335060128454,0.0386241201531487,0.0470288625027117,0.0511632752010049,0.0326579210735685,0.6685362310146472
179,179.0,0.031965241614825,0.0584763244322107,0.070741703503902,0.0382242697654724,0.0469256639809813,0.0510475037309271,0.0326195309401412,0.6699997620315397
180,180.0,0.0318909238465252,0.0581916475325805,0.0703146692619347,0.0377426164582055,0.0468249315741064,0.0508285977468747,0.0324799932763269,0.6717266203034455
181,181.0,0.0318146141384945,0.0578926050686532,0.0698688423154437,0.037227739805221,0.046731028079165,0.0507422954245679,0.0323741071486806,0.6733487680197736
182,182.0,0.0317239589939619,0.0575727272790389,0.0694630282003545,0.0366390943791787,0.0467110364053681,0.0506266500290729,0.0322470649769227,0.6750164397361017
183,183.0,0.0316573561496199,0.0572816394938079,0.0688402641100721,0.0361229710463034,0.0467172171738101,0.0504113680835613,0.0320976631775413,0.6768715207652835
184,184.0,0.0315455869355452,0.0569664312699128,0.0682372830601011,0.0357586940746322,0.0467140812837243,0.0501643483051622,0.0319368871338314,0.6786766879370901
185,185.0,0.0315853293675382,0.0566404189583739,0.067647519826301,0.0354117123225532,0.0466158798652524,0.0498916130821684,0.0317676014055755,0.6804399251722368
186,186.0,0.0316310581156773,0.0563794514875157,0.0670637533038775,0.0350295735372064,0.0464691006509752,0.049711344819553,0.0317298693310707,0.6819858487541237
187,187.0,0.0316581231123162,0.0562197796513514,0.0667500481897424,0.034656590508543,0.0463064611858658,0.0494953819747436,0.0316788156679651,0.6832347997094718
188,188.0,0.0317140569526796,0.0560696237299404,0.0663392899918301,0.0343772384475821,0.0460072851258337,0.0493333834742876,0.0316413806068709,0.6845177416709749
189,189.0,0.0317650027247321,0.0559696262972143,0.0659947607304205,0.034115119768977,0.045706672291696,0.049000862115703,0.0316505206404029,0.6857974354308535
190,190.0,0.03175388406364,0.0558184502133897,0.0656868130842504,0.033857544675782,0.0454752466107593,0.0486463380797052,0.0316424455826442,0.6871192776898286
191,191.0,0.0317382023063478,0.0556607440739817,0.0654710606253177,0.0336104744176086,0.0452645442486317,0.0482824034974166,0.031624161806705,0.6883484090239903
192,192.0,0.0316697394579655,0.0553982118142928,0.065327136499715,0.0333811370430935,0.0450622459969348,0.0479148106953356,0.0316203187148416,0.6896263997778206
193,193.0,0.0315823093515116,0.0551461621476711,0.065228973072639,0.0331575809327101,0.0448580268164995,0.0475370955207129,0.0315935974222214,0.6908962547360338
194,194.0,0.0314943949524634,0.0549995406602597,0.0650186007344122,0.0329576988462749,0.0446574548404196,0.0471658923285603,0.0315638946482324,0.692142522989377
195,195.0,0.0313994364641147,0.0549500957280779,0.064767620262738,0.0327829324210107,0.0443805909231486,0.0468312969160819,0.031526934814257,0.6933610924705707
196,196.0,0.0312939138330754,0.0550045906210044,0.0645492984132785,0.032612243801361,0.0441305283726939,0.0465349756130642,0.0314800082806575,0.6943944410648645
197,197.0,0.0312339074786335,0.0551283650080319,0.0643242570606811,0.0324592043926909,0.0438528496283643,0.0461552806741783,0.0313006635129662,0.6955454722444532
198,198.0,0.0311710456083538,0.0553055932310226,0.0641127788653743,0.0322619992362371,0.0435372355632918,0.0457837090929853,0.0311200105258065,0.696707627876928
199,199.0,0.0310948205138618,0.0555191872752001,0.0638942070881073,0.0320523288060953,0.0432305080221899,0.0454249000911399,0.0309724318388082,0.6978116163645968
200,200.0,0.0309770830816734,0.0557194996463156,0.0637562649294996,0.0318934709658716,0.0429304039932302,0.0450170984199109,0.0308209768145411,0.6988852021489569
201,201.0,0.030865555438076,0.0560142899046946,0.0635256852866023,0.0317413535435395,0.0425469652152547,0.0446651698072326,0.0306682668818912,0.6999727139227084
202,202.0,0.0307258562806587,0.0562056318066952,0.0632554311429963,0.0316870962249751,0.0421820307351869,0.044229881917432,0.0305262121722299,0.7011878597198252
203,203.0,0.0305588526677318,0.0563857090930555,0.0629833380094614,0.03163997529984,0.041825143491093,0.043810108390862,0.0303455234569709,0.702451349590985
204,204.0,0.0303044686620291,0.056623320277584,0.0626992748210764,0.031565487322648,0.0414430844176374,0.0434222231759273,0.0301737011934223,0.7037684401296748
205,205.0,0.0300686586678372,0.0569235188183366,0.0623723257389146,0.0315534577720235,0.0410209925042343,0.0430597636188959,0.02996993119484,0.7050313516849174
206,206.0,0.0298622533668595,0.0571158794314007,0.0620467662614415,0.031547764274597,0.0406667008216586,0.0426432308085569,0.0297680403857607,0.7063493646497244
207,207.0,0.0296018909923385,0.0572515009206742,0.0617461657185584,0.0315913541121608,0.0404320304064669,0.0422519111467274,0.0295660608199456,0.7075590858831278
208,208.0,0.0293632348047591,0.0573112401601166,0.0614440507725813,0.0316271350717308,0.0402023695704616,0.0418725960584035,0.0294262342545043,0.7087531393074424
209,209.0,0.0291336429278231,0.0574905389126324,0.0611922939083733,0.0316667073952735,0.0399937795509636,0.0415246280000333,0.0292913339978953,0.7097070753070052
210,210.0,0.0289117960809201,0.0576317780764742,0.060917415587189,0.0317601577317126,0.0398056635559775,0.0410863320177588,0.0292000139762281,0.7106868429737394
211,211.0,0.0286880460564864,0.0577385646339703,0.0606749092740327,0.0318250165257941,0.0396092864512913,0.0406775066094884,0.0290541010751643,0.711732569373772
212,212.0,0.0284269948582587,0.0578531513130268,0.0603277268754552,0.0319137795419747,0.0393732585842021,0.0402916344157546,0.0289316443663,0.7128818100450276
213,213.0,0.0281690382956173,0.0579146414767708,0.0601268606833975,0.0319924239975886,0.0391584803426671,0.0400292685553227,0.0288328261280543,0.7137764605205815
214,214.0,0.0278721416013831,0.0580177429788684,0.0599904524976385,0.032074743015226,0.0389488910720088,0.0397540634500885,0.0287538118914942,0.7145881534932923
215,215.0,0.0275702315446194,0.058187090888353,0.0599528510302376,0.0321539118759068,0.0387595382135199,0.0395390526790619,0.0286974989917138,0.7151398247765876
216,216.0,0.0273018883256712,0.0583256622178278,0.0599747471540351,0.032270079543372,0.0386289685711527,0.0393496214615828,0.0286818941090262,0.7154671386173322
217,217.0,0.0270470221367122,0.0584826221811118,0.059987377859356,0.032360594349898,0.0385471037460874,0.0391928799819999,0.0286727114142648,0.71570968833057
218,218.0,0.0267999044391126,0.0586275348952786,0.0600793113347678,0.0324515538971642,0.0384450829382599,0.0390459795535513,0.028655372149438,0.7158952607924276
219,219.0,0.0265640946717325,0.058797225615688,0.0603350399873832,0.0324765835875591,0.0383458574839607,0.0388477595135126,0.0286335351708006,0.7159999039693634
220,220.0,0.0263095150810322,0.0589367514814605,0.0606880634249449,0.0324888353104546,0.0383911180896086,0.0386558457723769,0.0286102862936709,0.7159195845464515
221,221.0,0.0260714490511246,0.0590117503650604,0.0610468295576875,0.0325398236535853,0.0383840375306849,0.0384595485153741,0.0285528582903264,0.7159337030361568
222,222.0,0.0258450347577379,0.0590989280079979,0.0613393666424181,0.0325723301452987,0.0383756115820183,0.0382722287363442,0.0285350011640902,0.7159614989640948
223,223.0,0.0256449541662245,0.0591380709231203,0.061689576123261,0.0325744978873464,0.0383256483241812,0.0380700313601444,0.0285301650453013,0.7160270561704208
224,224.0,0.0254717351190814,0.0590620918074122,0.0620724096620458,0.032569217227855,0.038243442900522,0.0378301689898286,0.0285617106403669,0.716189223652888
225,225.0,0.0253070024242336,0.0589490331369409,0.0624032485977037,0.0325397901256208,0.0381567393209805,0.0376101472022982,0.0285521202936664,0.7164819188985561
226,226.0,0.0251535627505661,0.0588761965876812,0.0626504913670047,0.0325426236701788,0.0380638929039361,0.0374451107847598,0.0285383688281995,0.7167297531076737
227,227.0,0.0250376543922731,0.0587844805514152,0.0628790877010293,0.0324987725148029,0.037993490350401,0.037336439674443,0.0284911539243273,0.7169789208913081
228,228.0,0.0250478795453681,0.0587197311282696,0.0630994321849568,0.0324943088965438,0.0378899993046608,0.037242016134914,0.028365584742021,0.7171410480632656
229,229.0,0.0250857305844143,0.0586583325975197,0.0632535359166194,0.0324816479686489,0.0378740525363269,0.0371582229796175,0.0282441877064121,0.717244289710441
230,230.0,0.0251331527340368,0.0585355356231204,0.0634247620434279,0.0324110293716132,0.0378820852725589,0.0370875656416928,0.0281199439168,0.7174059253967497
231,231.0,0.0251886112776166,0.0583952728430313,0.0634949038422942,0.0323995307862627,0.0378929907541544,0.0370255598825208,0.027997852195196,0.7176052784189236
232,232.0,0.0252508072379029,0.0582467617065477,0.0636317947876726,0.0323844576341342,0.0379116610701531,0.0369359623703474,0.0278779905207852,0.7177605646724566
233,233.0,0.0253049759472723,0.0579873801119813,0.0636571850489778,0.0323938449835666,0.0379654229203016,0.0368457220970421,0.0277803557561665,0.7180651131346913
234,234.0,0.0253635343158348,0.057757145739763,0.0636698512918978,0.0324556363507061,0.0380187189850116,0.0366521516163425,0.027713192089302,0.718369769611142
235,235.0,0.0255033515023356,0.0575900097363483,0.0635792709143747,0.0325879743362406,0.0381066906854269,0.0365015980597246,0.0276442652638294,0.7184868395017197
236,236.0,0.0256268296182887,0.0574211543031875,0.0636466194613602,0.0327164965542186,0.0382037365337098,0.0363440986228034,0.0275049854644196,0.7185360794420118
237,237.0,0.0257827147773478,0.0572788271192556,0.0638169603265425,0.0328389562724053,0.0382659059698838,0.0362045678728022,0.027476785793771,0.7183352818679913
238,238.0,0.0259371352975453,0.0571305669254589,0.0638856063354445,0.0329495497347835,0.0383379230174699,0.0360299698741716,0.027497246947842,0.7182320018672841
239,239.0,0.0261027393070846,0.0568677236419251,0.063989895025618,0.0330659700798138,0.0384151245016202,0.0358745683212911,0.0275299512206726,0.7181540279019741
240,240.0,0.0263656856902249,0.0566009712576224,0.0640715907111697,0.0332027037243377,0.0384620727559269,0.0357288841141698,0.0275624823580628,0.7180056093884855
241,241.0,0.0265974138079792,0.0563840453107527,0.0640362208751092,0.033430839528108,0.0384181056838435,0.035609835520659,0.0276026566796334,0.7179208825939146
242,242.0,0.0268377425894274,0.0561420798676294,0.0638547220451885,0.0336229000112184,0.0383177536780734,0.035516431986643,0.0276849740168422,0.7180233958049775
243,243.0,0.0270570463654687,0.055826592584564,0.0636551924200462,0.0338861554813071,0.0381822374829311,0.0354362273938042,0.027763570187426,0.7181929780844525
244,244.0,0.0272563767675734,0.0555532621222945,0.0634172102206254,0.0341265313005526,0.0380402358249498,0.0354094957957613,0.0278351277233132,0.7183617602449296
245,245.0,0.0274357538605671,0.0552426936056869,0.063135258006145,0.0343563907911314,0.0378857232091795,0.0353428827418614,0.0278983616269693,0.7187029361584591
246,246.0,0.027611178594539,0.0549613306310861,0.0629885143312355,0.0345682474026657,0.0377323461930173,0.0353147294423088,0.0279958290610238,0.7188278243441237
247,247.0,0.0277390151986184,0.0548087409521637,0.062880358321607,0.0347598370986626,0.0375729746531852,0.0352353789331314,0.0279937687957521,0.7190099260468794
248,248.0,0.0278459827089669,0.0547044941537494,0.0627488017704936,0.0348861008949249,0.0374018950614911,0.0351575661957118,0.0279820454607623,0.7192731137538998
