,Unnamed: 0,Total_iterations,Intertwine_two,Invert_path_vertices,Insert_inside_vertex,Delete_inside_vertex,Replace_inside_vertex,Donate_between_routes,Trim_one_terminal_cb,Grow_one_terminal_cb
0,0.0,0.0,0.125,0.125,0.125,0.125,0.125,0.125,0.125,0.125
1,1.0,0.10900000000000001,0.12345185393963896,0.12458513763570615,0.12381810059866914,0.12399145571849483,0.12624215783772635,0.12602012080068933,0.1237171746727432,0.128173998796332
2,2.0,0.31601,0.12121652729806803,0.12402806811453623,0.12318644892261707,0.12368071715394999,0.127175492862011,0.12636341861958678,0.12170866188558002,0.13264066514365092
3,3.0,0.6191589000000001,0.11856621226533565,0.12328942602413896,0.12224612169176767,0.12359510424882107,0.12814184921015667,0.12658641521587585,0.11971113329229677,0.13786373805160743
4,4.0,1.015801321,0.11571869473250042,0.12275229975735612,0.1212539791079689,0.12320226737878442,0.12984989921540419,0.1269533577878587,0.11722224664568949,0.14304725537443783
5,5.0,1.50262148669,0.11292092400260223,0.12212321069474316,0.12016332512269788,0.12238384891391751,0.1312520575346028,0.12798148160329698,0.11448066402693093,0.14869448810120858
6,6.0,2.0757334209441005,0.110158168161589,0.12179518033043918,0.11828062516112864,0.12107599700543542,0.13303470701044776,0.12883757615626124,0.1114665367993568,0.15535120937534208
7,7.0,2.7307768275633495,0.10725354682146272,0.12188537875916217,0.11617359930161614,0.1197493017166336,0.1341031421396588,0.13050514387550907,0.10790959756194804,0.16242028982400958
8,8.0,3.4630081252450404,0.10414383556079485,0.12251312816957981,0.1141339116573922,0.11849755138952049,0.1342061073308909,0.1324726261105678,0.10420513893522033,0.16982770084603374
9,9.0,4.2673862119061114,0.1008347030165477,0.12354493567600994,0.11231020944000278,0.11723087773954602,0.13351471084756075,0.13456123107861218,0.10057634154399592,0.17742699065772485
10,10.0,5.138652627782014,0.09747841121506962,0.12446064329536127,0.11063986614477833,0.11589507255074225,0.1330715856808668,0.136353698476813,0.09692508656452714,0.18517563607184173
11,11.0,6.071405875792507,0.0944550848759234,0.12541979929771943,0.1088266714726372,0.11492331733570808,0.1322764005431437,0.1384339686954586,0.09318812031233176,0.19247663746707794
12,12.0,7.060169740244025,0.092091737082223,0.12704148985042657,0.10720806719705016,0.11322910662424866,0.13143321879061887,0.13986743416894054,0.08945983028811309,0.1996691159983792
13,13.0,8.099455520847952,0.08971301505881335,0.12833801335870543,0.10591428353504471,0.1114840847897525,0.13069760227760419,0.14133977698995798,0.08553349622235089,0.20697972776777107
14,14.0,9.183818168183006,0.08730335828783528,0.12921210390952664,0.10526306983654672,0.1097096683726229,0.13073570268874143,0.14245343020668622,0.08163619850222333,0.21368646819581752
15,15.0,10.307906369102724,0.08523542837109396,0.13034216627946413,0.10451546627536211,0.10749226135214292,0.13048292054609656,0.1434552561218244,0.07785537717704447,0.22062112387697153
16,16.0,11.466506686239443,0.08355370608457233,0.1310410994600102,0.10418669886026559,0.10523757155582131,0.1302857973825823,0.14380330032307376,0.07421568006810098,0.22767614626557361
17,17.0,12.654581904800096,0.0819501382100964,0.13196776501168214,0.10417931232747721,0.10297162907867634,0.130146638544374,0.14387605402726478,0.07073784322149045,0.2341706195789388
18,18.0,13.867303782456686,0.0809491334088952,0.1330773237183983,0.10446727851403517,0.10068429244112563,0.12973059910710727,0.14367757857986893,0.06724885721814244,0.24016493701242714
19,19.0,15.100080434523047,0.07956609193641648,0.13399217983613568,0.10495411277897952,0.09842211644685113,0.12920022379726848,0.14363461846699616,0.06400201969669006,0.2462286370406626
20,20.0,16.348578617037543,0.07815995154819938,0.13442295373067706,0.10600488274273395,0.0964640217739646,0.12870390744617285,0.14314505372726838,0.06091574875236751,0.2521834802786164
21,21.0,17.608741195130214,0.07681763468946462,0.13433256413002095,0.10686539617325426,0.09510646691947298,0.1281086687095131,0.14231066385879731,0.058138969075738206,0.2583196364437387
22,22.0,18.876800103462312,0.0755237081317522,0.13384122064020346,0.10749825901130272,0.09371656575195539,0.12780112178156885,0.14155555650650808,0.055558345577069436,0.26450522259963993
23,23.0,20.14928511992658,0.07427116951963032,0.13279567805793305,0.10824487224830596,0.09224672746809767,0.12801593414448512,0.1411761232303631,0.05305578769893094,0.2701937076322539
24,24.0,21.423028783545156,0.07276118119422942,0.13159960626482606,0.10845298720350917,0.0908192196917646,0.1277954634525791,0.14085162489595776,0.051015080177713674,0.2767048371194203
25,25.0,22.695167792966423,0.07138878950736068,0.12999731560984956,0.10864372291557138,0.08953307703231511,0.1272396948859862,0.14018283383547459,0.04893174630437087,0.2840828199090717
26,26.0,23.963141223515898,0.07005582000123439,0.12820794158714982,0.10879179365524094,0.08856650397663539,0.1268175012709769,0.1393915426035312,0.04701128858049722,0.29115760832473414
27,27.0,25.224685898775267,0.06883714215500875,0.12610309104999284,0.10883106422166758,0.08719853132313364,0.12658778992355554,0.13904382025841036,0.04551621494564279,0.2978823461225885
28,28.0,26.477829247520948,0.06766627822594068,0.12387261140699575,0.10921578653388252,0.0859370511503564,0.126175280801884,0.13869373126551818,0.044186148269838625,0.3042531123455839
29,29.0,27.720879968916847,0.06656752163744192,0.1217914839589879,0.10927034706785346,0.08493748894566157,0.12565483238920794,0.13870445186704342,0.04285843192140329,0.3102154422124005
30,30.0,28.95241681848399,0.06569472111606445,0.1197265827281333,0.10960909906217706,0.08424116931093145,0.12456170719860445,0.1390032821258472,0.04175655907138707,0.315406879386855
31,31.0,30.17127581490958,0.06515178025788985,0.11784169159523092,0.11016940000864174,0.08326115241453483,0.12354717608848367,0.13918779275002896,0.040910960822421794,0.31993004606276826
32,32.0,31.376536153543515,0.06488861302764189,0.11610216101432055,0.11055050889972928,0.08217082368529054,0.12269628594167147,0.13902206771968614,0.040315043218309435,0.32425449649335075
33,33.0,32.567505096778625,0.06462819801371153,0.11415713031395561,0.11165301159718209,0.08126944590774589,0.12168058227292754,0.13844690204267845,0.039858304007824044,0.32830642584397485
34,34.0,33.74370209472243,0.06465302467975267,0.11222264329483908,0.11249379168273024,0.08051047114142153,0.12063813468802123,0.1375892121408509,0.039521369147218405,0.3323713532251659
35,35.0,34.90484237192463,0.06461296805297669,0.11018787193440141,0.11335163456194039,0.07968038874465938,0.11948588744645153,0.13663176128002616,0.03944378382174222,0.3366057041578022
36,36.0,36.05082019768737,0.06466198910112733,0.10767336676673957,0.11424616535098844,0.07862744261433112,0.11806749089831113,0.13596955668489,0.039532660463749744,0.3412213281198627
37,37.0,37.18169203889697,0.06497023703008176,0.10488536607233075,0.11556743297252688,0.07787930809135636,0.11661557956580985,0.1352852482439155,0.03964245841465649,0.3451543696093224
38,38.0,38.29765977559663,0.06525814312685278,0.10235109138468595,0.11677815441269782,0.07716040818384756,0.11535044496841218,0.1343514451044477,0.04000423157201266,0.34874608124704337
39,39.0,39.399054140870355,0.06552615958485149,0.10031316234903584,0.11770251838626222,0.07645770168725628,0.11404949703880579,0.13345669508176058,0.040389079773639154,0.35210518609838865
40,40.0,40.48631852820801,0.0657876240790963,0.09837221173278435,0.11855150423871283,0.07567191317092159,0.11306600479463855,0.1325528099367281,0.040820032986300894,0.3551778990608174
41,41.0,41.55999329152982,0.06584055992907989,0.0965303268380338,0.11939507690466328,0.0748287378331301,0.11227436105817781,0.13124750994146206,0.04129864098693428,0.3585847865085188
42,42.0,42.62070064560415,0.06585378400161887,0.09483650901780831,0.11990759359465235,0.07402065296255125,0.11145185197491173,0.13028897117547897,0.04179773373302064,0.36184290353995796
43,43.0,43.669130257815,0.06590046147771275,0.09319347661201965,0.12030332281958747,0.07302390502747297,0.11088278121929052,0.1289585269444381,0.04232314019300835,0.3654143857064703
44,44.0,44.70602560622662,0.06562543389878958,0.09184575814555554,0.12058821968495687,0.07208438971698658,0.11035769006276677,0.1275525244684199,0.04298212644534022,0.36896385757718464
45,45.0,45.73217116373481,0.06528450884145016,0.09056200094426856,0.12084944058051059,0.07125522487845885,0.1096335271831971,0.12604659661325937,0.043760588501729016,0.3726081124571264
46,46.0,46.748380453854836,0.0650990975340668,0.08923868141704078,0.12106270382361237,0.07013044256577172,0.10904028678114586,0.12448935916366781,0.044800112722328166,0.37613931599236655
47,47.0,47.755485010424316,0.06487081771982427,0.08831716720701716,0.12117035600758132,0.06890040157186338,0.10817255000918978,0.12335383563463667,0.045813938158356424,0.37940093369153105
48,48.0,48.7543242612326,0.06464399085848874,0.0876914380799081,0.12127162546334547,0.06771537987362859,0.10703815424903333,0.12226941354490567,0.046864717156884436,0.38250528077380574
49,49.0,49.745736344347726,0.06424226128128174,0.08732550367051167,0.12115527520565256,0.06659223522709581,0.10592530829824841,0.12126423764058633,0.047863574979365,0.3856316036972586
50,50.0,50.730549855707864,0.06370333105855082,0.08720291471482704,0.12083604957824122,0.06554695484101931,0.10476856856863695,0.12032520664872358,0.048847325537529455,0.3887696490524717
51,51.0,51.70957651737491,0.06320874815288814,0.08707678442138912,0.12016849950913865,0.06469150477274602,0.10376086279816897,0.11935924763740706,0.04970434412074318,0.39203000858751896
52,52.0,52.68360474770151,0.06254990683404979,0.08705339277310732,0.11944822218537982,0.06404367216919077,0.10290345514149285,0.11849090796359385,0.05030994517430118,0.39520049775888455
53,53.0,53.65339410751842,0.061966547092969344,0.08694486698300949,0.11854419217591261,0.06358166826605816,0.1021992163829513,0.1175308823229606,0.050841487156679514,0.3983911396194591
54,54.0,54.61967059027847,0.06124956550216709,0.08684747487611236,0.1178925448229461,0.06331594948484916,0.1014221292036644,0.11648302646966574,0.05120561928105219,0.401583690359543
55,55.0,55.58312271885972,0.06069049048802508,0.08677923245015134,0.11723771355923279,0.06307360682087539,0.1004995340196583,0.11538421810264354,0.05168692462581729,0.40464827993359626
56,56.0,56.544398407394254,0.06005317706675936,0.0870006925802102,0.11677863713106539,0.06295654178386388,0.09970397974847613,0.1137141030775366,0.05180373406645591,0.4079891345456325
57,57.0,57.504102543001395,0.059389980186752726,0.08730811198612778,0.11627248009286342,0.0628925673065959,0.09922837810830469,0.11217596610137784,0.051821761815234686,0.4109107544027429
58,58.0,58.462795239617805,0.05884297565497453,0.08754299498767465,0.11555050785643989,0.06276807851186761,0.09880949869701364,0.11072061304506908,0.05173356406936948,0.41403176717759105
59,59.0,59.42099071417639,0.05830296352459,0.08787686092703702,0.11470050638781523,0.06286778366509878,0.098498737028499,0.10923934644654469,0.051585092646850204,0.41692870937356497
60,60.0,60.379156734137354,0.05772585621556526,0.0881594859485242,0.1135456508749473,0.0629003382749484,0.09835219737104747,0.10786012029790157,0.05130390465148929,0.4201524463655764
61,61.0,61.337714584760846,0.057084795058529134,0.08855723171843942,0.11241261206626557,0.0630156212783872,0.09797797409327104,0.10659797501072843,0.051018506097311976,0.42333528467706716
62,62.0,62.29703950447439,0.05635141160193949,0.0892614424260679,0.11133341296098852,0.0632736790186823,0.09714522269618675,0.10517489633019259,0.05064979810020825,0.4268101368657341
63,63.0,63.257461537171835,0.05588114276902006,0.0897073188102798,0.11039933573364705,0.06332578600206186,0.09646924482816785,0.1038904900375337,0.05026697091714727,0.4300597109021423
64,64.0,64.21926675122782,0.05543810391717016,0.08941643893944164,0.10963389236645667,0.06337271149221418,0.09596926022436836,0.10262865512608917,0.04981558433808986,0.43372535359616987
65,65.0,65.18269877636592,0.054934759370917505,0.08924641879299136,0.1088009597070019,0.06313797378756753,0.09583670355342776,0.10168167996847362,0.04912902636588176,0.43723247845373847
66,66.0,66.14796061122655,0.05436781906752087,0.08895935101193966,0.10797887221275379,0.06281841215842701,0.09564224297625754,0.10058439944261574,0.04854662218653242,0.4411022809439528
67,67.0,67.11521665648885,0.05382928585112596,0.08862091212960592,0.1071777246283399,0.0624716693437898,0.0955667345737919,0.09933733689882467,0.048020292566385625,0.4449760440081361
68,68.0,68.08459493066005,0.053217740033315884,0.08868266470929444,0.1062826188945545,0.06202104671125989,0.09517845090807879,0.09810813627680001,0.0475666962025922,0.4489426462641042
69,69.0,69.05618942810752,0.05265729933525591,0.08851287545919981,0.10550662348688537,0.061619188539194104,0.09460604693229337,0.0966611276316678,0.04710562699656466,0.4533312116189388
70,70.0,70.03006258152917,0.052101038743884706,0.0886484148470307,0.10455594883034627,0.06120176884583412,0.09415245058324828,0.09524623552551437,0.046555393155113374,0.457538749469028
71,71.0,71.00624779379335,0.05155757514143006,0.08868386666943257,0.10369323661766613,0.06065987235251604,0.093600496433248,0.0939101647236156,0.04608831249116241,0.461806475570929
72,72.0,71.98475200689319,0.05111704035458094,0.08860561889639086,0.10296794211983866,0.060059631307421986,0.09273742164372463,0.09261785960746646,0.045819966703860904,0.46607451936671546
73,73.0,72.96555827861411,0.050673553476197494,0.08844501136221389,0.10210601613475731,0.0594388766498206,0.09211386777558096,0.09159071892907636,0.04547583694854544,0.4701561187238078
74,74.0,73.94862834037681,0.05009886486034749,0.08811475160042334,0.10144533513479335,0.059012528259532904,0.09146900056911852,0.09068113017988726,0.04524095514432427,0.47393743425157275
75,75.0,74.93390511255946,0.04953181696445552,0.08765899518743736,0.10094361725647874,0.05857130192934487,0.09062807999853009,0.08959216254828647,0.04536013119265466,0.4777138949228122
76,76.0,75.92131515639825,0.04897452553311394,0.08727964866060602,0.10047551976686497,0.0580973821238983,0.08997528681436154,0.08850495518123157,0.04541222777369927,0.4812804541462243
77,77.0,76.91077104428919,0.04845585040202903,0.087057658178188,0.10009487128449941,0.05780475711152431,0.08914634033276327,0.08749963367576795,0.04536894509055546,0.48457194392467245
78,78.0,77.90217363294813,0.048078492141450324,0.08659820037549978,0.0998837109890264,0.057511076283027374,0.088478683748581,0.08666102283650326,0.04517057984472999,0.4876182337811817
79,79.0,78.89541422641172,0.047740735983802345,0.08631032614111049,0.09972260874945693,0.057212961889493444,0.08794110305222456,0.08583498370686554,0.04455328454359691,0.4906839959334496
80,80.0,79.89037661826481,0.04734901401411499,0.08612869594063385,0.099606304166796,0.05699672520363823,0.08732818532749728,0.08509235797829486,0.04390694342407074,0.4935917739449539
81,81.0,80.88693900474995,0.0471065330202341,0.08570960972749589,0.09967010037429888,0.0569082327642768,0.08629278650197889,0.08401084168206785,0.043314406701761385,0.49698748922788605
82,82.0,81.88497576253909,0.04703371007579388,0.08523311465360334,0.09962587979969494,0.05676194585733088,0.0851709083691904,0.08291309936785932,0.04268854476716862,0.5005727971093584
83,83.0,82.88435908692391,0.04689881237495051,0.08465490664994248,0.09959847424296903,0.05667325655846243,0.0840618200615751,0.08191405574394435,0.04205892867226692,0.504139745695889
84,84.0,83.88496048800103,0.04671826316134093,0.0841345097205957,0.09971231086000812,0.05654023783009032,0.08286799933432605,0.08095372570475888,0.041535023759856855,0.507537929629023
85,85.0,84.88665214409042,0.04667244548362912,0.08359068883422067,0.10008938205720223,0.05634725355674771,0.08169021849133787,0.0799714036972487,0.040935696716467615,0.5107029111631459
86,86.0,85.88930811312994,0.046596169692341455,0.08296674558663619,0.10043311743375839,0.056312448502952375,0.08047083139606397,0.07947499181662791,0.04032083791838326,0.5134248576532363
87,87.0,86.89280540413424,0.04659597255089963,0.08228239120366583,0.1006797571991006,0.05624504412545341,0.07926815257074495,0.07898464773520927,0.03970395241219342,0.5162400822027328
88,88.0,87.89702491199675,0.04661197380443377,0.0813811677205305,0.10089284160506048,0.056115128404030074,0.0781019906489061,0.07865139366469051,0.03917572731580359,0.5190697768365449
89,89.0,88.90185221995306,0.0465312202479444,0.08047498784069347,0.10099520681138319,0.05606839813913199,0.07711474417154147,0.07823789463161021,0.03872462091316601,0.5218529272445293
90,90.0,89.90717827491419,0.0466124497632141,0.07982456495674572,0.10093415314893009,0.05595072838425845,0.07635847338128922,0.07764689675525145,0.03840995243574888,0.524262781174562
91,91.0,90.91289994163006,0.046705373092271754,0.07893032521225697,0.1008835638923342,0.05582123282073849,0.0757933470723246,0.077268966306628,0.03813518128117761,0.5264620103222684
92,92.0,91.91892044225806,0.04684525962658205,0.07803037137499999,0.10063750486085449,0.05557029157924885,0.07516377869369553,0.07690291285939159,0.037869229782361846,0.5289806512228656
93,93.0,92.92514968840067,0.0470598910656347,0.07715301470197759,0.1004580892305293,0.05517535598068744,0.07451965059966126,0.07662612942395053,0.03762600495713167,0.5313818640404275
94,94.0,93.93150451304501,0.04731907061679044,0.0765075480812333,0.10000743298640845,0.05483242768346606,0.07401815728606868,0.07652727869670485,0.03741978404552986,0.5333683006037984
95,95.0,94.93790881009448,0.04773120837826572,0.07593960669284766,0.09958443201627598,0.05438162611223137,0.07349177245915263,0.07636787776782077,0.03731963600740959,0.5351838405659963
96,96.0,95.94429358933806,0.04810933008445842,0.07562061756865855,0.09928331264366175,0.053912468546327544,0.07306866717484718,0.07621266838126219,0.037225713503909484,0.5365672220968749
97,97.0,96.9505969547639,0.04833933697582765,0.07510514520186277,0.0995596349977356,0.05351472875178314,0.07283459153897973,0.07607247324066223,0.03707007528677751,0.5375040140063714
98,98.0,97.9567640140995,0.04839673707939621,0.0745783316784599,0.09973038342001628,0.053284940486511036,0.07256926277649943,0.07589234257597914,0.03690859636711775,0.5386394056160203
99,99.0,98.96274672736057,0.048240797987074535,0.0741783374097033,0.09986648082266616,0.0528497530963143,0.07218253661676892,0.07571023137344811,0.036794093557031414,0.5401777691369933
100,100.0,99.96850370202192,0.04802924449570056,0.07399952223936024,0.09978418109252203,0.052356189789888596,0.07220990120717588,0.07539684166428158,0.03667059288725845,0.5415535266238127
101,101.0,100.97399994219691,0.04779340510343026,0.0738127434004728,0.09952182134634106,0.05192172112735985,0.0722407558543086,0.07532557299762645,0.036540736174324975,0.5428432439961361
102,102.0,101.97920655893245,0.047521265639651755,0.0736099006927911,0.09926835680603233,0.051618290064283694,0.0722570953686595,0.07506940493175343,0.036403012959555135,0.5442526735372732
103,103.0,102.98410044840509,0.04715676237420828,0.07330928808973781,0.09897388981414337,0.05139638668644564,0.07225359831717748,0.0746966097998781,0.03641992894844828,0.5457935359699613
104,104.0,103.98866394444643,0.04671749627672257,0.07300169445689894,0.09855606917427559,0.05118200890822311,0.07226152825681374,0.07424547616325462,0.03641074794428563,0.5476249788195261
105,105.0,104.99288445143917,0.04624929989603208,0.07280464205521132,0.09820937442876229,0.05080274395555208,0.07209148243075071,0.07382917282037757,0.036413308284622595,0.5495999761286916
106,106.0,105.99675406321822,0.04572028849050056,0.07260327752620874,0.09800057162751989,0.050336375922139256,0.071876967210702,0.07337439418715727,0.03653176117785887,0.5515563638579136
107,107.0,107.0002691731872,0.04526817873693309,0.07240659317987501,0.09782760538966492,0.0498314627964921,0.07191625416080606,0.07279491493562464,0.03662784008876554,0.5533271507118388
108,108.0,108.0034300804274,0.04464942893600211,0.07220200802014018,0.09752525591447675,0.049326449234242994,0.07217202817973212,0.07207261674857471,0.036632985395667436,0.5554192275711639
109,109.0,109.00624059613932,0.04410846123288789,0.07200279514182474,0.09709776024381256,0.0488406838692692,0.07248327911656276,0.07137209698805075,0.036633162393992315,0.5574617610136
110,110.0,110.00870765431864,0.043536199753806126,0.07197359599051442,0.09646293069184525,0.04850863768568328,0.07279386457737372,0.0706977859713016,0.03654985945855518,0.5594771258709206
111,111.0,111.01084093013685,0.04312041334549223,0.07200441726014002,0.0958373085041241,0.04816800199510267,0.07306641670601689,0.07009238081402813,0.03636957012660294,0.5613414912484932
112,112.0,112.01265246907188,0.04285464118343635,0.07182122596270057,0.0951748289774933,0.04803079013310056,0.07332203236186997,0.069646266061421,0.03625363377162494,0.5628965815483534
113,113.0,113.01415632942268,0.04259734743072866,0.07174515399835601,0.09444968225386649,0.047983888170135644,0.07351690364112104,0.06920332357601496,0.036274518856190825,0.5642291820735864
114,114.0,114.01536824044418,0.04242339108576672,0.07180910569472142,0.09373744716011953,0.04793142048512608,0.07359698451872419,0.06876545849236715,0.03627690645348481,0.5654592861096901
115,115.0,115.01630527795908,0.042318233283686085,0.07184602340293814,0.09292579302270526,0.04805649901226525,0.07356457354597434,0.06833597518436847,0.03627097697589607,0.5666819255721663
116,116.0,116.0169855589429,0.04221908870012535,0.07188039939481566,0.09221585395368136,0.048185824907223986,0.07345994028382202,0.06787530237496266,0.03625114668766333,0.5679124436977055
117,117.0,117.01742795623892,0.04205270294152465,0.071877487933334,0.09134577008781361,0.04831569580608566,0.07336654149735954,0.06742358701761672,0.03622019357248532,0.5693980211437804
118,118.0,118.01765183424293,0.04188205159197038,0.07177646827142112,0.0906480788145488,0.048352899841069455,0.07343515301257272,0.06690875891641658,0.036108034815910205,0.5708885547360906
119,119.0,119.01767680610413,0.04170628355375282,0.07171342665331182,0.09003017988750832,0.048379822790970625,0.07345498611517502,0.06643232983265986,0.03598022259625944,0.5723027485703618
120,120.0,120.01752251271817,0.04150874372059124,0.07163647664568729,0.0895598948736592,0.048302044147257056,0.07346130223580874,0.06599174669705646,0.03582399765299386,0.5737157940269458
121,121.0,121.01720842354362,0.04137189826307891,0.07153234424193869,0.08917610440729146,0.04816405116864508,0.0730666952434139,0.06561736465415491,0.03565760248498542,0.5754139395364913
122,122.0,122.01675365905109,0.0412769886389436,0.0716325599463633,0.08867015661225042,0.048007026934274076,0.07261212663409901,0.06509877774404776,0.03565159091699114,0.5770507725730304
123,123.0,123.0161768344173,0.04117254987736778,0.07178166061710306,0.08812609765756133,0.04784741416247318,0.07211467306054727,0.06454782199760338,0.035620314847391074,0.5787894677799527
124,124.0,124.01549592390272,0.04105124682334757,0.07193764102699204,0.08764892314406404,0.04754713641975533,0.07168670890737736,0.06400252769110033,0.03564991947418391,0.5804758965131791
125,125.0,125.01472814520056,0.04091053198715421,0.07208004873690482,0.08729664286659417,0.047209342892697605,0.0712121653329948,0.0634482233216071,0.03577694378080211,0.5820661010812448
126,126.0,126.01388986291661,0.04081726396707895,0.07225537232979433,0.08696378105797643,0.046895720765718456,0.07079456862438274,0.06290635740531061,0.035888565099185345,0.5834783707505529
127,127.0,127.0129965102319,0.04072966747238182,0.07241995447758981,0.0866744004225,0.04663151779877592,0.07025662336165875,0.062384922712058394,0.035991145094927846,0.5849117686601072
128,128.0,128.01206252771334,0.04059951154421757,0.07265663014362016,0.08625461043502017,0.04629288013051332,0.06978910393919092,0.061778690410489556,0.03607700567628148,0.5865515677206665
129,129.0,129.0111013181695,0.04047174058395926,0.07297899174748534,0.08585269153117454,0.045912681030896074,0.06933207772443388,0.06123998485326082,0.03613918842566023,0.5880726441031295
130,130.0,130.01012521639834,0.04032488064195837,0.07327885534234338,0.08577861046357005,0.045522959004694594,0.06868475910270688,0.060730978833523144,0.036033639335450535,0.5896453172757528
131,131.0,131.0091454726403,0.04014681198343605,0.07362017804526377,0.08573413418525166,0.045034660803233525,0.06804332883065628,0.0601619096863529,0.03617274790593943,0.5910862285598661
132,132.0,132.0081722485317,0.040017028559114445,0.07390796339766786,0.08573435034417067,0.0445491316123938,0.06722081388192443,0.059629260439430065,0.03629272911696796,0.5926487226483306
133,133.0,133.00721462434865,0.03997867511152781,0.07421999075487597,0.08552595655465799,0.044006714144003416,0.06640582002275235,0.05908564753437292,0.036383582912391785,0.5943936129654176
134,134.0,134.0062806163404,0.039932013697577096,0.07453590106685551,0.08531254240668855,0.0433116082910524,0.06557391139552841,0.05856755291336253,0.03644866049896593,0.5963178097299694
135,135.0,135.00537720296956,0.03992639298621491,0.0747679741717468,0.0850810928067941,0.042623325171408814,0.06472982000184355,0.05805106521553759,0.03648408403665542,0.5983362456097987
136,136.0,136.00451035890612,0.039915643584995386,0.07486504254385211,0.08465952701110578,0.042006734008172356,0.06389202085329466,0.05756904012357628,0.03649570369024619,0.6005962881847572
137,137.0,137.00368509565993,0.03988421109936878,0.07499128199255894,0.0842972893748546,0.04156317945825101,0.06308276151756213,0.057114749982487105,0.0364788989185201,0.6025876276563973
138,138.0,138.0029055077818,0.039829440150986016,0.07512810425519391,0.08386857046917279,0.04119378430845515,0.06232904818730998,0.056692831805045016,0.03643703214364433,0.6045211886801928
139,139.0,139.00217482361367,0.03975768928026986,0.07518254318417673,0.08351434073125658,0.04076544351508949,0.06154299292967436,0.056174073459469495,0.036372520692596805,0.6066903962074666
140,140.0,140.0014954596262,0.0395395483081636,0.07523802999861263,0.08321217346736033,0.04035882516161373,0.06078843399692081,0.05557483203414009,0.03629114089963519,0.6089970161335536
141,141.0,141.00086907744122,0.03947977170644424,0.07526699008549263,0.08302385545030827,0.039971154211545484,0.06013445818750033,0.054946183835049185,0.036190646174271784,0.6109869403493882
142,142.0,142.0002966427003,0.03945920045460136,0.07543389243570477,0.08297448637216161,0.03977793693780258,0.05945752320075972,0.05412404353775411,0.036168218916978134,0.6126046981442379
143,143.0,142.99977848500652,0.03942909818750921,0.07551019255394154,0.08297469914779215,0.03959582217832048,0.05880257037900456,0.0533418789952024,0.03612767763750371,0.6142180609207262
144,144.0,143.99931435823203,0.039437607235857486,0.07549303697240443,0.08288143282915235,0.03943799301005273,0.05817051838292504,0.052590599732305725,0.036070250561919516,0.6159185612753829
145,145.0,144.99890350055264,0.039303032564760906,0.07533173588015364,0.08267938904245603,0.03958962012391968,0.05760187617518392,0.051762394082945876,0.035970622812458185,0.6177613293181219
146,146.0,145.9985446936357,0.03931019617279919,0.0748838061531169,0.08239527152080087,0.039773676773796084,0.05706913495568768,0.050943144032571046,0.03586516952380266,0.6197596008674258
147,147.0,146.99823632047406,0.039310293205784594,0.07465641756574659,0.08205660670631117,0.039890438518723904,0.056399083196249575,0.05013123065786122,0.035757104007615566,0.6217988261417076
148,148.0,147.99797642142389,0.039253442654655066,0.07432989025592852,0.08172073931474129,0.039958174807477174,0.055745816515415304,0.04934188151111094,0.03568464883847202,0.6239654061021999
149,149.0,148.99776274806447,0.03916695146854652,0.07401105169320063,0.08127534057724237,0.040251535620843104,0.055116249244200256,0.04856700789557013,0.0355009740166109,0.6261108894837862
150,150.0,149.99759281456036,0.039065082260948514,0.07362747676130496,0.08092250388905023,0.04047039092395818,0.054538143171040304,0.0479665278240811,0.03532774884136743,0.6280821263282493
151,151.0,150.99746394626104,0.038941542825361115,0.07327448854026362,0.08060892461159794,0.04069199735625758,0.053941008473789034,0.04747205767880701,0.03514690116351086,0.6299230793504129
152,152.0,151.99737332532905,0.0387831425959888,0.07287132820001613,0.0801710283080743,0.04093897328455292,0.053449408485763954,0.047065511184772854,0.03498575561948956,0.6317348523213415
153,153.0,152.99731803323698,0.03859187356049722,0.07239979123264613,0.07975310269080084,0.041199472000377386,0.05297071956101346,0.046734678676324325,0.03486597929784009,0.6334843829805006
154,154.0,153.99729509002177,0.03836668429507332,0.07167847582155727,0.07930036081343929,0.04152468332880306,0.05253927950109022,0.046618168470242326,0.03480580528320428,0.6351665424865902
155,155.0,154.99730149022784,0.03814163503909472,0.07092027520573692,0.0787723540176295,0.041896912532508,0.05214775138937606,0.04647352880848183,0.03475999741294104,0.6368875455942319
156,156.0,155.99733423551103,0.03787333341149603,0.07013389562335297,0.07825634155645732,0.042252416943926445,0.051795754533690355,0.04636386810909994,0.034664242798335736,0.6386601470236413
157,157.0,156.99739036391077,0.0376118303988683,0.06928933172738921,0.07775955826865058,0.04262256257537606,0.051531127105320755,0.04629466224221092,0.034626847445305566,0.6402640802368786
158,158.0,157.99746697583146,0.03735445853441827,0.0684466564381295,0.0772610534252711,0.04300776155676038,0.05131252111834362,0.046271539367379,0.034611807208503,0.6417342023511953
159,159.0,158.99756125680176,0.037100095229418,0.06781325918520402,0.07677501854089772,0.043432387919946636,0.05105287339213538,0.04627849440744894,0.03459265598049725,0.6429552153444523
160,160.0,159.997670497107,0.036788345737725194,0.06730664342274838,0.07630976772645498,0.04380539586622191,0.050875339261140115,0.046312753480812284,0.03456567600258461,0.6440360785023128
161,161.0,160.99779210841066,0.036503816627099735,0.06682513825023487,0.07591665725443252,0.043727011560932845,0.05064635762403426,0.04640411921205177,0.034514837670548165,0.6454620618006661
162,162.0,161.99792363749984,0.03627835855159445,0.06621929714295474,0.07547240908595487,0.04360062421175835,0.050384247877478014,0.04650543601600318,0.03440714584663677,0.6471324812676199
163,163.0,162.9980627773051,0.03602331668090396,0.06562596498380682,0.0750236671265002,0.04340672438926858,0.050107473948395646,0.04662687814204203,0.03425828772623713,0.6489276870028459
164,164.0,163.9982073753568,0.035770977350796186,0.06500108868548862,0.0748871420626367,0.04322058810002145,0.049814083211699736,0.04674561423148106,0.03407873886660871,0.6504817674912677
165,165.0,164.99835543984977,0.03552891593644171,0.06437270794640781,0.07477374700624577,0.0430671991321425,0.04955788923369063,0.0468262614289066,0.033892619112569765,0.6519806602035954
166,166.0,165.99850514349492,0.03529671907411445,0.06378852892516372,0.07473430009537642,0.04284357973318731,0.04931674407128582,0.0471857885565104,0.03370062374149434,0.6531337158028676
167,167.0,166.99865482534062,0.035074968969709915,0.06320681147598048,0.07480914978782303,0.04251098664829855,0.04906503965624329,0.04761130995407101,0.03349782895875006,0.6542239045491237
168,168.0,167.99880299074837,0.03486167473039193,0.06260996604580453,0.07455154747969359,0.04223462469155792,0.04879286769086711,0.04815111899018325,0.033382625264256297,0.6554155751072455
169,169.0,168.99894830970783,0.03465437990445716,0.06209741852076446,0.07425310586285612,0.04190405576375767,0.04852841209467536,0.048632548789067594,0.03326134072045968,0.656668738343962
170,170.0,169.99908961367427,0.03438165223016253,0.061599497617982515,0.07398592645010878,0.041594492727257876,0.04830975270008145,0.04917598512783474,0.03313733739237644,0.6578153557541957
171,171.0,170.99922589110733,0.03406630518917741,0.06112430253543896,0.07358199632477022,0.041259342496249116,0.04811846198750822,0.049635578250717904,0.03300258721747381,0.6592114259986643
172,172.0,171.99935628188598,0.03376247540414494,0.06071283440580488,0.0732601916166487,0.04089589917242027,0.04790575429291255,0.05005665150804478,0.03291215149614317,0.6604940421038806
173,173.0,172.99948007076793,0.03346658307903397,0.060319885470425286,0.07291699257641258,0.04052331653877531,0.04769826858169551,0.050495084640271116,0.03281571116810196,0.6617641579452841
174,174.0,173.99959668005403,0.033184084888272264,0.0599241745695145,0.07269637895735727,0.040216090647232666,0.04750035138929348,0.0509053789071926,0.03280785436151673,0.6627656862796203
175,175.0,174.99970566161096,0.03291466624708051,0.059544419261734836,0.07240177389542603,0.03985400972770954,0.04733870894291331,0.051071891366608654,0.03279095517920212,0.6640835753793248
176,176.0,175.9998066883961,0.0326208849913723,0.05926891086309416,0.0719781387379241,0.03942897347914193,0.0471964250858251,0.05125447530365801,0.032776804172664466,0.6654753873663198
177,177.0,176.99989954561875,0.032355945744003134,0.05899149081838188,0.07155821835390534,0.03902256335092534,0.0471296889431138,0.05124662499495587,0.03276053533008583,0.6669349324646286
178,178.0,177.99998412166295,0.03213080171030414,0.05872528233176919,0.07113350601284543,0.03862412015314872,0.04702886250271172,0.051163275201004915,0.0326579210735685,0.6685362310146472
179,179.0,179.00006039888612,0.03196524161482505,0.05847632443221076,0.07074170350390206,0.03822426976547243,0.046925663980981365,0.05104750373092719,0.03261953094014127,0.6699997620315397
180,180.0,180.0001284443981,0.03189092384652529,0.05819164753258051,0.07031466926193478,0.03774261645820559,0.04682493157410646,0.0508285977468747,0.03247999327632698,0.6717266203034455
181,181.0,181.00018840091488,0.031814614138494526,0.05789260506865323,0.06986884231544373,0.037227739805221094,0.04673102807916509,0.05074229542456794,0.03237410714868062,0.6733487680197736
182,182.0,182.00024047777083,0.03172395899396196,0.05757272727903898,0.06946302820035452,0.03663909437917871,0.046711036405368195,0.050626650029072996,0.03224706497692278,0.6750164397361017
183,183.0,183.0002849421635,0.031657356149619974,0.05728163949380797,0.0688402641100721,0.03612297104630342,0.0467172171738101,0.050411368083561364,0.032097663177541376,0.6768715207652835
184,184.0,184.00032211069524,0.031545586935545246,0.056966431269912896,0.06823728306010117,0.035758694074632266,0.046714081283724306,0.05016434830516226,0.03193688713383145,0.6786766879370901
185,185.0,185.00035234126688,0.03158532936753823,0.056640418958373955,0.067647519826301,0.03541171232255329,0.04661587986525245,0.04989161308216844,0.031767601405575566,0.6804399251722368
186,186.0,186.00037602536867,0.03163105811567732,0.05637945148751573,0.0670637533038775,0.035029573537206454,0.046469100650975245,0.04971134481955309,0.0317298693310707,0.6819858487541237
187,187.0,187.0003935808066,0.03165812311231627,0.05621977965135143,0.06675004818974249,0.034656590508543056,0.046306461185865816,0.04949538197474364,0.031678815667965175,0.6832347997094718
188,188.0,188.00040544489266,0.031714056952679696,0.0560696237299404,0.06633928999183014,0.03437723844758216,0.04600728512583377,0.049333383474287694,0.03164138060687091,0.6845177416709749
189,189.0,189.0004120681212,0.03176500272473219,0.055969626297214324,0.06599476073042056,0.034115119768977055,0.04570667229169608,0.04900086211570308,0.03165052064040298,0.6857974354308535
190,190.0,190.00041390834568,0.031753884063640006,0.05581845021338977,0.0656868130842504,0.033857544675782,0.045475246610759384,0.04864633807970521,0.03164244558264429,0.6871192776898286
191,191.0,191.00041142546425,0.031738202306347815,0.055660744073981736,0.06547106062531777,0.033610474417608664,0.04526454424863173,0.04828240349741665,0.031624161806705,0.6883484090239903
192,192.0,192.00040507661635,0.03166973945796557,0.05539821181429283,0.06532713649971504,0.03338113704309357,0.045062245996934806,0.047914810695335666,0.03162031871484165,0.6896263997778206
193,193.0,193.00039531188708,0.031582309351511635,0.05514616214767114,0.06522897307263907,0.033157580932710116,0.04485802681649957,0.04753709552071291,0.03159359742222149,0.6908962547360338
194,194.0,194.00038257051185,0.03149439495246341,0.05499954066025976,0.0650186007344122,0.032957698846274926,0.0446574548404196,0.04716589232856036,0.03156389464823243,0.692142522989377
195,195.0,195.00036727756904,0.03139943646411474,0.054950095728077915,0.06476762026273801,0.03278293242101071,0.04438059092314867,0.04683129691608197,0.03152693481425701,0.6933610924705707
196,196.0,196.0003498411448,0.03129391383307544,0.05500459062100444,0.0645492984132785,0.03261224380136106,0.04413052837269395,0.04653497561306425,0.03148000828065753,0.6943944410648645
197,197.0,197.00033064995154,0.031233907478633582,0.05512836500803195,0.06432425706068111,0.03245920439269091,0.043852849628364304,0.04615528067417839,0.03130066351296622,0.6955454722444532
198,198.0,198.0003100713781,0.03117104560835381,0.0553055932310226,0.0641127788653743,0.032261999236237196,0.04353723556329186,0.045783709092985396,0.03112001052580658,0.696707627876928
199,199.0,199.00028844994821,0.031094820513861893,0.05551918727520018,0.0638942070881073,0.03205232880609537,0.04323050802218999,0.04542490009113999,0.03097243183880828,0.6978116163645968
200,200.0,200.00026610616183,0.030977083081673486,0.05571949964631565,0.06375626492949966,0.03189347096587161,0.04293040399323026,0.04501709841991091,0.030820976814541184,0.6988852021489569
201,201.0,201.00024333569246,0.030865555438076023,0.05601428990469466,0.06352568528660235,0.031741353543539526,0.042546965215254716,0.04466516980723268,0.030668266881891296,0.6999727139227084
202,202.0,202.0002204089131,0.03072585628065878,0.056205631806695286,0.06325543114299632,0.03168709622497515,0.042182030735186955,0.04422988191743203,0.03052621217222993,0.7011878597198252
203,203.0,203.00019757072255,0.0305588526677318,0.056385709093055555,0.06298333800946142,0.031639975299840035,0.04182514349109303,0.04381010839086204,0.030345523456970912,0.702451349590985
204,204.0,204.00017504064385,0.03030446866202916,0.05662332027758409,0.06269927482107648,0.031565487322648064,0.04144308441763746,0.043422223175927366,0.030173701193422397,0.7037684401296748
205,205.0,205.0001530131666,0.03006865866783722,0.05692351881833667,0.062372325738914644,0.031553457772023515,0.041020992504234355,0.04305976361889595,0.02996993119484007,0.7050313516849174
206,206.0,206.00013165830538,0.029862253366859593,0.057115879431400784,0.06204676626144157,0.03154776427459707,0.040666700821658665,0.042643230808556996,0.029768040385760742,0.7063493646497244
207,207.0,207.00011112234722,0.02960189099233853,0.057251500920674214,0.061746165718558434,0.03159135411216089,0.04043203040646698,0.04225191114672741,0.029566060819945644,0.7075590858831278
208,208.0,208.00009152876143,0.02936323480475914,0.05731124016011667,0.06144405077258138,0.03162713507173081,0.040202369570461666,0.04187259605840351,0.02942623425450431,0.7087531393074424
209,209.0,209.0000729792466,0.02913364292782314,0.05749053891263242,0.06119229390837334,0.031666707395273566,0.03999377955096361,0.04152462800003336,0.029291333997895328,0.7097070753070052
210,210.0,210.00005555489076,0.028911796080920198,0.057631778076474204,0.060917415587189,0.03176015773171268,0.039805663555977505,0.04108633201775883,0.029200013976228106,0.7106868429737394
211,211.0,211.00003931742162,0.028688046056486477,0.05773856463397031,0.06067490927403271,0.03182501652579419,0.039609286451291394,0.04067750660948849,0.029054101075164353,0.711732569373772
212,212.0,212.0000243105252,0.02842699485825878,0.05785315131302683,0.06032772687545521,0.03191377954197472,0.03937325858420218,0.04029163441575466,0.02893164436630008,0.7128818100450276
213,213.0,213.00001056121314,0.02816903829561735,0.0579146414767708,0.0601268606833975,0.03199242399758865,0.0391584803426671,0.04002926855532276,0.028832826128054333,0.7137764605205815
