,Unnamed: 0,Generation,Intertwine_two,Add_vertex,Delete_vertex,Invert_path_vertices,Insert_inside_vertex,Delete_inside_vertex,Replace_inside_vertex,Donate_between_routes,Trim_one_terminal_cb,Grow_one_terminal_cb
0,0.0,0.0,0.10000000000000002,0.10000000000000002,0.10000000000000002,0.10000000000000002,0.10000000000000002,0.10000000000000002,0.10000000000000002,0.10000000000000002,0.10000000000000002,0.10000000000000002
1,1.0,0.10900000000000001,0.09963288944446955,0.09752717469295333,0.10090816590119563,0.1011607905583718,0.10017337578544432,0.10074359630108587,0.10100848332984472,0.09952100487084602,0.10101433391379845,0.09831018520199046
2,2.0,0.31601,0.09902360949264362,0.09507924958673225,0.10150221906781555,0.10265552384877011,0.10025275469103995,0.10151685688720694,0.1016740237635433,0.0989639957829988,0.10200608632648157,0.09732568055276798
3,3.0,0.6191589000000001,0.09826995791502431,0.09269458105416635,0.10207560230095811,0.1036045658382366,0.09987095990087816,0.10245056849528096,0.10225604133161309,0.09914927832920019,0.10297224798337418,0.09665619685126808
4,4.0,1.015801321,0.09776395765379754,0.09077296691906635,0.10233835283122539,0.10417990508254206,0.09959935113199958,0.10316445540345012,0.10256229630471805,0.09933158099442614,0.10325188749603767,0.09703524618273705
5,5.0,1.50262148669,0.09724137638634411,0.08890605453368905,0.1024023363890409,0.10494496118593058,0.09953388029714437,0.10374815835786327,0.10277062849564898,0.09936568415042096,0.10398067652698965,0.097106243676928
6,6.0,2.0757334209441005,0.0964876739592228,0.08804964347257838,0.10243178970974195,0.10529490615468948,0.09979414830556509,0.10442540115215732,0.102388835169199,0.09887537812978037,0.10443105445405396,0.09782116949301148
7,7.0,2.7307768275633495,0.09639729856810889,0.08841316864326343,0.10235646973384327,0.10538644744067122,0.09988593653460703,0.10445401983897606,0.10172535327053553,0.09760142418150648,0.10462770974275004,0.09915217204573779
8,8.0,3.4630081252450404,0.09591107312492846,0.0882573943906007,0.10216746352186488,0.10584248971976218,0.10029540984196238,0.10451775592316559,0.10072776133821883,0.09714499985539035,0.10441035700705031,0.10072529527705602
9,9.0,4.2673862119061114,0.09542361239353603,0.08906922409205029,0.10200174992568202,0.1058023280260429,0.10069554742328506,0.1039086963076749,0.10000200309830025,0.09604949584138837,0.10407717648874479,0.10297016640329511
10,10.0,5.138652627782014,0.09468892912737695,0.09034544277294408,0.10190861574668547,0.10500226819009313,0.10137636909602663,0.10325626466370148,0.09922991708495375,0.09566494932595121,0.10352420026415299,0.10500304372811398
11,11.0,6.071405875792507,0.0944360636652683,0.0916128865179757,0.10181415841176224,0.10431480043720257,0.10177721678508969,0.10248419902858719,0.09850739272124918,0.09386770023907885,0.10302893772011353,0.10815664447367242
12,12.0,7.060169740244025,0.094290254427081,0.09360221249161399,0.10132011828102987,0.10386823928166464,0.10089588237273417,0.10144013710563557,0.09802242345805956,0.09271195478315117,0.10252541075310802,0.11132336704592168
13,13.0,8.099455520847952,0.09391274437696842,0.09512114279166234,0.10083907126774104,0.10352654943649559,0.10139609953853253,0.10071924283338404,0.09696754039587215,0.09132293748035508,0.1021414316937609,0.11405324018522757
14,14.0,9.183818168183006,0.09368339461459343,0.09644198644468087,0.10094314760956849,0.10308805873366582,0.10163270566679344,0.1000236451379016,0.09557035322414005,0.08976243904673918,0.10176983232306261,0.11708443719885411
15,15.0,10.307906369102724,0.0931288268024217,0.09878721122653679,0.10073142408955899,0.10250571520188517,0.10136683734815756,0.09949723338381554,0.09419657026178284,0.08832376710280662,0.10135679484284005,0.12010561974019436
16,16.0,11.466506686239443,0.0931070628177068,0.10085175933449753,0.1003589568756667,0.10213524232767218,0.10124454313397134,0.09904007129032952,0.0926690810268364,0.08682373736755894,0.1006265215820691,0.1231430242436911
17,17.0,12.654581904800096,0.09313657804133878,0.10290068666902075,0.10030828557799748,0.1012759215855743,0.10072651874564932,0.09875480650193647,0.0914925185317451,0.08447995942350506,0.10057525618824137,0.12634946873499095
18,18.0,13.867303782456686,0.09276484831127162,0.10513284855174145,0.10032429260815028,0.10007633526205564,0.10071661213052854,0.0983340525969689,0.09007028499719849,0.08318810872344709,0.09996491807266733,0.1294276987459702
19,19.0,15.100080434523047,0.09308710230199137,0.10689179379143482,0.1000749253279353,0.09961862126971548,0.09995283491483037,0.09718903929726685,0.08910204635030561,0.08198475901362265,0.10013303170642054,0.1319658460264766
20,20.0,16.348578617037543,0.09273785300958842,0.10939792705074662,0.10025963927188844,0.09838570825327873,0.10032795029414139,0.09680199906378292,0.08708289513116195,0.079630680987475,0.0995471334151353,0.13582821352280078
21,21.0,17.608741195130214,0.09246430880654036,0.11147402077499477,0.09959828244563891,0.09760689172773593,0.09958875568514595,0.09656237078877011,0.08633542885641565,0.07781146858526376,0.10016340982954765,0.13839506249994646
22,22.0,18.876800103462312,0.09253552144315852,0.11295898368323093,0.09946348208338451,0.09685196427326112,0.09893628100359443,0.09575726747547983,0.085848199423377,0.07693955267995575,0.09982755195237664,0.1408811959821808
23,23.0,20.14928511992658,0.09216413186316451,0.114860149379961,0.09984634528461127,0.0960128433795077,0.09771920480911037,0.09531288998093886,0.08461852882853857,0.0759912356343073,0.0996377399396295,0.14383693090023045
24,24.0,21.423028783545156,0.09185344378082554,0.11653063497615582,0.09988379526575256,0.09518374400412724,0.09710839420245271,0.09500329412319776,0.0834250460147635,0.07548185758413663,0.09971377915119277,0.14581601089739502
25,25.0,22.695167792966423,0.09251508453960834,0.11813705077234511,0.09949802044589875,0.09464426489575117,0.09589537357990796,0.09603752112881025,0.08198083569224834,0.07439104522984491,0.09975538522726757,0.14714541848831714
26,26.0,23.963141223515898,0.09398442329815578,0.11962151321075638,0.0988430057727046,0.09393409743685986,0.09439665722435872,0.09609193683429616,0.08136093691773091,0.07368673348803886,0.09909834441636273,0.14898235140073554
27,27.0,25.224685898775267,0.09376487570510943,0.12175162764772422,0.0987430267263402,0.09441883255436273,0.09291759342558992,0.09625501449433241,0.0802339540750363,0.07193932773049665,0.09939151747720325,0.15058423016380446
28,28.0,26.477829247520948,0.0938008004874907,0.1233291936363223,0.09840086680831417,0.09395923713004894,0.09178133152336891,0.09630776745672262,0.08010206539948006,0.07108699692149337,0.09957635377096341,0.15165538686579508
29,29.0,27.720879968916847,0.09369564190525424,0.1252139285819945,0.09791746998483086,0.09315346729489035,0.09131442024986858,0.09640772600190989,0.07915862074283363,0.07079710312503976,0.09984387604562818,0.1524977460677496
30,30.0,28.95241681848399,0.09306430368850349,0.12726915913746695,0.09839757120748198,0.09178548538993636,0.09103164809633535,0.09681412095613387,0.07853478980395588,0.07006238796011759,0.0986820975690616,0.15435843619100656
31,31.0,30.17127581490958,0.09307505267845702,0.12792603972762157,0.0990012650168883,0.09216901521984289,0.08945859156719224,0.09699633223802315,0.07761905623361982,0.06940433002291999,0.09856148573314927,0.1557888315622854
32,32.0,31.376536153543515,0.09249770969167422,0.12928753530674167,0.09944787937749702,0.09210068754966885,0.08881280185179842,0.0963130935442306,0.07719796350981419,0.06883932149595073,0.09878166650670137,0.15672134116592262
33,33.0,32.567505096778625,0.09339440295670859,0.12976341535986063,0.10027944848445781,0.0909763685826946,0.0886656380070147,0.09663912993711171,0.07553702594686099,0.06785327948680618,0.0994095334790137,0.15748175775947076
34,34.0,33.74370209472243,0.09354057787396926,0.13052152499898367,0.10063548108250656,0.0905367318762916,0.08782150268103259,0.09607894332476345,0.074651457099441,0.06715481394519239,0.09992762093071353,0.15913134618710564
35,35.0,34.90484237192463,0.0941158618695686,0.1317623343923574,0.10109168765397548,0.08958659480352034,0.0877676764047073,0.09553659283124627,0.07450903728233138,0.06581360369029705,0.09956350822064243,0.16025310285135347
36,36.0,36.05082019768737,0.09437633800704755,0.13194948313376015,0.10177201039187918,0.08924764426955759,0.08650755984461529,0.09530186848898048,0.07470099308072436,0.06527328967696579,0.10024933912820681,0.16062147397826257
37,37.0,37.18169203889697,0.09431084956362364,0.1327515435270591,0.10330565375964398,0.08907025642834505,0.08552346734506389,0.09610487941750853,0.07399217273253521,0.06371723046818908,0.10012882836559028,0.16109511839244103
38,38.0,38.29765977559663,0.09421623864906775,0.13410098073328064,0.10393884952703379,0.08786915393327203,0.08502991082889223,0.09637443652771382,0.07314697071154215,0.0632540426851074,0.10001175288794652,0.16205766351614345
39,39.0,39.399054140870355,0.09494271288345599,0.13430743065083806,0.1040037146812428,0.08767979300222883,0.08344035135895866,0.09589532542046471,0.07300603447992096,0.06324879773523279,0.10104406817351759,0.1624317716141394
40,40.0,40.48631852820801,0.09531747071842395,0.1343602862293605,0.10471910615887867,0.08679727902214839,0.08318415520556958,0.09537328004595949,0.07281409984960353,0.06281219281216453,0.10157461405695972,0.16304751590093147
41,41.0,41.55999329152982,0.09553428464366669,0.13498692928760853,0.10494539119651984,0.08685195020028327,0.08317732990496521,0.09485896246145216,0.07143034509254231,0.06177277296547672,0.10208966124203549,0.16435237300544958
42,42.0,42.62070064560415,0.0957057342575453,0.1363153937393482,0.10521465248145467,0.08640005493596974,0.08144271564343782,0.09522129013822934,0.07158088422884436,0.061691617639716936,0.10232059157459958,0.16410706536085382
43,43.0,43.669130257815,0.0966159300796911,0.13630450938545338,0.10635905763115089,0.08554789404929265,0.07941670887070734,0.09522040327857718,0.07092994510642447,0.06197075575960492,0.1036191323586948,0.16401566348040303
44,44.0,44.70602560622662,0.09720662068747277,0.1358964631454252,0.10693073228299568,0.08481409081009886,0.07882726998561612,0.09501127771296762,0.07040324859682359,0.062221056016912746,0.10457286746183017,0.16411637329985704
45,45.0,45.73217116373481,0.09739824169154902,0.13499451574210952,0.10770513491207998,0.0850556426983872,0.07791469623377324,0.09533936233586902,0.07017905267115536,0.06262906887701042,0.10524280574560059,0.1635414790924654
46,46.0,46.748380453854836,0.09782247843989439,0.13521603572876706,0.10806954094551666,0.0855335978067976,0.07814809524149742,0.09423587586864965,0.0698863551662367,0.06317287524542427,0.1053575621486102,0.1625575834086058
47,47.0,47.755485010424316,0.0981113238419765,0.13540767082852626,0.11021398977946163,0.08398747676168308,0.07859099141605244,0.0935453371299782,0.06957590377165282,0.06370941610419119,0.10469179906434908,0.16216609130212853
48,48.0,48.7543242612326,0.09742106873837582,0.13480778079133138,0.11084347581277151,0.08430051410286203,0.07745238642355638,0.09317378951710793,0.06904447616427908,0.06473187595372537,0.10520677616136324,0.16301785633462704
49,49.0,49.745736344347726,0.09823949326329443,0.13387045317392038,0.11100558232843363,0.08395732751303811,0.07727056198026815,0.09302860004225603,0.0694072976500801,0.06519277282485637,0.10506134189050706,0.16296656933334552
50,50.0,50.730549855707864,0.09807320641074643,0.13426481935880102,0.11090248209442752,0.0844357203967337,0.07655920569727291,0.09257278161526482,0.06879551417771025,0.06583208356747743,0.10603505472676203,0.16252913195480365
51,51.0,51.70957651737491,0.09836195044345944,0.13402168826804425,0.11137037080739506,0.08405754127693163,0.0761609465627464,0.092023584054756,0.06844346308380163,0.06769232315628915,0.1060148582531896,0.1618532740933866
52,52.0,52.68360474770151,0.09878140624298302,0.13394003590607556,0.11246634341079115,0.08349988344632114,0.07623604887774849,0.09196049798958028,0.06860288964937945,0.06738382427287665,0.10620885701813595,0.16092021318610805
53,53.0,53.65339410751842,0.09834583446787755,0.13399517512098785,0.11254596631859079,0.0828955487560836,0.07647711681462958,0.09210813850919057,0.06873944667435308,0.06739836857602001,0.10735872939613679,0.1601356753661299
54,54.0,54.61967059027847,0.09801032150391253,0.13362039540584741,0.11336471179846774,0.08297864820709848,0.07623527083170818,0.09249234581846703,0.06971778692119573,0.06690976992419415,0.1073027255590989,0.1593680240300096
55,55.0,55.58312271885972,0.09759727176302292,0.134446579700869,0.11416444711436663,0.0828593859032577,0.07645856342531876,0.09239789142301173,0.06990192087441002,0.06670176890317062,0.10679412099027447,0.15867804990229797
56,56.0,56.544398407394254,0.09793212703367091,0.13430981475212042,0.11513516957426652,0.08308953262679401,0.07749919239854546,0.09207843191617057,0.06871169398525895,0.06609677686051736,0.10660208957400946,0.15854517127864617
57,57.0,57.504102543001395,0.09750446633360135,0.1342269056775824,0.11533095048821705,0.08314278733754754,0.07750893430546128,0.09147995229189299,0.06907935027574756,0.06625985577951174,0.10644327537738611,0.15902352213305185
58,58.0,58.462795239617805,0.09729607466675884,0.13509809408035428,0.11659713284802428,0.08302560860183061,0.07668925547381392,0.09092561086495984,0.06914573579537975,0.06578276147828535,0.1063320868829429,0.15910763930765007
59,59.0,59.42099071417639,0.09788041319975145,0.13531698190016017,0.11631428305627424,0.0826978161601381,0.07663713498144878,0.09063926391944885,0.06807645174996658,0.0661776523063866,0.10639138651057975,0.1598686162158453
60,60.0,60.379156734137354,0.09766749733116548,0.1349878114243065,0.11695946074607733,0.08264540577340815,0.07544578542578576,0.0898633772546308,0.06854918599377757,0.06653172366291436,0.10701651335816612,0.16033323902976782
61,61.0,61.337714584760846,0.09809742068206334,0.1351233876816815,0.11692025324668036,0.08164515333170361,0.07564307894361988,0.0899613497296544,0.06911025575712727,0.06659818824658441,0.10666315344941857,0.1602377589314665
62,62.0,62.29703950447439,0.09937061749615118,0.13384693717848767,0.11826230683145283,0.08112620773647171,0.07473521872439204,0.09060249134766021,0.06860955685811936,0.06583972255182888,0.10654977567555834,0.16105716559987762
63,63.0,63.257461537171835,0.09905388859610917,0.13487930293483363,0.11799862980601024,0.08090284555207736,0.07546169831923494,0.09092470331684441,0.0683878838883906,0.06537012917630063,0.1067084902780745,0.16031242813212437
64,64.0,64.21926675122782,0.09865173058955706,0.13535720273690366,0.11820823286505236,0.07974452985496636,0.07604414382228268,0.09075650392736416,0.06775208335519096,0.0651391534517254,0.10697911064866551,0.16136730874829167
65,65.0,65.18269877636592,0.09911267239950211,0.13439593232349897,0.11834442072780199,0.07986544856390107,0.07621133234998258,0.09051976252972324,0.06727983461679993,0.06549500233753298,0.10734506053927831,0.16143053361197862
66,66.0,66.14796061122655,0.09867408631563357,0.13546516176183568,0.11813310546023764,0.0791906603650864,0.07614184216625645,0.09098348628060696,0.0676413785023822,0.06543713914074115,0.10722939786653969,0.16110374214068005
67,67.0,67.11521665648885,0.09864734462027344,0.13485650249443645,0.11850132137219396,0.07872380002909884,0.07687938096293706,0.09128321600039101,0.06771503865677514,0.06565531675734992,0.10700589401995397,0.16073218508658993
68,68.0,68.08459493066005,0.09864269126748833,0.13510327934100108,0.11913821782454817,0.07812095440549062,0.07622735577567222,0.09183986880625991,0.06787964255623244,0.06498330622993702,0.10674903373184161,0.1613156500615284
69,69.0,69.05618942810752,0.09810611422583983,0.13578425020031357,0.11966714437846247,0.07714716101586293,0.07655884801785139,0.0919630794632831,0.06745414878872646,0.06420793827840468,0.1074674826133909,0.16164383301786445
70,70.0,70.03006258152917,0.09816675936384817,0.13691702446204643,0.11895328539047476,0.07762735697826124,0.07509457422559554,0.0920129319103931,0.0668251310512151,0.06362510059040315,0.10814350243210076,0.1626343335956615
71,71.0,71.00624779379335,0.09867097884782879,0.1373802305821687,0.11937693005603085,0.07839086449453157,0.0746624741648916,0.09159894088768888,0.06615009432748034,0.06435162320621221,0.10753039355043319,0.16188746988273361
72,72.0,71.98475200689319,0.09907786594358677,0.13762371738316845,0.11852045088995769,0.07810396670860162,0.0759013496489522,0.09104156032107806,0.06508065442638727,0.06365254796394557,0.1087358610132689,0.16226202570105322
73,73.0,72.96555827861411,0.09795468483248736,0.13697779142794994,0.11819936624059998,0.07820704034927395,0.07606362266615178,0.09167147079141494,0.06626965680540718,0.06324507822978412,0.10954577001072505,0.16186551864620546
74,74.0,73.94862834037681,0.09801956797413941,0.13673853131119856,0.11805420196527819,0.07753637779071192,0.07588961630176629,0.09138389843864285,0.06678032413675693,0.0635037119897186,0.11016113383512592,0.16193263625666104
75,75.0,74.93390511255946,0.09874561397468551,0.13659232519247788,0.11919367068630307,0.07732286348886543,0.07536071747092965,0.09095696549491984,0.06662399120662431,0.0626772937602939,0.11050285405130657,0.16202370467359353
76,76.0,75.92131515639825,0.09908115479872755,0.135581037245275,0.11758841659625269,0.07790066076905013,0.07553684521795549,0.091240860720234,0.0659269939111076,0.06328142819606565,0.11202339416223656,0.16183920838309504
77,77.0,76.91077104428919,0.09950256588154302,0.1344765017901513,0.11837684384238928,0.0781433488830698,0.07530759610302247,0.09067691785287078,0.06582852267022092,0.06286595434573103,0.11179660163979566,0.16302514699120543
78,78.0,77.90217363294813,0.09945110708192954,0.13373386343100988,0.11897452462783764,0.07832077614985936,0.07577325743483204,0.09048939666863155,0.06589276739411422,0.06299206446949032,0.11200823380538157,0.16236400893691358
79,79.0,78.89541422641172,0.09911259715032283,0.13374306553831214,0.11936886887400583,0.07892325273544007,0.07618592663617503,0.09137349220565116,0.06531895474691161,0.06202379812021698,0.11186358138675363,0.1620864626062104
80,80.0,79.89037661826481,0.10038205324294133,0.13314252727193368,0.12010237924868317,0.07837346941554657,0.07572827302297191,0.09081716420969971,0.06596189320866652,0.061187709866361024,0.11277890736192521,0.1615256231512706
81,81.0,80.88693900474995,0.10003251163167615,0.13265099720911114,0.1204317693478066,0.07787005338485418,0.07483696587131673,0.09169676607148927,0.06602751751609474,0.061280011120591574,0.11352860169123882,0.16164480615582047
82,82.0,81.88497576253909,0.10021741556773596,0.1319583855221698,0.12059416283850495,0.07792612909230381,0.07471500757518183,0.09251693696048761,0.06558371932524429,0.0603961879882182,0.11353186337698723,0.162560191753166
83,83.0,82.88435908692391,0.09913577994913796,0.13281099859714257,0.12070433629851407,0.07712785422746181,0.07458123915859938,0.09257456736012501,0.06588473030088245,0.059922540317559975,0.11418421446149794,0.16307373932907854
84,84.0,83.88496048800103,0.09909881009561713,0.1329635063740372,0.12106216968567513,0.07786914926967645,0.07333603386554641,0.09240492677013021,0.06573535989213317,0.05983477501466571,0.11443057952564578,0.16326468950687253
85,85.0,84.88665214409042,0.09929642463608401,0.13282121337171432,0.11979806687053712,0.07919159035078044,0.07274596231209844,0.09163680569660237,0.0660759284268438,0.060016333547818594,0.11403851301566427,0.1643791617718563
86,86.0,85.88930811312994,0.09964769492038089,0.13281913953551844,0.11998777061201377,0.07868645913779287,0.0715232675635647,0.09119031446291176,0.06634152329822357,0.05965418013971547,0.11485060077925653,0.1652990495506217
87,87.0,86.89280540413424,0.09981773272203595,0.13300941368951358,0.12062249979492297,0.0787693421029772,0.07145077560245833,0.09141622550344092,0.06464312484761103,0.06012313368118376,0.11490700385354492,0.16524074820231102
88,88.0,87.89702491199675,0.10084300617618949,0.13279958577544007,0.12026315071449889,0.07844928589506575,0.0708363417307698,0.09127583630100132,0.06483825336102807,0.060326912902457785,0.11484594461395708,0.16552168252959143
89,89.0,88.90185221995306,0.10203354606724781,0.1320599844791188,0.12056552025133654,0.07837562220381418,0.07193459592849887,0.09129585700360414,0.06404699430037811,0.06030871977155001,0.11455935977697945,0.16481980021747175
90,90.0,89.90717827491419,0.10181983804616912,0.13191680475963186,0.12137500004383886,0.07904621737374731,0.07264547620288667,0.09106101730795994,0.06365716241459385,0.06064104884096802,0.11398891510661965,0.16384851990358437
91,91.0,90.91289994163006,0.10204320438916745,0.13134289020155251,0.12231437418013948,0.07921555510925019,0.07276616618201544,0.0904163692865797,0.0629878976269031,0.061347645556683886,0.11447538419493915,0.16309051327276877
92,92.0,91.91892044225806,0.10276628471597749,0.13148533934151804,0.12216434271166055,0.07838602712744765,0.072040893868294,0.09046620411091019,0.06368309364231907,0.06032326906285837,0.11497206941934562,0.1637124759996687
93,93.0,92.92514968840067,0.1032806305556449,0.13098779853756837,0.12336379353923142,0.07653109627289904,0.07206762896071442,0.09058676026357215,0.06398399474719191,0.06034548807528076,0.11567983125670049,0.16317297779119622
94,94.0,93.93150451304501,0.10280708683169705,0.13142444622009955,0.12285165554661348,0.07658392289798492,0.0718857289118605,0.09056545093782949,0.06352668457004149,0.06098153406903006,0.11589730592690566,0.16347618408793746
95,95.0,94.93790881009448,0.10186465303372319,0.1311984126760423,0.1229960513706852,0.07671557314644145,0.07160137964172066,0.09074416112803593,0.06350791494323131,0.06215000663181842,0.1171305746050585,0.16209127282324273
96,96.0,95.94429358933806,0.10100465649348031,0.1312943646487187,0.123644368276079,0.0763225181616747,0.07258442788392906,0.08961055368489684,0.06306065854710899,0.06224308641886382,0.11746577108675064,0.16276959479849767
97,97.0,96.9505969547639,0.10130323700748906,0.1306320774459346,0.12423885055483269,0.0770128327140341,0.07119291157320505,0.08846050718840498,0.0629719983617705,0.06410731096789653,0.11779607105964439,0.16228420312678782
98,98.0,97.9567640140995,0.10069068685876686,0.13025110135510498,0.12498804600143953,0.07798104603271284,0.07200712204741457,0.08752244873385821,0.06270753891726241,0.06383581682062867,0.11846475382274042,0.16155143941007122
99,99.0,98.96274672736057,0.1014896294308967,0.1299350084045106,0.12452213207148694,0.07819087225351913,0.07198099462351108,0.08755389847607241,0.06205949472924051,0.06358740474239577,0.11778268357722385,0.16289788169114272
100,100.0,99.96850370202192,0.10110742186079542,0.12994141027333264,0.12490527807370602,0.07832926864028177,0.07211937783544241,0.08746442392268225,0.06222030949091455,0.06286034425231668,0.11694016260734266,0.16411200304318532
101,101.0,100.97399994219691,0.10103128204320092,0.12976468228210206,0.12567096958299082,0.07779597465660673,0.07181243274528909,0.0878950176808784,0.06287426953486727,0.06268114249241122,0.11609344754655375,0.16438078143509946
102,102.0,101.97920655893245,0.10133237140137782,0.13060555222101156,0.12580396543422193,0.07796584912561245,0.07077228543072159,0.08842512092355745,0.06267683220873223,0.06289317290964626,0.11545690322055353,0.1640679471245649
103,103.0,102.98410044840509,0.09990214002137994,0.13031679490448173,0.12583984612190804,0.0777592070259531,0.07059966605093568,0.08903579075328831,0.06441709088124374,0.062328184647528234,0.11583342974173137,0.1639678498515496
104,104.0,103.98866394444643,0.09924753747851417,0.12978184621889055,0.12604687446087448,0.07824766667071906,0.07073874996615266,0.08939370969773454,0.06451451125592503,0.06151895386809346,0.11688932981171729,0.1636208205713785
105,105.0,104.99288445143917,0.0996259077436217,0.13042715536535224,0.12498184557916162,0.07738557550273881,0.07148070841654142,0.08900532744839444,0.0637960351475471,0.06182485060142819,0.11731254889211598,0.16416004530309825
106,106.0,105.99675406321822,0.10003132281654967,0.13113338475172223,0.12513078268877448,0.07651012701603987,0.07071949515531514,0.08920009290103537,0.06430429538422516,0.061380952336070105,0.11778520036146808,0.1638043465887996
107,107.0,107.0002691731872,0.09995435311092334,0.1312249038653602,0.12551673632350463,0.07578581976792781,0.06946212638585061,0.08926051801079135,0.06448189913991166,0.06105502441657342,0.11842845979199493,0.16483015918716176
108,108.0,108.0034300804274,0.09953971628006134,0.1309435960303036,0.1257104788237098,0.07695965859210363,0.07053573390768668,0.0894533795727466,0.06343563202959852,0.06065860140736165,0.11728542009054185,0.16547778326588602
109,109.0,109.00624059613932,0.09919852548504612,0.131602785770786,0.12661503796992238,0.07688057425224411,0.0706473264852221,0.08841989555165132,0.06253587797936211,0.060472428692430205,0.11718030566198431,0.1664472421513511
110,110.0,110.00870765431864,0.09912341721110605,0.13215649736590063,0.12709906567571463,0.07737884271482257,0.07096377573286322,0.08826152514172636,0.0617117766560088,0.059641194287470715,0.11732469644605456,0.16633920876833225
111,111.0,111.01084093013685,0.09943805333404004,0.13304460953992445,0.12806972067716055,0.07677926624338825,0.07149545531196669,0.08780483741229808,0.06099291565895429,0.059204912839120535,0.11787478828047968,0.1652954407026672
112,112.0,112.01265246907188,0.0987694577037679,0.1338227985118638,0.12869603658637238,0.07564687472522988,0.071717001389733,0.0872988503652509,0.06127594342411155,0.058282131290955566,0.11826576726827549,0.16622513873443925
113,113.0,113.01415632942268,0.09938540965969186,0.13281371057706767,0.12893219624945756,0.07504877577934377,0.07230810627652472,0.08734426338279067,0.06086627915138697,0.058604533581327875,0.11780863041205832,0.16688809493035034
114,114.0,114.01536824044418,0.09982583983222026,0.13280982823844534,0.129519587526046,0.07514944328210547,0.07300850101579813,0.0871231814089004,0.06005422996303674,0.05796212273786977,0.11770191072849534,0.16684535526708233
115,115.0,115.01630527795908,0.09967203972758701,0.13249065670043214,0.13045034510107278,0.07311742281031097,0.0742502940581968,0.08778681744420415,0.059795802951396235,0.05709555410429746,0.11823474551472155,0.1671063215877807
116,116.0,116.0169855589429,0.09997807639593807,0.1328684888612987,0.13094952847190838,0.07249782920333069,0.07415693151875889,0.08703112135051987,0.058371857818025695,0.05756604495986787,0.11869616477197838,0.16788395664837333
117,117.0,117.01742795623892,0.09923334659940583,0.13276275688539835,0.1315988626493242,0.0722044295227219,0.07545319524118806,0.08612799057575479,0.05808228638201676,0.057491528546671784,0.119785435573799,0.16726016802371924
118,118.0,118.01765183424293,0.09855270465286782,0.13445616027827134,0.13121734899448864,0.07194869495657723,0.07467795367630588,0.08716935723149931,0.05753085561780384,0.05693242592267114,0.12006204023612395,0.16745245843339074
119,119.0,119.01767680610413,0.09958910546182215,0.13501755663370715,0.13051749220767836,0.0707954573863066,0.0741515918706365,0.08591664112352798,0.058421315749721786,0.05667102947265563,0.12165620649079464,0.16726360360314904
120,120.0,120.01752251271817,0.09932529886041133,0.1350647918819085,0.13043288971284578,0.0707324331593186,0.07381558938452933,0.08668100944984164,0.05899213572134117,0.05706899871343161,0.1217865121906593,0.1661003409257126
121,121.0,121.01720842354362,0.09950059203781678,0.13566207827161536,0.13158330431697657,0.07021367491477835,0.07294258173853242,0.08651611842988444,0.05900720264317912,0.05743518086055267,0.12073533924166328,0.16640392754500086
122,122.0,122.01675365905109,0.09949098851757608,0.13616620699749543,0.13174010167646444,0.0712858931110648,0.07190828129364579,0.08648534078957708,0.059665834587289815,0.05617468725756754,0.12085593385371216,0.16622673191560677
123,123.0,123.0161768344173,0.1001184838678012,0.1357615176420094,0.13174660470622707,0.07177402998937155,0.07056017345548546,0.08643476758120328,0.05960877138896096,0.05680262507462675,0.11975788408590451,0.16743514220840977
124,124.0,124.01549592390272,0.09982178586520354,0.1359565951109424,0.13155200831711475,0.0727281333585782,0.07016595704856256,0.08681742185514064,0.06002544369330501,0.0571359840813844,0.11927423720543727,0.16652243346433115
125,125.0,125.01472814520056,0.10009896971897103,0.13542228430871733,0.13183425475865018,0.07317878924779485,0.07051322585592983,0.08672316461181047,0.059364960040081856,0.0570640965001186,0.11867766335878194,0.16712259159914386
126,126.0,126.01388986291661,0.09897062806263457,0.13567913287955274,0.13257856963818404,0.07260531296534009,0.07044620691275874,0.08645583983418974,0.05920649332086905,0.056895260616101666,0.11903220572660064,0.1681303500437687
127,127.0,127.0129965102319,0.09926445758481292,0.13585780811003123,0.13333697017048673,0.07260715770855254,0.06929618541633936,0.08676946149137788,0.058939634320774016,0.05724476182153192,0.118319085901991,0.1683644774741024
128,128.0,128.01206252771334,0.1000882418744291,0.1368340612700974,0.13149212598806184,0.07343802179085991,0.0683420908505062,0.08757748954264734,0.06028710907130591,0.05714552053992141,0.1167538329162641,0.1680415061559068
129,129.0,129.0111013181695,0.09966236343538211,0.13705456468564073,0.1318129942230826,0.07351020402009499,0.06780906194540037,0.08873230618254509,0.059893858839908345,0.056401636108951866,0.11593165418815313,0.1691913563708408
130,130.0,130.01012521639834,0.09890977306790166,0.1367987901827817,0.13275797841426826,0.07282318772902266,0.06755765303733162,0.08842116645586093,0.06091976490197213,0.0563399297294868,0.11688909270620938,0.1685826637751649
131,131.0,131.0091454726403,0.09990759079090959,0.13753425253768692,0.1335709443343991,0.07344329378845943,0.06709989524516362,0.08805864660840958,0.06150381494471345,0.054894714947723966,0.11628090953687369,0.16770593726566072
132,132.0,132.0081722485317,0.10097969558982159,0.13683157299197862,0.1348198091512316,0.07322940156838953,0.06724213253048994,0.08655980482968759,0.060055856371036,0.05557889571380585,0.11675000676984418,0.16795282448371507
133,133.0,133.00721462434865,0.10150584104469086,0.13630867745734226,0.1345151711610859,0.07291435439058556,0.0664001039272422,0.08750625650914465,0.05935285367349294,0.05677437670163585,0.11744544530359292,0.16727691983118678
134,134.0,134.0062806163404,0.1013413910613887,0.13681471638746914,0.13355039601222507,0.07487222415926786,0.06676239541256873,0.08700828114128854,0.05928581081555134,0.05598500629336371,0.11799002984043339,0.16638974887644342
135,135.0,135.00537720296956,0.10050604423911282,0.1361977127989708,0.13485516562208913,0.07459554178732146,0.0665081963019605,0.08822206036808054,0.05854323155615693,0.05645378446456277,0.1170386948829791,0.16707956797876583
136,136.0,136.00451035890612,0.09960130880982926,0.13552292820350714,0.13667412253510505,0.07325319400847005,0.06616809440809734,0.08721227038067864,0.060190227039695954,0.05655698774650092,0.1181293080863073,0.16669155878180822
137,137.0,137.00368509565993,0.09958753645438297,0.13471563795597705,0.13686996425873782,0.07389915283955226,0.06460397368435358,0.08693563113667628,0.059489992681349115,0.0561330315666534,0.11951024696674242,0.168254832455575
138,138.0,138.0029055077818,0.10127591826303324,0.13412298114008986,0.13604190092846194,0.0734233701050647,0.06573875233158571,0.08674198381962885,0.05873478984164707,0.05709809004362882,0.11867317120711046,0.16814904231974925
139,139.0,139.00217482361367,0.10093021521592013,0.13428855579010424,0.13775531827702314,0.07363109130081433,0.06591704134756764,0.08672559205163714,0.05855614737280628,0.056485958235930535,0.11781273871903108,0.16789734168916537
140,140.0,140.0014954596262,0.10116118562158861,0.1337863227352116,0.13739592290691074,0.07381121655678294,0.06486645107038833,0.08616435953208126,0.05921858324670096,0.056197720367044894,0.11859331131872307,0.1688049266445675
141,141.0,141.00086907744122,0.1011299324416191,0.13472540679768172,0.13767837957901552,0.07463358664924012,0.0647732677945826,0.08514581402223194,0.05925458345429243,0.05558225458745441,0.11812113982561889,0.16895563484826318
142,142.0,142.0002966427003,0.10083081836526339,0.13328192119772836,0.13847042660708564,0.07425784131218809,0.06404229574072016,0.08567990998564377,0.060451937104161454,0.054865927019317,0.11926620897011132,0.1688527136977807
143,143.0,142.99977848500652,0.09995584979051664,0.13342460161994918,0.13858749340985116,0.07347461163355237,0.06391440378618708,0.08689216342845667,0.06074618176676142,0.05406343944698137,0.11994820161475712,0.16899305350298688
144,144.0,143.99931435823203,0.09976783797695518,0.13293877151758005,0.1388342610781554,0.07410320655793715,0.06391685607066717,0.08825772308103241,0.06099737996009953,0.053689150418938035,0.11973431108768179,0.16776050225095315
145,145.0,144.99890350055264,0.09929860156758401,0.13418560559109685,0.1387741526742814,0.07398656287613649,0.06303671656926396,0.08826188305688562,0.061010846069458946,0.0528402844029851,0.11940802837003907,0.1691973188222685
146,146.0,145.9985446936357,0.09931647114831023,0.1352763547337664,0.13891674126478962,0.07270430079719824,0.06183846797475637,0.08895523972068131,0.06326350472001245,0.05184864529667707,0.1188897587442503,0.16899051559955797
147,147.0,146.99823632047406,0.10076345541777033,0.13441659192601224,0.13942393743842463,0.073325724379847,0.061009836509263,0.09023697621531099,0.06280017076507104,0.05081518331551936,0.11849126049887375,0.1687168635339076
148,148.0,147.99797642142389,0.10107496771678039,0.13367422835168302,0.13981958369302544,0.07311367070414637,0.06163123821495925,0.0903697018072242,0.06274426257819013,0.051226811773531,0.1180861698981032,0.16825936526235694
149,149.0,148.99776274806447,0.10215289561252894,0.13300864453464373,0.140041780500553,0.0722479918292197,0.06296664198393154,0.08958930542216821,0.06349792345966151,0.051011479056294176,0.11790223495602778,0.1675811026449714
150,150.0,149.99759281456036,0.10252742409989414,0.13394577693617798,0.1394938499611093,0.0734929355755275,0.06166701864643173,0.08909062366873553,0.062490533424579206,0.05065591149053099,0.11865579648964932,0.16798012970736428
151,151.0,150.99746394626104,0.10275182190590526,0.13335027586730225,0.1409170907307617,0.07291101508862946,0.06280045159769987,0.08884005282595948,0.06195433331755981,0.05034745348535816,0.11777331299153135,0.16835419218929262
152,152.0,151.99737332532905,0.10229919277291599,0.13294819076846692,0.14176943408758147,0.07227669445989414,0.0631108010448078,0.08952795413466352,0.061312333607542714,0.05186641249924307,0.11756448348007113,0.1673245031448132
153,153.0,152.99731803323698,0.10274719701164711,0.13310964816994877,0.1419970189780219,0.0724932970495169,0.06401883296906301,0.08824123597694494,0.06088934828030484,0.05147721321154619,0.11744404430641912,0.1675821640465872
154,154.0,153.99729509002177,0.10270866492831052,0.1322801034668383,0.14115923913484077,0.07202233858861086,0.06439866929493723,0.0878001243646713,0.06109346023546859,0.05197072449537886,0.11817976093058387,0.16838691456035973
155,155.0,154.99730149022784,0.10185929277837018,0.13212515460989313,0.14071372740198906,0.07212367662459734,0.06369540331857527,0.08842853827218398,0.060580077402114636,0.05195238251560648,0.11949241271309816,0.16902933436357181
156,156.0,155.99733423551103,0.10157072721526911,0.13230970215441842,0.14098439927779716,0.07131082110165902,0.06332231386332249,0.0878933432883002,0.06011975359756891,0.05144986081104855,0.12070726480104715,0.17033181388956903
157,157.0,156.99739036391077,0.10092960821465749,0.13148887348090002,0.14030217281987992,0.07212654464754983,0.06407770822824621,0.08745500809691072,0.06095095240908879,0.051702316840340504,0.1209873590317321,0.16997945623069444
158,158.0,157.99746697583146,0.10124420172836639,0.1312185650016413,0.13975083696039992,0.07226262661907351,0.06435394941135875,0.08703424640177547,0.06067502813162013,0.051704684596445956,0.1226781088880914,0.16907775226122718
159,159.0,158.99756125680176,0.10233791374411248,0.13192078371954385,0.13740738715600254,0.07023750084565283,0.0652534955000999,0.08672408591629463,0.06092961665479921,0.052204286300061735,0.12327569494579946,0.16970923521763331
160,160.0,159.997670497107,0.10335143418571445,0.13164526070081906,0.13726313795125009,0.07060963955016684,0.06469532586015345,0.08607296769051964,0.060967462998192265,0.051771162452449115,0.12396435703200395,0.16965925157873102
161,161.0,160.99779210841066,0.10169095938701284,0.13123172338645053,0.1380887362654807,0.07081478017743037,0.06398166610213457,0.08588314914397208,0.060891979479732065,0.05218970483619005,0.12430215537723298,0.17092514584436372
162,162.0,161.99792363749984,0.10073699937223035,0.13218199624013066,0.13736710417913445,0.0698385093148447,0.06557438417616453,0.08544317710674666,0.060170722991849744,0.0529375692211488,0.12376750071629894,0.17198203668145107
163,163.0,162.9980627773051,0.09935040759306021,0.1333543236723093,0.13697749586308028,0.06861520630253343,0.06547136459629761,0.08572252774282291,0.06050700902709543,0.052664675558048296,0.12455097182408531,0.17278601782066713
164,164.0,163.9982073753568,0.09824528631838418,0.1336042209099735,0.136681531213205,0.06806946207371559,0.0660808164467605,0.08690057837894373,0.05932739209720227,0.05319822708328503,0.125608342036467,0.17228414344206305
165,165.0,164.99835543984977,0.09863894479666982,0.1321642048373471,0.13684035800931846,0.06709986289596905,0.06549151011741174,0.08671364314866602,0.05934698534659525,0.05400703239072384,0.12631864153448685,0.17337881692281182
166,166.0,165.99850514349492,0.09815371594926145,0.13239883455277407,0.1365014353015803,0.06717678139671052,0.06575209868018968,0.08560961953977998,0.05957870939202435,0.054471829653523,0.12643769097718052,0.17391928455697608
167,167.0,166.99865482534062,0.09833209126123646,0.13163067922008728,0.13499293082578515,0.06636416349720835,0.06667606141860045,0.08637243700740524,0.06024925034733107,0.05431810706018217,0.1281684897639291,0.17289578959823465
168,168.0,167.99880299074837,0.09849150858776491,0.13290587604455917,0.13519159930415475,0.06658007315232387,0.06560655423844575,0.08664734892075743,0.06129334194367737,0.05398516444744279,0.12733813555016565,0.17196039781070824
169,169.0,168.99894830970783,0.1005721478444057,0.1320135874385375,0.13616607747716192,0.06655285362240579,0.06490333384520033,0.08544471424329211,0.0615212337176785,0.05444702079797477,0.1271773851940183,0.17120164581932498
170,170.0,169.99908961367427,0.1013591568254581,0.13119395784257426,0.13743196698616972,0.06651319582386933,0.06346061507165185,0.08661355524861059,0.0604679095110322,0.053657276432927024,0.1276001133103828,0.17170225294732405
171,171.0,170.99922589110733,0.10144760775121703,0.13103854053428665,0.13796940015681924,0.06748137913378782,0.06201104344188092,0.08636132734592784,0.05901971674978583,0.05308896499433988,0.12856032635440412,0.17302169353755056
172,172.0,171.99935628188598,0.10264292906662206,0.13100864904184187,0.13821009099642845,0.06763373414309574,0.06200768795148437,0.08562448165601352,0.05842001169405694,0.05430840754542697,0.1280834836206495,0.17206052428438046
173,173.0,172.99948007076793,0.10225293088021858,0.1311674140553581,0.13837611057219812,0.06772258411051715,0.06220750668557444,0.08560672077953356,0.05824160351521082,0.05461063658422888,0.12916080835613342,0.17065368446102686
174,174.0,173.99959668005403,0.1015048459656673,0.13107802497080262,0.13869225495170015,0.06832066595019626,0.06313194198431796,0.08617848903274548,0.05847371253310043,0.05387773412733329,0.1282888518290974,0.170453478655039
175,175.0,174.99970566161096,0.10102379550807396,0.1315983197693023,0.1377238017631101,0.06714398809080531,0.06306746354991706,0.08806349881038683,0.05925919680245698,0.05323073068611561,0.1278252039258847,0.171064001093947
