Generations,Unnamed: 0.1,Intertwine_two,Add_vertex,Delete_vertex,Invert_path_vertices,Insert_inside_vertex,Delete_inside_vertex,Replace_inside_vertex,Donate_between_routes,Trim_one_terminal_cb,Grow_one_terminal_cb
0,0.0,0.1,0.1,0.1,0.1,0.1,0.1,0.1,0.1,0.1,0.1
1,1.0,0.0996328894444695,0.0975271746929533,0.1009081659011956,0.1011607905583718,0.1001733757854443,0.1007435963010858,0.1010084833298447,0.099521004870846,0.1010143339137984,0.0983101852019904
2,2.0,0.0990236094926436,0.0950792495867322,0.1015022190678155,0.1026555238487701,0.1002527546910399,0.1015168568872069,0.1016740237635433,0.0989639957829988,0.1020060863264815,0.0973256805527679
3,3.0,0.0982699579150243,0.0926945810541663,0.1020756023009581,0.1036045658382366,0.0998709599008781,0.1024505684952809,0.102256041331613,0.0991492783292001,0.1029722479833741,0.096656196851268
4,4.0,0.0977639576537975,0.0907729669190663,0.1023383528312253,0.104179905082542,0.0995993511319995,0.1031644554034501,0.102562296304718,0.0993315809944261,0.1032518874960376,0.097035246182737
5,5.0,0.0972413763863441,0.088906054533689,0.1024023363890409,0.1049449611859305,0.0995338802971443,0.1037481583578632,0.1027706284956489,0.0993656841504209,0.1039806765269896,0.097106243676928
6,6.0,0.0964876739592228,0.0880496434725783,0.1024317897097419,0.1052949061546894,0.099794148305565,0.1044254011521573,0.102388835169199,0.0988753781297803,0.1044310544540539,0.0978211694930114
7,7.0,0.0963972985681088,0.0884131686432634,0.1023564697338432,0.1053864474406712,0.099885936534607,0.104454019838976,0.1017253532705355,0.0976014241815064,0.10462770974275,0.0991521720457377
8,8.0,0.0959110731249284,0.0882573943906007,0.1021674635218648,0.1058424897197621,0.1002954098419623,0.1045177559231655,0.1007277613382188,0.0971449998553903,0.1044103570070503,0.100725295277056
9,9.0,0.095423612393536,0.0890692240920502,0.102001749925682,0.1058023280260429,0.100695547423285,0.1039086963076749,0.1000020030983002,0.0960494958413883,0.1040771764887447,0.1029701664032951
10,10.0,0.0946889291273769,0.090345442772944,0.1019086157466854,0.1050022681900931,0.1013763690960266,0.1032562646637014,0.0992299170849537,0.0956649493259512,0.1035242002641529,0.1050030437281139
11,11.0,0.0944360636652683,0.0916128865179757,0.1018141584117622,0.1043148004372025,0.1017772167850896,0.1024841990285871,0.0985073927212491,0.0938677002390788,0.1030289377201135,0.1081566444736724
12,12.0,0.094290254427081,0.0936022124916139,0.1013201182810298,0.1038682392816646,0.1008958823727341,0.1014401371056355,0.0980224234580595,0.0927119547831511,0.102525410753108,0.1113233670459216
13,13.0,0.0939127443769684,0.0951211427916623,0.100839071267741,0.1035265494364955,0.1013960995385325,0.100719242833384,0.0969675403958721,0.091322937480355,0.1021414316937609,0.1140532401852275
14,14.0,0.0936833946145934,0.0964419864446808,0.1009431476095684,0.1030880587336658,0.1016327056667934,0.1000236451379016,0.09557035322414,0.0897624390467391,0.1017698323230626,0.1170844371988541
15,15.0,0.0931288268024217,0.0987872112265367,0.1007314240895589,0.1025057152018851,0.1013668373481575,0.0994972333838155,0.0941965702617828,0.0883237671028066,0.10135679484284,0.1201056197401943
16,16.0,0.0931070628177068,0.1008517593344975,0.1003589568756667,0.1021352423276721,0.1012445431339713,0.0990400712903295,0.0926690810268364,0.0868237373675589,0.1006265215820691,0.1231430242436911
17,17.0,0.0931365780413387,0.1029006866690207,0.1003082855779974,0.1012759215855743,0.1007265187456493,0.0987548065019364,0.0914925185317451,0.084479959423505,0.1005752561882413,0.1263494687349909
18,18.0,0.0927648483112716,0.1051328485517414,0.1003242926081502,0.1000763352620556,0.1007166121305285,0.0983340525969689,0.0900702849971984,0.083188108723447,0.0999649180726673,0.1294276987459702
19,19.0,0.0930871023019913,0.1068917937914348,0.1000749253279353,0.0996186212697154,0.0999528349148303,0.0971890392972668,0.0891020463503056,0.0819847590136226,0.1001330317064205,0.1319658460264766
20,20.0,0.0927378530095884,0.1093979270507466,0.1002596392718884,0.0983857082532787,0.1003279502941413,0.0968019990637829,0.0870828951311619,0.079630680987475,0.0995471334151353,0.1358282135228007
21,21.0,0.0924643088065403,0.1114740207749947,0.0995982824456389,0.0976068917277359,0.0995887556851459,0.0965623707887701,0.0863354288564156,0.0778114685852637,0.1001634098295476,0.1383950624999464
22,22.0,0.0925355214431585,0.1129589836832309,0.0994634820833845,0.0968519642732611,0.0989362810035944,0.0957572674754798,0.085848199423377,0.0769395526799557,0.0998275519523766,0.1408811959821808
23,23.0,0.0921641318631645,0.114860149379961,0.0998463452846112,0.0960128433795077,0.0977192048091103,0.0953128899809388,0.0846185288285385,0.0759912356343073,0.0996377399396295,0.1438369309002304
24,24.0,0.0918534437808255,0.1165306349761558,0.0998837952657525,0.0951837440041272,0.0971083942024527,0.0950032941231977,0.0834250460147635,0.0754818575841366,0.0997137791511927,0.145816010897395
25,25.0,0.0925150845396083,0.1181370507723451,0.0994980204458987,0.0946442648957511,0.0958953735799079,0.0960375211288102,0.0819808356922483,0.0743910452298449,0.0997553852272675,0.1471454184883171
26,26.0,0.0939844232981557,0.1196215132107563,0.0988430057727046,0.0939340974368598,0.0943966572243587,0.0960919368342961,0.0813609369177309,0.0736867334880388,0.0990983444163627,0.1489823514007355
27,27.0,0.0937648757051094,0.1217516276477242,0.0987430267263402,0.0944188325543627,0.0929175934255899,0.0962550144943324,0.0802339540750363,0.0719393277304966,0.0993915174772032,0.1505842301638044
28,28.0,0.0938008004874907,0.1233291936363223,0.0984008668083141,0.0939592371300489,0.0917813315233689,0.0963077674567226,0.08010206539948,0.0710869969214933,0.0995763537709634,0.151655386865795
29,29.0,0.0936956419052542,0.1252139285819945,0.0979174699848308,0.0931534672948903,0.0913144202498685,0.0964077260019098,0.0791586207428336,0.0707971031250397,0.0998438760456281,0.1524977460677496
30,30.0,0.0930643036885034,0.1272691591374669,0.0983975712074819,0.0917854853899363,0.0910316480963353,0.0968141209561338,0.0785347898039558,0.0700623879601175,0.0986820975690616,0.1543584361910065
31,31.0,0.093075052678457,0.1279260397276215,0.0990012650168883,0.0921690152198428,0.0894585915671922,0.0969963322380231,0.0776190562336198,0.0694043300229199,0.0985614857331492,0.1557888315622854
32,32.0,0.0924977096916742,0.1292875353067416,0.099447879377497,0.0921006875496688,0.0888128018517984,0.0963130935442306,0.0771979635098141,0.0688393214959507,0.0987816665067013,0.1567213411659226
33,33.0,0.0933944029567085,0.1297634153598606,0.1002794484844578,0.0909763685826946,0.0886656380070147,0.0966391299371117,0.0755370259468609,0.0678532794868061,0.0994095334790137,0.1574817577594707
34,34.0,0.0935405778739692,0.1305215249989836,0.1006354810825065,0.0905367318762916,0.0878215026810325,0.0960789433247634,0.074651457099441,0.0671548139451923,0.0999276209307135,0.1591313461871056
35,35.0,0.0941158618695686,0.1317623343923574,0.1010916876539754,0.0895865948035203,0.0877676764047073,0.0955365928312462,0.0745090372823313,0.065813603690297,0.0995635082206424,0.1602531028513534
36,36.0,0.0943763380070475,0.1319494831337601,0.1017720103918791,0.0892476442695575,0.0865075598446152,0.0953018684889804,0.0747009930807243,0.0652732896769657,0.1002493391282068,0.1606214739782625
37,37.0,0.0943108495636236,0.1327515435270591,0.1033056537596439,0.089070256428345,0.0855234673450638,0.0961048794175085,0.0739921727325352,0.063717230468189,0.1001288283655902,0.161095118392441
38,38.0,0.0942162386490677,0.1341009807332806,0.1039388495270337,0.087869153933272,0.0850299108288922,0.0963744365277138,0.0731469707115421,0.0632540426851074,0.1000117528879465,0.1620576635161434
39,39.0,0.0949427128834559,0.134307430650838,0.1040037146812428,0.0876797930022288,0.0834403513589586,0.0958953254204647,0.0730060344799209,0.0632487977352327,0.1010440681735175,0.1624317716141394
40,40.0,0.0953174707184239,0.1343602862293605,0.1047191061588786,0.0867972790221483,0.0831841552055695,0.0953732800459594,0.0728140998496035,0.0628121928121645,0.1015746140569597,0.1630475159009314
41,41.0,0.0955342846436666,0.1349869292876085,0.1049453911965198,0.0868519502002832,0.0831773299049652,0.0948589624614521,0.0714303450925423,0.0617727729654767,0.1020896612420354,0.1643523730054495
42,42.0,0.0957057342575453,0.1363153937393482,0.1052146524814546,0.0864000549359697,0.0814427156434378,0.0952212901382293,0.0715808842288443,0.0616916176397169,0.1023205915745995,0.1641070653608538
43,43.0,0.0966159300796911,0.1363045093854533,0.1063590576311508,0.0855478940492926,0.0794167088707073,0.0952204032785771,0.0709299451064244,0.0619707557596049,0.1036191323586948,0.164015663480403
44,44.0,0.0972066206874727,0.1358964631454252,0.1069307322829956,0.0848140908100988,0.0788272699856161,0.0950112777129676,0.0704032485968235,0.0622210560169127,0.1045728674618301,0.164116373299857
45,45.0,0.097398241691549,0.1349945157421095,0.1077051349120799,0.0850556426983872,0.0779146962337732,0.095339362335869,0.0701790526711553,0.0626290688770104,0.1052428057456005,0.1635414790924654
46,46.0,0.0978224784398943,0.135216035728767,0.1080695409455166,0.0855335978067976,0.0781480952414974,0.0942358758686496,0.0698863551662367,0.0631728752454242,0.1053575621486102,0.1625575834086058
47,47.0,0.0981113238419765,0.1354076708285262,0.1102139897794616,0.083987476761683,0.0785909914160524,0.0935453371299782,0.0695759037716528,0.0637094161041911,0.104691799064349,0.1621660913021285
48,48.0,0.0974210687383758,0.1348077807913313,0.1108434758127715,0.084300514102862,0.0774523864235563,0.0931737895171079,0.069044476164279,0.0647318759537253,0.1052067761613632,0.163017856334627
49,49.0,0.0982394932632944,0.1338704531739203,0.1110055823284336,0.0839573275130381,0.0772705619802681,0.093028600042256,0.0694072976500801,0.0651927728248563,0.105061341890507,0.1629665693333455
50,50.0,0.0980732064107464,0.134264819358801,0.1109024820944275,0.0844357203967337,0.0765592056972729,0.0925727816152648,0.0687955141777102,0.0658320835674774,0.106035054726762,0.1625291319548036
51,51.0,0.0983619504434594,0.1340216882680442,0.111370370807395,0.0840575412769316,0.0761609465627464,0.092023584054756,0.0684434630838016,0.0676923231562891,0.1060148582531896,0.1618532740933866
52,52.0,0.098781406242983,0.1339400359060755,0.1124663434107911,0.0834998834463211,0.0762360488777484,0.0919604979895802,0.0686028896493794,0.0673838242728766,0.1062088570181359,0.160920213186108
53,53.0,0.0983458344678775,0.1339951751209878,0.1125459663185907,0.0828955487560836,0.0764771168146295,0.0921081385091905,0.068739446674353,0.06739836857602,0.1073587293961367,0.1601356753661299
54,54.0,0.0980103215039125,0.1336203954058474,0.1133647117984677,0.0829786482070984,0.0762352708317081,0.092492345818467,0.0697177869211957,0.0669097699241941,0.1073027255590989,0.1593680240300096
55,55.0,0.0975972717630229,0.134446579700869,0.1141644471143666,0.0828593859032577,0.0764585634253187,0.0923978914230117,0.06990192087441,0.0667017689031706,0.1067941209902744,0.1586780499022979
56,56.0,0.0979321270336709,0.1343098147521204,0.1151351695742665,0.083089532626794,0.0774991923985454,0.0920784319161705,0.0687116939852589,0.0660967768605173,0.1066020895740094,0.1585451712786461
57,57.0,0.0975044663336013,0.1342269056775824,0.115330950488217,0.0831427873375475,0.0775089343054612,0.0914799522918929,0.0690793502757475,0.0662598557795117,0.1064432753773861,0.1590235221330518
58,58.0,0.0972960746667588,0.1350980940803542,0.1165971328480242,0.0830256086018306,0.0766892554738139,0.0909256108649598,0.0691457357953797,0.0657827614782853,0.1063320868829429,0.15910763930765
59,59.0,0.0978804131997514,0.1353169819001601,0.1163142830562742,0.0826978161601381,0.0766371349814487,0.0906392639194488,0.0680764517499665,0.0661776523063866,0.1063913865105797,0.1598686162158453
60,60.0,0.0976674973311654,0.1349878114243065,0.1169594607460773,0.0826454057734081,0.0754457854257857,0.0898633772546308,0.0685491859937775,0.0665317236629143,0.1070165133581661,0.1603332390297678
61,61.0,0.0980974206820633,0.1351233876816815,0.1169202532466803,0.0816451533317036,0.0756430789436198,0.0899613497296544,0.0691102557571272,0.0665981882465844,0.1066631534494185,0.1602377589314665
62,62.0,0.0993706174961511,0.1338469371784876,0.1182623068314528,0.0811262077364717,0.074735218724392,0.0906024913476602,0.0686095568581193,0.0658397225518288,0.1065497756755583,0.1610571655998776
63,63.0,0.0990538885961091,0.1348793029348336,0.1179986298060102,0.0809028455520773,0.0754616983192349,0.0909247033168444,0.0683878838883906,0.0653701291763006,0.1067084902780745,0.1603124281321243
64,64.0,0.098651730589557,0.1353572027369036,0.1182082328650523,0.0797445298549663,0.0760441438222826,0.0907565039273641,0.0677520833551909,0.0651391534517254,0.1069791106486655,0.1613673087482916
65,65.0,0.0991126723995021,0.1343959323234989,0.1183444207278019,0.079865448563901,0.0762113323499825,0.0905197625297232,0.0672798346167999,0.0654950023375329,0.1073450605392783,0.1614305336119786
66,66.0,0.0986740863156335,0.1354651617618356,0.1181331054602376,0.0791906603650864,0.0761418421662564,0.0909834862806069,0.0676413785023822,0.0654371391407411,0.1072293978665396,0.16110374214068
67,67.0,0.0986473446202734,0.1348565024944364,0.1185013213721939,0.0787238000290988,0.076879380962937,0.091283216000391,0.0677150386567751,0.0656553167573499,0.1070058940199539,0.1607321850865899
68,68.0,0.0986426912674883,0.135103279341001,0.1191382178245481,0.0781209544054906,0.0762273557756722,0.0918398688062599,0.0678796425562324,0.064983306229937,0.1067490337318416,0.1613156500615284
69,69.0,0.0981061142258398,0.1357842502003135,0.1196671443784624,0.0771471610158629,0.0765588480178513,0.0919630794632831,0.0674541487887264,0.0642079382784046,0.1074674826133909,0.1616438330178644
70,70.0,0.0981667593638481,0.1369170244620464,0.1189532853904747,0.0776273569782612,0.0750945742255955,0.0920129319103931,0.0668251310512151,0.0636251005904031,0.1081435024321007,0.1626343335956615
71,71.0,0.0986709788478287,0.1373802305821687,0.1193769300560308,0.0783908644945315,0.0746624741648916,0.0915989408876888,0.0661500943274803,0.0643516232062122,0.1075303935504331,0.1618874698827336
72,72.0,0.0990778659435867,0.1376237173831684,0.1185204508899576,0.0781039667086016,0.0759013496489522,0.091041560321078,0.0650806544263872,0.0636525479639455,0.1087358610132689,0.1622620257010532
73,73.0,0.0979546848324873,0.1369777914279499,0.1181993662405999,0.0782070403492739,0.0760636226661517,0.0916714707914149,0.0662696568054071,0.0632450782297841,0.109545770010725,0.1618655186462054
74,74.0,0.0980195679741394,0.1367385313111985,0.1180542019652781,0.0775363777907119,0.0758896163017662,0.0913838984386428,0.0667803241367569,0.0635037119897186,0.1101611338351259,0.161932636256661
75,75.0,0.0987456139746855,0.1365923251924778,0.119193670686303,0.0773228634888654,0.0753607174709296,0.0909569654949198,0.0666239912066243,0.0626772937602939,0.1105028540513065,0.1620237046735935
76,76.0,0.0990811547987275,0.135581037245275,0.1175884165962526,0.0779006607690501,0.0755368452179554,0.091240860720234,0.0659269939111076,0.0632814281960656,0.1120233941622365,0.161839208383095
77,77.0,0.099502565881543,0.1344765017901513,0.1183768438423892,0.0781433488830698,0.0753075961030224,0.0906769178528707,0.0658285226702209,0.062865954345731,0.1117966016397956,0.1630251469912054
78,78.0,0.0994511070819295,0.1337338634310098,0.1189745246278376,0.0783207761498593,0.075773257434832,0.0904893966686315,0.0658927673941142,0.0629920644694903,0.1120082338053815,0.1623640089369135
79,79.0,0.0991125971503228,0.1337430655383121,0.1193688688740058,0.07892325273544,0.076185926636175,0.0913734922056511,0.0653189547469116,0.0620237981202169,0.1118635813867536,0.1620864626062104
80,80.0,0.1003820532429413,0.1331425272719336,0.1201023792486831,0.0783734694155465,0.0757282730229719,0.0908171642096997,0.0659618932086665,0.061187709866361,0.1127789073619252,0.1615256231512706
81,81.0,0.1000325116316761,0.1326509972091111,0.1204317693478066,0.0778700533848541,0.0748369658713167,0.0916967660714892,0.0660275175160947,0.0612800111205915,0.1135286016912388,0.1616448061558204
82,82.0,0.1002174155677359,0.1319583855221698,0.1205941628385049,0.0779261290923038,0.0747150075751818,0.0925169369604876,0.0655837193252442,0.0603961879882182,0.1135318633769872,0.162560191753166
83,83.0,0.0991357799491379,0.1328109985971425,0.120704336298514,0.0771278542274618,0.0745812391585993,0.092574567360125,0.0658847303008824,0.0599225403175599,0.1141842144614979,0.1630737393290785
84,84.0,0.0990988100956171,0.1329635063740372,0.1210621696856751,0.0778691492696764,0.0733360338655464,0.0924049267701302,0.0657353598921331,0.0598347750146657,0.1144305795256457,0.1632646895068725
85,85.0,0.099296424636084,0.1328212133717143,0.1197980668705371,0.0791915903507804,0.0727459623120984,0.0916368056966023,0.0660759284268438,0.0600163335478185,0.1140385130156642,0.1643791617718563
86,86.0,0.0996476949203808,0.1328191395355184,0.1199877706120137,0.0786864591377928,0.0715232675635647,0.0911903144629117,0.0663415232982235,0.0596541801397154,0.1148506007792565,0.1652990495506217
87,87.0,0.0998177327220359,0.1330094136895135,0.1206224997949229,0.0787693421029772,0.0714507756024583,0.0914162255034409,0.064643124847611,0.0601231336811837,0.1149070038535449,0.165240748202311
88,88.0,0.1008430061761894,0.13279958577544,0.1202631507144988,0.0784492858950657,0.0708363417307698,0.0912758363010013,0.064838253361028,0.0603269129024577,0.114845944613957,0.1655216825295914
89,89.0,0.1020335460672478,0.1320599844791188,0.1205655202513365,0.0783756222038141,0.0719345959284988,0.0912958570036041,0.0640469943003781,0.06030871977155,0.1145593597769794,0.1648198002174717
90,90.0,0.1018198380461691,0.1319168047596318,0.1213750000438388,0.0790462173737473,0.0726454762028866,0.0910610173079599,0.0636571624145938,0.060641048840968,0.1139889151066196,0.1638485199035843
91,91.0,0.1020432043891674,0.1313428902015525,0.1223143741801394,0.0792155551092501,0.0727661661820154,0.0904163692865797,0.0629878976269031,0.0613476455566838,0.1144753841949391,0.1630905132727687
92,92.0,0.1027662847159774,0.131485339341518,0.1221643427116605,0.0783860271274476,0.072040893868294,0.0904662041109101,0.063683093642319,0.0603232690628583,0.1149720694193456,0.1637124759996687
93,93.0,0.1032806305556449,0.1309877985375683,0.1233637935392314,0.076531096272899,0.0720676289607144,0.0905867602635721,0.0639839947471919,0.0603454880752807,0.1156798312567004,0.1631729777911962
94,94.0,0.102807086831697,0.1314244462200995,0.1228516555466134,0.0765839228979849,0.0718857289118605,0.0905654509378294,0.0635266845700414,0.06098153406903,0.1158973059269056,0.1634761840879374
95,95.0,0.1018646530337231,0.1311984126760423,0.1229960513706852,0.0767155731464414,0.0716013796417206,0.0907441611280359,0.0635079149432313,0.0621500066318184,0.1171305746050585,0.1620912728232427
96,96.0,0.1010046564934803,0.1312943646487187,0.123644368276079,0.0763225181616747,0.072584427883929,0.0896105536848968,0.0630606585471089,0.0622430864188638,0.1174657710867506,0.1627695947984976
97,97.0,0.101303237007489,0.1306320774459346,0.1242388505548326,0.0770128327140341,0.071192911573205,0.0884605071884049,0.0629719983617705,0.0641073109678965,0.1177960710596443,0.1622842031267878
98,98.0,0.1006906868587668,0.1302511013551049,0.1249880460014395,0.0779810460327128,0.0720071220474145,0.0875224487338582,0.0627075389172624,0.0638358168206286,0.1184647538227404,0.1615514394100712
99,99.0,0.1014896294308967,0.1299350084045106,0.1245221320714869,0.0781908722535191,0.071980994623511,0.0875538984760724,0.0620594947292405,0.0635874047423957,0.1177826835772238,0.1628978816911427
100,100.0,0.1011074218607954,0.1299414102733326,0.124905278073706,0.0783292686402817,0.0721193778354424,0.0874644239226822,0.0622203094909145,0.0628603442523166,0.1169401626073426,0.1641120030431853
101,101.0,0.1010312820432009,0.129764682282102,0.1256709695829908,0.0777959746566067,0.071812432745289,0.0878950176808784,0.0628742695348672,0.0626811424924112,0.1160934475465537,0.1643807814350994
102,102.0,0.1013323714013778,0.1306055522210115,0.1258039654342219,0.0779658491256124,0.0707722854307215,0.0884251209235574,0.0626768322087322,0.0628931729096462,0.1154569032205535,0.1640679471245649
103,103.0,0.0999021400213799,0.1303167949044817,0.125839846121908,0.0777592070259531,0.0705996660509356,0.0890357907532883,0.0644170908812437,0.0623281846475282,0.1158334297417313,0.1639678498515496
104,104.0,0.0992475374785141,0.1297818462188905,0.1260468744608744,0.078247666670719,0.0707387499661526,0.0893937096977345,0.064514511255925,0.0615189538680934,0.1168893298117172,0.1636208205713785
105,105.0,0.0996259077436217,0.1304271553653522,0.1249818455791616,0.0773855755027388,0.0714807084165414,0.0890053274483944,0.0637960351475471,0.0618248506014281,0.1173125488921159,0.1641600453030982
106,106.0,0.1000313228165496,0.1311333847517222,0.1251307826887744,0.0765101270160398,0.0707194951553151,0.0892000929010353,0.0643042953842251,0.0613809523360701,0.117785200361468,0.1638043465887996
107,107.0,0.0999543531109233,0.1312249038653602,0.1255167363235046,0.0757858197679278,0.0694621263858506,0.0892605180107913,0.0644818991399116,0.0610550244165734,0.1184284597919949,0.1648301591871617
108,108.0,0.0995397162800613,0.1309435960303036,0.1257104788237098,0.0769596585921036,0.0705357339076866,0.0894533795727466,0.0634356320295985,0.0606586014073616,0.1172854200905418,0.165477783265886
109,109.0,0.0991985254850461,0.131602785770786,0.1266150379699223,0.0768805742522441,0.0706473264852221,0.0884198955516513,0.0625358779793621,0.0604724286924302,0.1171803056619843,0.1664472421513511
110,110.0,0.099123417211106,0.1321564973659006,0.1270990656757146,0.0773788427148225,0.0709637757328632,0.0882615251417263,0.0617117766560088,0.0596411942874707,0.1173246964460545,0.1663392087683322
111,111.0,0.09943805333404,0.1330446095399244,0.1280697206771605,0.0767792662433882,0.0714954553119666,0.087804837412298,0.0609929156589542,0.0592049128391205,0.1178747882804796,0.1652954407026672
112,112.0,0.0987694577037679,0.1338227985118638,0.1286960365863723,0.0756468747252298,0.071717001389733,0.0872988503652509,0.0612759434241115,0.0582821312909555,0.1182657672682754,0.1662251387344392
113,113.0,0.0993854096596918,0.1328137105770676,0.1289321962494575,0.0750487757793437,0.0723081062765247,0.0873442633827906,0.0608662791513869,0.0586045335813278,0.1178086304120583,0.1668880949303503
114,114.0,0.0998258398322202,0.1328098282384453,0.129519587526046,0.0751494432821054,0.0730085010157981,0.0871231814089004,0.0600542299630367,0.0579621227378697,0.1177019107284953,0.1668453552670823
115,115.0,0.099672039727587,0.1324906567004321,0.1304503451010727,0.0731174228103109,0.0742502940581968,0.0877868174442041,0.0597958029513962,0.0570955541042974,0.1182347455147215,0.1671063215877807
116,116.0,0.099978076395938,0.1328684888612987,0.1309495284719083,0.0724978292033306,0.0741569315187588,0.0870311213505198,0.0583718578180256,0.0575660449598678,0.1186961647719783,0.1678839566483733
117,117.0,0.0992333465994058,0.1327627568853983,0.1315988626493242,0.0722044295227219,0.075453195241188,0.0861279905757547,0.0580822863820167,0.0574915285466717,0.119785435573799,0.1672601680237192
118,118.0,0.0985527046528678,0.1344561602782713,0.1312173489944886,0.0719486949565772,0.0746779536763058,0.0871693572314993,0.0575308556178038,0.0569324259226711,0.1200620402361239,0.1674524584333907
119,119.0,0.0995891054618221,0.1350175566337071,0.1305174922076783,0.0707954573863066,0.0741515918706365,0.0859166411235279,0.0584213157497217,0.0566710294726556,0.1216562064907946,0.167263603603149
120,120.0,0.0993252988604113,0.1350647918819085,0.1304328897128457,0.0707324331593186,0.0738155893845293,0.0866810094498416,0.0589921357213411,0.0570689987134316,0.1217865121906593,0.1661003409257126
121,121.0,0.0995005920378167,0.1356620782716153,0.1315833043169765,0.0702136749147783,0.0729425817385324,0.0865161184298844,0.0590072026431791,0.0574351808605526,0.1207353392416632,0.1664039275450008
122,122.0,0.099490988517576,0.1361662069974954,0.1317401016764644,0.0712858931110648,0.0719082812936457,0.086485340789577,0.0596658345872898,0.0561746872575675,0.1208559338537121,0.1662267319156067
123,123.0,0.1001184838678012,0.1357615176420094,0.131746604706227,0.0717740299893715,0.0705601734554854,0.0864347675812032,0.0596087713889609,0.0568026250746267,0.1197578840859045,0.1674351422084097
124,124.0,0.0998217858652035,0.1359565951109424,0.1315520083171147,0.0727281333585782,0.0701659570485625,0.0868174218551406,0.060025443693305,0.0571359840813844,0.1192742372054372,0.1665224334643311
125,125.0,0.100098969718971,0.1354222843087173,0.1318342547586501,0.0731787892477948,0.0705132258559298,0.0867231646118104,0.0593649600400818,0.0570640965001186,0.1186776633587819,0.1671225915991438
126,126.0,0.0989706280626345,0.1356791328795527,0.132578569638184,0.07260531296534,0.0704462069127587,0.0864558398341897,0.059206493320869,0.0568952606161016,0.1190322057266006,0.1681303500437687
127,127.0,0.0992644575848129,0.1358578081100312,0.1333369701704867,0.0726071577085525,0.0692961854163393,0.0867694614913778,0.058939634320774,0.0572447618215319,0.118319085901991,0.1683644774741024
128,128.0,0.1000882418744291,0.1368340612700974,0.1314921259880618,0.0734380217908599,0.0683420908505062,0.0875774895426473,0.0602871090713059,0.0571455205399214,0.1167538329162641,0.1680415061559068
129,129.0,0.0996623634353821,0.1370545646856407,0.1318129942230826,0.0735102040200949,0.0678090619454003,0.088732306182545,0.0598938588399083,0.0564016361089518,0.1159316541881531,0.1691913563708408
130,130.0,0.0989097730679016,0.1367987901827817,0.1327579784142682,0.0728231877290226,0.0675576530373316,0.0884211664558609,0.0609197649019721,0.0563399297294868,0.1168890927062093,0.1685826637751649
131,131.0,0.0999075907909095,0.1375342525376869,0.1335709443343991,0.0734432937884594,0.0670998952451636,0.0880586466084095,0.0615038149447134,0.0548947149477239,0.1162809095368736,0.1677059372656607
132,132.0,0.1009796955898215,0.1368315729919786,0.1348198091512316,0.0732294015683895,0.0672421325304899,0.0865598048296875,0.060055856371036,0.0555788957138058,0.1167500067698441,0.167952824483715
133,133.0,0.1015058410446908,0.1363086774573422,0.1345151711610859,0.0729143543905855,0.0664001039272422,0.0875062565091446,0.0593528536734929,0.0567743767016358,0.1174454453035929,0.1672769198311867
134,134.0,0.1013413910613887,0.1368147163874691,0.133550396012225,0.0748722241592678,0.0667623954125687,0.0870082811412885,0.0592858108155513,0.0559850062933637,0.1179900298404333,0.1663897488764434
135,135.0,0.1005060442391128,0.1361977127989708,0.1348551656220891,0.0745955417873214,0.0665081963019605,0.0882220603680805,0.0585432315561569,0.0564537844645627,0.1170386948829791,0.1670795679787658
136,136.0,0.0996013088098292,0.1355229282035071,0.136674122535105,0.07325319400847,0.0661680944080973,0.0872122703806786,0.0601902270396959,0.0565569877465009,0.1181293080863073,0.1666915587818082
137,137.0,0.0995875364543829,0.134715637955977,0.1368699642587378,0.0738991528395522,0.0646039736843535,0.0869356311366762,0.0594899926813491,0.0561330315666534,0.1195102469667424,0.168254832455575
138,138.0,0.1012759182630332,0.1341229811400898,0.1360419009284619,0.0734233701050647,0.0657387523315857,0.0867419838196288,0.058734789841647,0.0570980900436288,0.1186731712071104,0.1681490423197492
139,139.0,0.1009302152159201,0.1342885557901042,0.1377553182770231,0.0736310913008143,0.0659170413475676,0.0867255920516371,0.0585561473728062,0.0564859582359305,0.117812738719031,0.1678973416891653
140,140.0,0.1011611856215886,0.1337863227352116,0.1373959229069107,0.0738112165567829,0.0648664510703883,0.0861643595320812,0.0592185832467009,0.0561977203670448,0.118593311318723,0.1688049266445675
141,141.0,0.1011299324416191,0.1347254067976817,0.1376783795790155,0.0746335866492401,0.0647732677945826,0.0851458140222319,0.0592545834542924,0.0555822545874544,0.1181211398256188,0.1689556348482631
142,142.0,0.1008308183652633,0.1332819211977283,0.1384704266070856,0.074257841312188,0.0640422957407201,0.0856799099856437,0.0604519371041614,0.054865927019317,0.1192662089701113,0.1688527136977807
143,143.0,0.0999558497905166,0.1334246016199491,0.1385874934098511,0.0734746116335523,0.063914403786187,0.0868921634284566,0.0607461817667614,0.0540634394469813,0.1199482016147571,0.1689930535029868
144,144.0,0.0997678379769551,0.13293877151758,0.1388342610781554,0.0741032065579371,0.0639168560706671,0.0882577230810324,0.0609973799600995,0.053689150418938,0.1197343110876817,0.1677605022509531
145,145.0,0.099298601567584,0.1341856055910968,0.1387741526742814,0.0739865628761364,0.0630367165692639,0.0882618830568856,0.0610108460694589,0.0528402844029851,0.119408028370039,0.1691973188222685
146,146.0,0.0993164711483102,0.1352763547337664,0.1389167412647896,0.0727043007971982,0.0618384679747563,0.0889552397206813,0.0632635047200124,0.051848645296677,0.1188897587442503,0.1689905155995579
147,147.0,0.1007634554177703,0.1344165919260122,0.1394239374384246,0.073325724379847,0.061009836509263,0.0902369762153109,0.062800170765071,0.0508151833155193,0.1184912604988737,0.1687168635339076
148,148.0,0.1010749677167803,0.133674228351683,0.1398195836930254,0.0731136707041463,0.0616312382149592,0.0903697018072242,0.0627442625781901,0.051226811773531,0.1180861698981032,0.1682593652623569
149,149.0,0.1021528956125289,0.1330086445346437,0.140041780500553,0.0722479918292197,0.0629666419839315,0.0895893054221682,0.0634979234596615,0.0510114790562941,0.1179022349560277,0.1675811026449714
150,150.0,0.1025274240998941,0.1339457769361779,0.1394938499611093,0.0734929355755275,0.0616670186464317,0.0890906236687355,0.0624905334245792,0.0506559114905309,0.1186557964896493,0.1679801297073642
151,151.0,0.1027518219059052,0.1333502758673022,0.1409170907307617,0.0729110150886294,0.0628004515976998,0.0888400528259594,0.0619543333175598,0.0503474534853581,0.1177733129915313,0.1683541921892926
152,152.0,0.1022991927729159,0.1329481907684669,0.1417694340875814,0.0722766944598941,0.0631108010448078,0.0895279541346635,0.0613123336075427,0.051866412499243,0.1175644834800711,0.1673245031448132
153,153.0,0.1027471970116471,0.1331096481699487,0.1419970189780219,0.0724932970495169,0.064018832969063,0.0882412359769449,0.0608893482803048,0.0514772132115461,0.1174440443064191,0.1675821640465872
154,154.0,0.1027086649283105,0.1322801034668383,0.1411592391348407,0.0720223385886108,0.0643986692949372,0.0878001243646713,0.0610934602354685,0.0519707244953788,0.1181797609305838,0.1683869145603597
155,155.0,0.1018592927783701,0.1321251546098931,0.140713727401989,0.0721236766245973,0.0636954033185752,0.0884285382721839,0.0605800774021146,0.0519523825156064,0.1194924127130981,0.1690293343635718
156,156.0,0.1015707272152691,0.1323097021544184,0.1409843992777971,0.071310821101659,0.0633223138633224,0.0878933432883002,0.0601197535975689,0.0514498608110485,0.1207072648010471,0.170331813889569
157,157.0,0.1009296082146574,0.1314888734809,0.1403021728198799,0.0721265446475498,0.0640777082282462,0.0874550080969107,0.0609509524090887,0.0517023168403405,0.1209873590317321,0.1699794562306944
158,158.0,0.1012442017283663,0.1312185650016413,0.1397508369603999,0.0722626266190735,0.0643539494113587,0.0870342464017754,0.0606750281316201,0.0517046845964459,0.1226781088880914,0.1690777522612271
159,159.0,0.1023379137441124,0.1319207837195438,0.1374073871560025,0.0702375008456528,0.0652534955000999,0.0867240859162946,0.0609296166547992,0.0522042863000617,0.1232756949457994,0.1697092352176333
160,160.0,0.1033514341857144,0.131645260700819,0.13726313795125,0.0706096395501668,0.0646953258601534,0.0860729676905196,0.0609674629981922,0.0517711624524491,0.1239643570320039,0.169659251578731
161,161.0,0.1016909593870128,0.1312317233864505,0.1380887362654807,0.0708147801774303,0.0639816661021345,0.085883149143972,0.060891979479732,0.05218970483619,0.1243021553772329,0.1709251458443637
162,162.0,0.1007369993722303,0.1321819962401306,0.1373671041791344,0.0698385093148447,0.0655743841761645,0.0854431771067466,0.0601707229918497,0.0529375692211488,0.1237675007162989,0.171982036681451
163,163.0,0.0993504075930602,0.1333543236723093,0.1369774958630802,0.0686152063025334,0.0654713645962976,0.0857225277428229,0.0605070090270954,0.0526646755580482,0.1245509718240853,0.1727860178206671
164,164.0,0.0982452863183841,0.1336042209099735,0.136681531213205,0.0680694620737155,0.0660808164467605,0.0869005783789437,0.0593273920972022,0.053198227083285,0.125608342036467,0.172284143442063
165,165.0,0.0986389447966698,0.1321642048373471,0.1368403580093184,0.067099862895969,0.0654915101174117,0.086713643148666,0.0593469853465952,0.0540070323907238,0.1263186415344868,0.1733788169228118
166,166.0,0.0981537159492614,0.132398834552774,0.1365014353015803,0.0671767813967105,0.0657520986801896,0.0856096195397799,0.0595787093920243,0.054471829653523,0.1264376909771805,0.173919284556976
167,167.0,0.0983320912612364,0.1316306792200872,0.1349929308257851,0.0663641634972083,0.0666760614186004,0.0863724370074052,0.060249250347331,0.0543181070601821,0.1281684897639291,0.1728957895982346
168,168.0,0.0984915085877649,0.1329058760445591,0.1351915993041547,0.0665800731523238,0.0656065542384457,0.0866473489207574,0.0612933419436773,0.0539851644474427,0.1273381355501656,0.1719603978107082
169,169.0,0.1005721478444057,0.1320135874385375,0.1361660774771619,0.0665528536224057,0.0649033338452003,0.0854447142432921,0.0615212337176785,0.0544470207979747,0.1271773851940183,0.1712016458193249
170,170.0,0.1013591568254581,0.1311939578425742,0.1374319669861697,0.0665131958238693,0.0634606150716518,0.0866135552486105,0.0604679095110322,0.053657276432927,0.1276001133103828,0.171702252947324
171,171.0,0.101447607751217,0.1310385405342866,0.1379694001568192,0.0674813791337878,0.0620110434418809,0.0863613273459278,0.0590197167497858,0.0530889649943398,0.1285603263544041,0.1730216935375505
172,172.0,0.102642929066622,0.1310086490418418,0.1382100909964284,0.0676337341430957,0.0620076879514843,0.0856244816560135,0.0584200116940569,0.0543084075454269,0.1280834836206495,0.1720605242843804
173,173.0,0.1022529308802185,0.1311674140553581,0.1383761105721981,0.0677225841105171,0.0622075066855744,0.0856067207795335,0.0582416035152108,0.0546106365842288,0.1291608083561334,0.1706536844610268
174,174.0,0.1015048459656673,0.1310780249708026,0.1386922549517001,0.0683206659501962,0.0631319419843179,0.0861784890327454,0.0584737125331004,0.0538777341273332,0.1282888518290974,0.170453478655039
175,175.0,0.1010237955080739,0.1315983197693023,0.1377238017631101,0.0671439880908053,0.063067463549917,0.0880634988103868,0.0592591968024569,0.0532307306861156,0.1278252039258847,0.171064001093947
176,176.0,0.1013160263498767,0.1311691315873785,0.1378249496088846,0.0673022130739553,0.0652811348556487,0.0877696049906455,0.0589681169562169,0.0532640299833956,0.1273508984084297,0.1697538941855679
177,177.0,0.1003313237074617,0.1305890111976575,0.1396390865714619,0.0682092701519806,0.0648943884433204,0.0874190359671301,0.0595838049817809,0.052281325460081,0.1264829328162522,0.1705698207028732
178,178.0,0.1003948248003008,0.1305126192315163,0.1389958502697036,0.0680612329341115,0.065067432652955,0.0883738107082191,0.0603281708918925,0.0528382627184128,0.1269313873451241,0.1684964084477637
179,179.0,0.1017948483650479,0.130656111062814,0.139369415608946,0.0684542714902994,0.0640587074869243,0.0878945751585046,0.0602418490302273,0.051917951604545,0.1269466975876119,0.168665572605079
180,180.0,0.1016890272376486,0.13087054119975,0.1398372485217881,0.0682876750891488,0.0640322213911355,0.0879041060132768,0.0599364357625739,0.0508331723878925,0.1272316361342817,0.1693779362625037
181,181.0,0.1006449728958581,0.1305443264761481,0.1401442286633428,0.0688450332480033,0.0644225516503762,0.0879614317199837,0.059832132257559,0.0503706811290481,0.1266774277937402,0.1705572141659401
182,182.0,0.1003909744985482,0.1307565879750016,0.1394695932550127,0.0681341226092661,0.0644487596935988,0.0872404266917785,0.0589143500666517,0.0504162481281552,0.1274854835383512,0.1727434535436356
183,183.0,0.1008368157714338,0.1305122952978326,0.140189302835487,0.0667251978726524,0.0644331676750115,0.0863220978417469,0.0597262531761972,0.0505474141742353,0.1272528811645653,0.1734545741908376
184,184.0,0.1009784397381301,0.1318724499185579,0.1407243993138322,0.0660671863288561,0.0647789458340016,0.0854640079905653,0.0587696829884117,0.0504398692432819,0.1277622687541506,0.1731427498902121
185,185.0,0.0991062554090143,0.1323532218477343,0.1410669267791371,0.0662087113691561,0.0648968273308095,0.0851132057317198,0.0590997697805519,0.0514143127967989,0.1282423977960437,0.1724983711590338
186,186.0,0.0993763356750963,0.1319990679084261,0.1415419670425985,0.0666551367029704,0.0649597624125487,0.084302735730703,0.0580576949595987,0.0529771591393553,0.1270933958106755,0.1730367446180271
187,187.0,0.0995775785735864,0.1324208273589224,0.141637719353586,0.0659956815967579,0.0644848344240403,0.0855921348997546,0.0584722211294747,0.0525550643071528,0.1259666847081926,0.1732972536485318
188,188.0,0.0982083842435401,0.1329073848657061,0.1420347316454998,0.0658398051727756,0.0642546268592833,0.0872063668878738,0.0578681889805118,0.0518863239437467,0.12791744370017,0.1718767437008921
189,189.0,0.0991990771181118,0.1327104486269923,0.1430540024364502,0.0658269478705381,0.0636142515376266,0.0863272002624087,0.057871606545191,0.051252733265148,0.1282645722737873,0.1718791600637454
190,190.0,0.0997876377736459,0.1321556387927517,0.1440134796186199,0.0662413562001028,0.063497268816523,0.085651490715934,0.0578904955963224,0.0507506412989099,0.1288420691756151,0.1711699220115748
191,191.0,0.0993348158957792,0.1317702778562052,0.1445135488921345,0.0668530066159086,0.0643305248391407,0.0864964608587854,0.057898839108621,0.049607978947043,0.1298117613527121,0.1693827856336698
192,192.0,0.0990172829266217,0.1313630723014102,0.1450343662239292,0.0670536518046352,0.064294802108897,0.0853447092578829,0.0582159967037458,0.0508494266634167,0.1291334056565943,0.1696932863528663
193,193.0,0.0985171812206766,0.1313290695046553,0.1463018598288527,0.065858452565333,0.0647261610668741,0.0849242409907944,0.0583761479374388,0.0508615541476169,0.1291304812703947,0.1699748514673628
194,194.0,0.1004938531630132,0.1319346951233719,0.1468451459278908,0.0650128901849309,0.0643123355394302,0.0837069777026332,0.0578356196059572,0.0510174369471328,0.1290428500645699,0.1697981957410692
195,195.0,0.1015376805086687,0.1314344084966857,0.1478337323088362,0.0642946341932893,0.0636882331070995,0.0833540513497467,0.0580648699387506,0.0506061619979869,0.1282508793366817,0.170935348762254
196,196.0,0.1012337176288152,0.1310592299694652,0.1478376203474561,0.0651491054221996,0.0633678556579625,0.0834051026921714,0.0581099027555421,0.0502516006487512,0.1284526457500864,0.1711332191275497
197,197.0,0.1010592607321428,0.131356886613439,0.1486011647086297,0.0641153119722749,0.0626222584240653,0.084874551737345,0.0581748240679294,0.0494156102316379,0.1284298053116516,0.1713503262008839
198,198.0,0.1025595094536841,0.1311827261923383,0.1478041444250606,0.0644288018621628,0.0624171064995262,0.0856008691732568,0.0581238993901066,0.0483273685189109,0.1279803631061276,0.1715752113788256
199,199.0,0.1024881212031735,0.1315909403511953,0.1471547572915586,0.0638619699291478,0.0608397319758257,0.0867330909814293,0.0582289042136243,0.0498316029338761,0.1282160006648094,0.1710548804553596
200,200.0,0.1015223355367027,0.1324840104799686,0.1468788294536632,0.0639753578860144,0.0604361473356093,0.0867199651737371,0.0588701499298287,0.0485050156359177,0.1290453586060541,0.1715628299625037
